0 0.5907860560030591 0.4846271202830513 0.04147047970746058 0.04961956677218957
0 0.5959429346548595 0.6009424420698058 0.04147047970746058 0.04961956677218957
0 0.5956877901747465 0.5415447100164945 0.04300570616851011 0.04810253087881229
0 0.6400105344927036 0.5730842150310596 0.04147047970746058 0.04961956677218975
0 0.5881326144450456 0.42217258438967403 0.04637616801906326 0.06225595909205772
0 0.5455008295420095 0.48750807937510904 0.030532979707460585 0.04930131802583091
0 0.5092320929346901 0.514357735880742 0.03522047970746058 0.04943771034569906
0 0.5487991534052714 0.542127383215175 0.033603432629560004 0.04626724623907634
0 0.6373843664736404 0.5121921791376822 0.039907979707460586 0.049574102665567034
0 0.469865629866321 0.5428608205996204 0.04155230032431163 0.05430706677218957
0 0.5513571375769588 0.5991131691085524 0.035275026785361166 0.05256271034569906
0 0.5109815535674271 0.5698037538274306 0.03670115909060954 0.04479567445232178
0 0.5450956805976697 0.4195165973217977 0.03560230925276535 0.07131271034569905
0 0.5058519484545771 0.45505093204067604 0.03840002678536116 0.05265363855894432
0 0.6433906789728165 0.6323910188711255 0.04314207386326192 0.05591503087881229
0 0.5541878571381496 0.6717239550019297 0.04346935633066593 0.0746650308788123
0 0.6895877946389735 0.5474106136191337 0.051090941558013546 0.06395485141192588
0 0.6371564955324779 0.45435694708437085 0.04462275324641087 0.05127299498543501
0 0.5128673818949159 0.6330622717741193 0.0385091209411625 0.058903638558944316
0 0.5985691026739227 0.6618344779631833 0.04157957386326192 0.05586956677218975