0 0.49296875 0.41875 0.04765625 0.0375
0 0.37734375 0.421875 0.04609375 0.0375
0 0.43671875 0.41875 0.0453125 0.0390625
0 0.4015625 0.3765625 0.04609375 0.0359375
0 0.55546875 0.4171875 0.059375 0.0421875
0 0.49453125 0.4640625 0.046875 0.0265625
0 0.4703125 0.50234375 0.04765625 0.0296875
0 0.43984375 0.46484375 0.0421875 0.03125
0 0.46171875 0.375 0.046875 0.0359375
0 0.4453125 0.54296875 0.05078125 0.0359375
0 0.3828125 0.46640625 0.04921875 0.03125
0 0.41484375 0.5046875 0.04140625 0.03359375
0 0.5609375 0.4609375 0.0671875 0.0296875
0 0.52890625 0.5015625 0.05 0.03515625
0 0.3421875 0.37734375 0.0515625 0.0390625
0 0.3109375 0.46875 0.07109375 0.0390625
0 0.4234375 0.32578125 0.06015625 0.04765625
0 0.51953125 0.3703125 0.0484375 0.04140625
0 0.35234375 0.50703125 0.05703125 0.034375
0 0.31640625 0.4234375 0.0515625 0.0359375