0 0.587161628207325 0.43535795498228447 0.04466183664159899 0.05484400889724857
0 0.6389809933849715 0.39425811110406406 0.04629711124870504 0.05647017589344294
0 0.5848221863128769 0.3683932894689649 0.039756012820281586 0.04996550790866543
0 0.5783945579006641 0.30549404144613124 0.04927656203449331 0.0534725098858317
0 0.5472407954946672 0.5056041293928527 0.04288101282028158 0.05009284190105419
0 0.57285734139911 0.24021920992520038 0.056035984284234355 0.0646646778706093
0 0.6343341887940762 0.3266076960850359 0.04607878742738745 0.051782675893442945
0 0.6280884968996281 0.2598021980622023 0.04673375889134022 0.06584517589344294
0 0.6452994598865255 0.45950110912689757 0.04629711124870504 0.05647017589344294
0 0.6846959077768295 0.350287935210621 0.0526198858558109 0.05828734387822045
0 0.5248372183635808 0.24997355330912932 0.046006012820281585 0.050220175893442943
0 0.4800127158823814 0.2915681457044751 0.04927656203449331 0.0534725098858317
0 0.4865131189017001 0.3529048937273087 0.04927656203449331 0.0534725098858317
0 0.4456312537240536 0.3935590686321685 0.03982878742738745 0.05152800790866543
0 0.4984415765119139 0.48186022327107325 0.046006012820281585 0.050220175893442943
0 0.4927951980997012 0.41892914175014234 0.04302656203449331 0.053217841901054184
0 0.5295567975615818 0.31606146832815735 0.04913101282028158 0.0503475098858317
0 0.5354214997951122 0.3743050498490882 0.05083906203449331 0.053536176882026165
0 0.5385421916895604 0.4412378818643107 0.04480738585581072 0.05796900889724856
0 0.5951153693159849 0.49897478600892387 0.05269266046291676 0.059849843878220454