0 0.49921875 0.415625 0.0453125 0.03359375
0 0.46875 0.3640625 0.046875 0.034375
0 0.4359375 0.41171875 0.040625 0.0296875
0 0.37578125 0.4125 0.04453125 0.0375
0 0.5578125 0.459375 0.04140625 0.0328125
0 0.3140625 0.41171875 0.053125 0.0421875
0 0.40546875 0.36328125 0.0421875 0.0359375
0 0.34140625 0.36328125 0.0546875 0.03359375
0 0.53125 0.3640625 0.046875 0.034375
0 0.4359375 0.31796875 0.04609375 0.04140625
0 0.315625 0.45703125 0.04140625 0.034375
0 0.34609375 0.50234375 0.04453125 0.03671875
0 0.4046875 0.50078125 0.04375 0.0390625
0 0.4359375 0.54296875 0.04296875 0.03046875
0 0.52734375 0.50234375 0.0421875 0.034375
0 0.46796875 0.50078125 0.04453125 0.0328125
0 0.378125 0.459375 0.04140625 0.03828125
0 0.43359375 0.45859375 0.04453125 0.0390625
0 0.49609375 0.4609375 0.0484375 0.03359375
0 0.56015625 0.4140625 0.0484375 0.0421875