0 0.4320150279998819 0.5111281685256873 0.043087526785361166 0.05352741439185813
0 0.4205808758091313 0.39272277088305224 0.04306025324641087 0.05196491439185813
0 0.42476954382819454 0.4538058200972639 0.04621252678536116 0.05367296360606986
0 0.3773490730491877 0.42037258188408816 0.04306025324641087 0.05196491439185813
0 0.4386019930968459 0.5754453796505579 0.051118215096963834 0.06639128742738745
0 0.47725934415250604 0.5093323821317572 0.032122753246410875 0.05145549214211727
0 0.5142684204514 0.48295397270229773 0.03683752678536116 0.05323631596343468
0 0.4723848835197691 0.45368169561399263 0.036755706168510115 0.048548815963434674
0 0.383100241068251 0.4815284057054058 0.04306025324641087 0.05196491439185813
0 0.5520451099808186 0.4558307005763913 0.04316934740221221 0.05821491439185813
0 0.4666882625786064 0.39565087179267505 0.03686480032431163 0.05479881596343468
0 0.5093803230491878 0.42652203618453316 0.03988070616851012 0.0486943651776464
0 0.48236562986632103 0.5782643186495219 0.03875458279171564 0.07362159057054055
0 0.520005951700988 0.5433285465236153 0.04155230032431163 0.05501713978475244
0 0.37161154179959965 0.3599980080627706 0.046321620941162586 0.05992296360606986
0 0.4599512930174156 0.3227399106678045 0.0497466298696164 0.07725601282028158
0 0.32860760998081867 0.44542393176025374 0.055860262174864596 0.06973461124870503
0 0.3864803855483639 0.5410125676160645 0.04782957386326192 0.05687073821317572
0 0.5035746079522239 0.3622412123632156 0.041688668019063256 0.06282963978475227
0 0.41481607102059287 0.33078569706173466 0.04316934740221221 0.05821491439185813