0 0.5076058438235714 0.5750298587695932 0.051136602665567035 0.039935253246410875
0 0.533461301661988 0.6308571189158629 0.05274456677218957 0.041525026785361165
0 0.5728133066765528 0.5863980069031541 0.04635817445232178 0.036728432629559826
0 0.6339099310497323 0.5908030888840908 0.05283549498543501 0.04465002678536116
0 0.45061404625171153 0.5236543194023303 0.04801160266556703 0.03988070616851012
0 0.6974639656894682 0.5990735105566021 0.06082985141192587 0.05103639448011279
0 0.598577836301724 0.6391002670494238 0.049665030878812466 0.04303297970746058
0 0.6652114068348374 0.6457536416440345 0.06055706677218975 0.04166139448011279
0 0.4699527311288746 0.6241491972433517 0.05274456677218957 0.041525026785361165
0 0.563063885127225 0.6811474452147568 0.05297188730530315 0.049337526785361165
0 0.7007648104374765 0.551335439939751 0.04801160266556703 0.03988070616851012
0 0.6727701910788622 0.5025803401019069 0.05279003087881229 0.043087526785361166
0 0.6131906025990601 0.4965854845820198 0.05131845909205772 0.04618525324641087
0 0.584505661453691 0.4509690215136507 0.047920674452321774 0.036755706168510115
0 0.48617346153283325 0.48316964123699735 0.04801160266556703 0.03988070616851012
0 0.5481195320659467 0.4899048364484589 0.049574102665567034 0.039907979707460586
0 0.6364295257977405 0.543078655036715 0.049710494985435005 0.044595479707460584
0 0.5792164193712497 0.5378241392084024 0.05131845909205772 0.04618525324641087
0 0.514835670624891 0.5280048543053664 0.05430706677218975 0.04155230032431163
0 0.4449239873970807 0.5698708003276068 0.056142351411925875 0.05095457386326192