0 0.0985341917762842 0.637549618418987 0.17674956363895858 0.2825099435540633
0 0.6557271363054508 0.7508334238534335 0.165775696047778 0.2805654976377472
0 0.41269218322690937 0.4092634496293311 0.16544838772715292 0.2665029976377474
0 0.5939778976077079 0.4476513709508758 0.16239612290951405 0.26951887023308563
0 0.23220590264170107 0.3701215601589518 0.1670472553183336 0.26812006134007815
0 0.17192759175562494 0.10452135280989043 0.16239481648875015 0.20238593393541646
0 0.772102244397326 0.4874926648677588 0.15759952013597242 0.264667679126093
0 0.06448753296003465 0.33206102105139224 0.1289750659200693 0.26708335099579195
0 0.35434004825263876 0.12809280598260056 0.16319490349472243 0.23676093393541647
0 0.8393566006862494 0.7893031907284744 0.1671927256830557 0.2743700613400783
0 0.4735874367422911 0.7155432206807233 0.165775696047778 0.28056549763774735
0 0.5349899829981596 0.16020344545297985 0.15734494699770848 0.25373017912609297
0 0.288431839952673 0.6754563901033515 0.16730182845659752 0.27905756134007814
0 0.7060285284010068 0.20214295270937396 0.14793357940652802 0.25184029691210785
0 0.041059451463020764 0.08353175181409854 0.055381097073958475 0.16586310217691824