0 0.19070713790735286 0.6529517622966401 0.1465407134596036 0.2226749515990063
0 0.3441013933445603 0.6778467022863774 0.1417895464634092 0.22108518052176757
0 0.22983337452429894 0.1940216690106943 0.14140754448624282 0.21171018052176752
0 0.49755931577796214 0.7043041422761147 0.14048171444818677 0.22732609016268784
0 0.46410626235728963 0.057425638858269124 0.12508752471457923 0.11485127771653825
0 0.3777588799615064 0.2189484252572102 0.13990871148243728 0.21326359016268787
0 0.06621913247014538 0.62788865066393 0.09016337946721482 0.21922269867214011
0 0.5264338019006167 0.24308938632418636 0.14140754448624282 0.21171018052176746
0 0.6486416547132668 0.7299939678044713 0.14185321345960347 0.22264768052176756
0 0.8029444941428631 0.7580093626146688 0.1436067144481868 0.22734427088084708
0 0.7350407752460519 0.5106894559006147 0.1416622124710205 0.21796018052176755
0 0.43668684688115106 0.45694332894620227 0.14153487847863175 0.21483518052176756
0 0.6100872658173307 0.071844414571297 0.12460736364988403 0.143688829142594
0 0.28566817494204083 0.43281600341784554 0.1417258794672148 0.21952268052176754
0 0.7537881862735663 0.08860537764178349 0.12687020060802218 0.16163745764913057
0 0.5869242688202613 0.48107519965409873 0.14153487847863175 0.21483518052176756
0 0.13458583600673618 0.4071261778894888 0.13840987847863162 0.21481699980360816
0 0.8193508137636147 0.29764857953537743 0.13815521049385424 0.20856699980360832
0 0.9407211129270372 0.7837082785021051 0.11855777414592553 0.22733518052176754
0 0.8868725306832594 0.5355934862494316 0.1417258794672147 0.21952268052176754
0 0.6729241413302128 0.2711502329297819 0.1399087114824372 0.21326359016268787
0 0.9483340237259963 0.3249781731159109 0.10333195254800742 0.21159200585373253
0 0.9828283819386726 0.5599617062933981 0.03434323612265473 0.20968407220870694