0 0.3697296905588384 0.20703125 0.2458085517214313 0.1484375
0 0.8801984538056823 0.30546875 0.22204366950744614 0.1390625
0 0.49022330606741854 0.68203125 0.24268355172143127 0.1484375
0 0.6300694790334258 0.25703125 0.2347073606144388 0.14375
0 0.5895387043538365 0.103125 0.2347073606144388 0.14375
0 0.9044494309401916 0.45859375 0.19110113811961682 0.1390625
0 0.6698462855641806 0.41171875 0.23637898801910034 0.146875
0 0.8398040883819201 0.15546875 0.22198910580511538 0.1375
0 0.7095958102437698 0.565625 0.23470736061443861 0.14375
0 0.1131870246795893 0.15390625 0.22102680653075474 0.1546875
0 0.75018114862569 0.72109375 0.23325398801910033 0.146875
0 0.4502828084296713 0.52265625 0.24268355172143127 0.1484375
0 0.13917414972199832 0.31640625 0.25211311542376214 0.15
0 0.3000894125055061 0.9421875 0.25091271397248327 0.115625
0 0.2599678655933982 0.8 0.25065974282842396 0.153125
0 0.18073171106207647 0.47734375 0.25362105172143135 0.1484375
0 0.2206994905509892 0.6375 0.252167679126093 0.1515625
0 0.5308632081516695 0.8390625 0.2395039880191005 0.146875
0 0.4103423107919239 0.36328125 0.24273811542376222 0.15
0 0.3342683617955651 0.0640625 0.24170140507947585 0.1203125