0 0.5482094875683482 0.8458280460633025 0.2981377055509382 0.18606580678880888
0 0.2289209766939333 0.8992358889564649 0.2854467045623551 0.181305583916172
0 0.3333272227767817 0.5221552384889268 0.27900570357377186 0.17658172247985354
0 0.2827184332334547 0.7099052233636163 0.28531937056996626 0.178180583916172
0 0.7004178581754955 0.27320309143923416 0.2916967045623551 0.18134194535249043
0 0.3845899283277198 0.33752570843469754 0.2739998685927999 0.16874195140261464
0 0.6497454016359742 0.46251557631392365 0.2961295365775774 0.17511921642972936
0 0.6039196125869388 0.6478945401113743 0.2978193705699663 0.17825330678880888
0 0.057118844335331063 0.7691176386618774 0.11423768867066213 0.16801472267624523
0 0.08356328060889737 0.582267078455223 0.16712656121779473 0.16671584308955403
0 0.030610741065570386 0.920030698868532 0.06122148213114077 0.09118860226293606
0 0.1090354658938805 0.4008852682485685 0.218070931787761 0.1575862827847038
0 0.5070194603823109 0.9749433743221338 0.26115767589344296 0.04525899960721631