0 0.19661010452756528 0.7725557351692771 0.19679648919430764 0.29479539129415605
0 0.4020564677240972 0.7307217174116879 0.19201798393263586 0.29320562021691715
0 0.6614652049228534 0.35408545277735676 0.1921089891943076 0.2947681202169171
0 0.25186196274477407 0.4330568979334554 0.19559801024099502 0.3010363009350764
0 0.4606153364646497 0.3943296994577071 0.1861320049793232 0.2994192587805987
0 0.6034145703972855 0.6857854255517978 0.1822789628859484 0.28690107806243964
0 0.07922809954824213 0.47470001815037255 0.12096203128768242 0.3068499636992549
0 0.5388871517414376 0.9331194886853187 0.1543374314570915 0.12897949375348433
0 0.3315674754048435 0.9562080516224475 0.17522678413027978 0.08536584913967822
0 0.06575421765351004 0.8069221656910447 0.04267043131591728 0.2767170361043533
0 0.14456029906824938 0.9791784398915414 0.14611613680346808 0.04146131303532492