0 0.49620506281221266 0.6984140593968606 0.1432247124710205 0.21875109468490822
0 0.7490077747517605 0.5209725014321773 0.14673171444818678 0.22816245735199914
0 0.5335632109881457 0.21626517807126944 0.1519285504177418 0.2407170013526355
0 0.8554328938016708 0.29653667011454016 0.1534273834215476 0.23917268268618094
0 0.4060124388193863 0.8990473956874535 0.13477554250907656 0.20190520862509304
0 0.21013102817462048 0.13597550469445327 0.15211955140632502 0.24540450135263545
0 0.37347328657757745 0.1777010227164068 0.15205588441013065 0.24384200135263545
0 0.12030316011329323 0.36528974001431747 0.1501750494291587 0.23601132001909003
0 0.6952793023949082 0.25641001475967756 0.14867621642535306 0.23755563868554458
0 0.34158388840164444 0.659913538709407 0.1464133794672148 0.22034995735199914
0 0.5928877673373866 0.48401629941117824 0.14985671444818677 0.22819882001909003
0 0.6492000702265864 0.7353338987507689 0.14309737847863174 0.21562609468490807
0 0.4342330089344296 0.442345325389861 0.15004771543676992 0.23288632001909004
0 0.27733175152005585 0.4053800327020893 0.1514192144481868 0.2282170013526354
0 0.07236177273741301 0.10860338800922684 0.10722354547482602 0.216770424013363
0 0.18852521399107622 0.621431199355499 0.1465407134596036 0.22347495735199913
0 0.10223883999824993 0.8226749786759996 0.14590404349765967 0.20784995735199913
0 0.06362337307860522 0.5840573740054088 0.08853721247102042 0.21811474801081765
0 0.2561742649031097 0.8635101586966805 0.13815521049385407 0.20932155068427177