0 0.2883888098739417 0.6989575576656305 0.2448560156438413 0.16548996042459266
0 0.7811986651779659 0.6819470358417619 0.2257419945971538 0.15825731456303557
0 0.930499778621553 0.7961810334669126 0.13900044275689397 0.13598616689245624
0 0.33305032053845973 0.5564292209400421 0.24338452090551305 0.1669705732694627
0 0.6307535312170952 0.4123637969230384 0.23217400512049763 0.1617098631835546
0 0.4944784571301663 0.827366919944674 0.23070251038216938 0.163190476028425
0 0.2403747860552441 0.8374158700809595 0.2417310156438412 0.16532618611433314
0 0.42462608660582396 0.26993287822155987 0.24200403142885668 0.17001368611433304
0 0.6908745859705394 0.9349531510057105 0.22583299985882554 0.13009369798857903
0 0.3777573338338137 0.41468213421445366 0.24182202090551302 0.16688868611433297
0 0.8254429468891713 0.5456277555386085 0.2226169945971538 0.15809354025277605
0 0.44890689384892984 0.9410454811168074 0.22804794724210709 0.11790903776638509
0 0.5866912600292336 0.5518080772261916 0.23382751038216937 0.16335425033868417
0 0.5394129835796999 0.6895260832190855 0.23061150512049747 0.16162797602842466
0 0.7368178755742527 0.8159225661449152 0.2226169945971538 0.15809354025277605
0 0.8716765359140698 0.9945334085247133 0.20125866311182747 0.010933182950573439
0 0.9078277535580245 0.9294987683731366 0.184344492883951 0.14100246325372687
0 0.19776162280224244 0.9348773682719372 0.22918624203690507 0.08366675033868418