0 0.2551500039567289 0.31494172374004115 0.20585601085413385 0.2961716210079671
0 0.14998662765573298 0.6075049599499875 0.2022396879233553 0.28670569279472174
0 0.5283163455435573 0.6004088961472988 0.19878713930283637 0.2803647645814763
0 0.6398525525772479 0.3100075535108616 0.197961623699004 0.2943818004748537
0 0.7127322891211223 0.5958253815658223 0.1907289778374471 0.2754499440483629
0 0.8282566333099425 0.3068728786628285 0.2039659622336149 0.2898761569013444
0 0.34065257123329784 0.6027395889420205 0.19747030076822564 0.2850068004748536
0 0.6022296376053557 0.8611585280423256 0.1784812833553712 0.2501316953020044
0 0.4506262782669884 0.312383710412206 0.20256723654387426 0.29295569279472167
0 0.2390335967867528 0.8584249507787876 0.18613665309764632 0.21759197994174037
0 0.0906813059681499 0.8494400588546309 0.10193207146044045 0.18861988229073817
0 0.08561875395672888 0.319874579308602 0.14927846223361482 0.2882849131695505
0 0.42402275045022597 0.864778936197311 0.18761062188998173 0.24571697994174002
0 0.04143382123329785 0.6114459653602639 0.03226138059640906 0.25835806927947225