0 0.8333060656946893 0.17947075127654624 0.30489329715018093 0.1845305778660477
0 0.8041155376548434 0.9301929139425287 0.2349216338757696 0.13101469242562444
0 0.5276115863869042 0.27497064539937266 0.2872963613745322 0.176618083916172
0 0.5314791355732501 0.46942008216765607 0.28696881275401315 0.170368083916172
0 0.8312954291053865 0.38176450430160835 0.30300324852966193 0.1782714875069681
0 0.5350158141128096 0.6552803141154794 0.2757037641334943 0.16405445140261463
0 0.828213615446862 0.57469234768575 0.2918200870642728 0.17352035499341092
0 0.815961519676162 0.7637684832243694 0.26501192559888337 0.16867831888905727
0 0.27364014360230876 0.9036006812091386 0.25613489258219674 0.14832036709365895
0 0.5395384605401935 0.8372297508837627 0.27233310266810484 0.15934877068445558
0 0.2547285278167625 0.5491313498270494 0.2660012155129752 0.15774990924813678
0 0.26319836782171124 0.7302768106976337 0.26271244120271564 0.15460672852997775
0 0.5492299638195538 0.9652593021134269 0.25640048620519007 0.06397263817089822