0 0.2375 0.4164594024202778 0.153125 0.23927494120271575
0 0.20234375 0.15658311341069714 0.159375 0.2536649898232347
0 0.83984375 0.5481731541177585 0.1515625 0.2391930540475858
0 0.6890625 0.5154502645877794 0.1546875 0.24091932835784532
0 0.3578125 0.1906228414752868 0.159375 0.2536649898232347
0 0.53828125 0.4835086250578005 0.153125 0.23927494120271575
0 0.125 0.6317302775896199 0.15 0.23442366689245625
0 0.45546875 0.9034736442796774 0.1359375 0.15243668249628825
0 0.0859375 0.38221495646786363 0.1546875 0.24404432835784542
0 0.3859375 0.45008637268295126 0.1546875 0.24091932835784552
0 0.16328125 0.8578490422889409 0.140625 0.1933073439616777
0 0.50859375 0.2241269810052658 0.15625 0.2519387155129752
0 0.271875 0.6646578850074232 0.15 0.23286116689245623
0 0.815625 0.29162990502226954 0.1578125 0.24889560266810493
0 0.6609375 0.25911173338011495 0.15625 0.24881371551297518
0 0.41875 0.7007104924252264 0.15 0.23286116689245623
0 0.5671875 0.7327749626879001 0.1484375 0.2359042797373263
0 0.715625 0.7640581829505736 0.15 0.23129866689245623
0 0.94453125 0.324717964724065 0.1109375 0.2448764880142124
0 0.08125 0.1254293679332529 0.0921875 0.23920634215265535
0 0.30859375 0.8822647868618742 0.1359375 0.17587418249628825
0 0.02578125 0.5986488619403592 0.0515625 0.21832727611928177