0 0.44586100990614064 0.7046135729738889 0.21397268801718106 0.1327456185006845
0 0.6468711686028211 0.48929376451496936 0.20454314401654478 0.12778533386094856
0 0.16142675397836465 0.16412599914207018 0.23119655068427192 0.13637072367353414
0 0.17760464262413833 0.318555086368231 0.22963405068427192 0.1363252595669115
0 0.19142969060313927 0.4736972274344578 0.22649086935072651 0.13467183135366606
0 0.38954321065404607 0.10433477665567029 0.21709768801718105 0.13283654671393
0 0.8492154659452751 0.42797113426929523 0.19042610001590815 0.12268865690134448
0 0.6615865545830948 0.6350836376345075 0.2014181440165448 0.12769440564770312
0 0.2052729199156857 0.6272768685006846 0.22494655068427188 0.13618886724704354
0 0.21989739922823212 0.7808792416202228 0.22342041335136278 0.13926840314042063
0 0.40420405263368336 0.2548121497752084 0.21399086935072642 0.1343081185006847
0 0.43273539592618515 0.5565254139609734 0.21084768801718107 0.13265469028743926
0 0.6205835779758193 0.1962424464891384 0.20456132535009014 0.12934783386094853
0 0.8213199219844098 0.13878060213684162 0.19202496268299923 0.1258591210079671
0 0.14255966999522748 0.03931621575597532 0.23050566000954503 0.07699572367353412
0 0.6337273732893202 0.3427681055020539 0.20772268801718105 0.13256376207419382
0 0.4180745539465479 0.4060480408414352 0.21397268801718106 0.1327456185006847
0 0.6041511506604094 0.06368835926297758 0.20576019867918127 0.09814329796757122
0 0.8360443986314561 0.28378922525637973 0.19353291868236297 0.12121708511458973