0 0.7542593798074989 0.8150866981089328 0.29444712008095947 0.2021180938242157
0 0.6846195822030327 0.1499924661651 0.2779213613745323 0.1843849568009072
0 0.6256938822938898 0.3220510046396874 0.27981140999505116 0.1906895205032381
0 0.5674266016520522 0.4964260112631093 0.2766864099950512 0.1905803930985762
0 0.39371462121261325 0.19524300109630835 0.2684644742194025 0.1824950745869221
0 0.2737651328597166 0.5347544235989794 0.2701907485296619 0.18567463828925296
0 0.5082961838550848 0.6723907997376968 0.2831001843053107 0.1939236479078998
0 0.3342123891912947 0.3634225714220612 0.26854636137453214 0.1840575745869221
0 0.44760326605811745 0.8484101519146151 0.2766864099950512 0.1905803930985762
0 0.9223995431934521 0.10659709711314078 0.14897748982323478 0.16428573320977705
0 0.8112917090698554 0.6345162551878415 0.2894320714604405 0.19570440271722306
0 0.886911343284309 0.27783718005276536 0.20308513568479186 0.18489089908902612
0 0.4520294894845504 0.05992309310642556 0.26469102103089914 0.11984618621285112
0 0.21479848937300877 0.7075942120735668 0.2734795228399215 0.18890876569391465
0 0.09045682440111655 0.40981645490199065 0.1809136488022331 0.16474209019601868
0 0.698694375284943 0.9378992047323547 0.2834543091359684 0.08164190271722305
0 0.17765028720055825 0.08215277373013102 0.2524300384437537 0.16430554746026205
0 0.852739981909777 0.453710199290059 0.253248909995051 0.18976193756361362
0 0.12994869233436943 0.24344492123672667 0.23030937697836446 0.16868554573098155
0 0.7331123931480236 0.036598421194317686 0.25425813206674713 0.07319684238863537