0 0.32901356980607216 0.14355321670644178 0.1950978603878557 0.26512850206691463
0 0.5278641270302425 0.1739257291124386 0.20052174593951494 0.3075343258882322
0 0.7736213173737354 0.5630225781600345 0.20054901947846523 0.3090968258882322
0 0.13565903612085206 0.11187291542531545 0.18493192775829587 0.21937935442427947
0 0.7318970620954344 0.2209592026433059 0.20397402840691897 0.3264298751024439
0 0.37756056940233035 0.45309519065159387 0.1910649253226639 0.302410178245597
0 0.5729042970811961 0.5051971538433789 0.19432629301741572 0.31036822745980874
0 0.048199946429277565 0.34842253742738744 0.09639989285855513 0.2843450748547749
0 0.9185924926963993 0.2757859054960088 0.16025130194586942 0.32595468610347994
0 0.18926172849293985 0.40053946319178513 0.1862956047058129 0.2975043544242794
0 0.23846724716392148 0.71714907444049 0.17834673701106124 0.28932798138875027
0 0.42900074391751064 0.7760639638109577 0.18610468993316048 0.2865668544242794
0 0.0728027057647684 0.65985234305174 0.1456054115295368 0.27907968610347994