0 0.7298162677201351 0.7371603266523771 0.14398871642535305 0.24141286167271758
0 0.5905918720156599 0.23613504304054916 0.13847354547482596 0.22090936068413444
0 0.6705234056274879 0.07975239186168553 0.12145318874502423 0.10946252471457936
0 0.5704558551725649 0.711103209542452 0.14705004942915884 0.23997769566510635
0 0.347318080000875 0.4257719101132932 0.14029071345960364 0.22722302768032882
0 0.813457733156905 0.5089345089716106 0.14178954646340927 0.22572419467652338
0 0.8874550127772192 0.7670600267661077 0.1422988824329643 0.2382241946765234
0 0.24955044756791073 0.6549872248283102 0.1484852154367699 0.2369163626613009
0 0.8919023626241198 0.2930176903022611 0.14003604547482595 0.22097302768032884
0 0.41194035962118924 0.683515425930624 0.14379771543676992 0.23672536167271757
0 0.4375451264642843 0.20877009391540158 0.1399087114824372 0.2178480276803289
0 0.9406277282139891 0.5375927026595507 0.08703837946721471 0.22193334980971963
0 0.5027722425484452 0.4516698597327323 0.14191688045579803 0.22884919467652337
0 0.6580672376055293 0.4814740593521716 0.14178954646340927 0.22572419467652338
0 0.7420761175670357 0.26343632516950233 0.1383462114824372 0.21778436068413454
0 0.9407258176807665 0.11267361570141246 0.08104836463846717 0.15149351581733078
0 0.8177339866541271 0.09670642300205554 0.12390702669174587 0.13140119171077375