0 0.13427883406267893 0.4609687953759315 0.17798173870145298 0.25726812021691714
0 0.25451170743154095 0.7220057684449602 0.17965332670272566 0.26665221057599686
0 0.36167493869349876 0.19556546741168793 0.1716226507001803 0.2478567587805987
0 0.650457817393361 0.4384331817001179 0.17015105736790764 0.2556601684215192
0 0.5303885760264079 0.19145870863108921 0.16847946936663477 0.24627607806243948
0 0.8183538420591792 0.431205968099059 0.16698969470081657 0.2525169877033598
0 0.3107504273949517 0.45212908479993474 0.17485673870145302 0.2572499394987579
0 0.4786555427275426 0.4456831211988758 0.1716953760343621 0.2541067587805987
0 0.430192960097041 0.7123893530485033 0.1733851453691802 0.2650533491396782
0 0.6928613040260897 0.18816956128680895 0.1574874253659985 0.24152494554888215
0 0.05396243602799872 0.20595001815037262 0.10607037603436205 0.2537249636992548
0 0.19217096069381695 0.19889552137182645 0.1716226507001803 0.24785675878059873
0 0.9298351400381801 0.6883594170657867 0.14032971992363982 0.26335449375348396
0 0.6027583034293137 0.7035723683702055 0.17336696403563465 0.2634908491396784
0 0.09127591076540455 0.7268619609687803 0.14522378270208927 0.26176472267624523
0 0.7753509187619048 0.6970991336919077 0.1765465080362711 0.2681965298578376
0 0.024876562062360767 0.45926137051150473 0.04182606269890761 0.23772725897699054
0 0.4269988520050907 0.036459153885383774 0.13837270401018137 0.07291830777076755
0 0.10540566267504507 0.06110969594166561 0.13788180800445432 0.03361245159900637
0 0.2685232806731361 0.046097253417845555 0.13188634667409058 0.055451090162687885