0 0.8602455827403214 0.7577831858536368 0.2430466210079672 0.20030238342154744
0 0.59411812905854 0.6835830460062986 0.2834443004748536 0.19414522532260178
0 0.584557890274804 0.3132241250557716 0.2803193004748536 0.19401789133021294
0 0.5820192266430351 0.1316557900747996 0.2785749440483631 0.18770422433401848
0 0.5949351683171296 0.8705564639910761 0.2803193004748536 0.1940178913302127
0 0.827974235814235 0.0658065914811247 0.20655152837152996 0.0724028765014653
0 0.31476794668865943 0.7950020711779886 0.2740238363682311 0.19220072334543534
0 0.30975881558505547 0.42952165121604463 0.2708079081549856 0.1889483893530466
0 0.590153357746639 0.49726354402913236 0.2834443004748536 0.19414522532260178
0 0.30995372921682446 0.610994485702725 0.27071697994174027 0.1858233893530464
0 0.3094729737400411 0.2511738167293643 0.2675465158351177 0.18413355536065773
0 0.8602779896416658 0.5684978513669564 0.2538022645814763 0.19449805239490825
0 0.8429507149645525 0.1962580954354574 0.23321697994174037 0.18429538144438115
0 0.08787075837977722 0.5413518532697607 0.17574151675955443 0.16707870653952134
0 0.855554700383076 0.38136526589169284 0.25362040815498543 0.18824805239490824
0 0.08988320242814019 0.19122451927737188 0.17976640485628037 0.1730740385547438
0 0.3110535087754886 0.0893277327369755 0.26194973370266394 0.1526925543720746
0 0.8608496733316944 0.9243513315581119 0.23074519780928676 0.15129733688377628
0 0.08885424835064736 0.3670694362735663 0.1777084967012947 0.1685138725471326
0 0.5825624474135752 0.032341539580508026 0.25362510517284953 0.027501553383491417