0 0.62734375 0.5312628258885616 0.1328125 0.2195057508107789
0 0.48125 0.48886899999670475 0.134375 0.21953302434972918
0 0.33515625 0.44647517410484794 0.13125 0.21947847727182862
0 0.86875 0.37532033765638906 0.13125 0.21166597727182862
0 0.72578125 0.3321998088424329 0.1328125 0.2101307508107789
0 0.58359375 0.290655416797952 0.1296875 0.21007620373287822
0 0.81953125 0.14555497117945332 0.125 0.19905688311602718
0 0.2234375 0.6531188660698986 0.140625 0.2274546185055307
0 0.77265625 0.5736430150109431 0.1359375 0.21956029788867965
0 0.3734375 0.6963621258091313 0.1375 0.22740007142762994
0 0.9171875 0.6167908173638496 0.1328125 0.2226307508107789
0 0.67109375 0.782026484979171 0.1375 0.23365007142762978
0 0.4421875 0.24990591152294622 0.1328125 0.2085682508107789
0 0.521875 0.7395781120094136 0.1375 0.22740007142762994
0 0.8203125 0.8260373579489286 0.1375 0.22740007142762977
0 0.6796875 0.1110827394433979 0.1203125 0.1802250624991762
0 0.94765625 0.1884164013733812 0.1046875 0.19870232710967278
0 0.97109375 0.4146067544576363 0.0578125 0.2056966209411625
0 0.93984375 0.8679675336786297 0.08125 0.2279807240254179