0 0.19950213148787882 0.8283407987262065 0.2954057775961402 0.1945784123358699
0 0.4657566026739227 0.6947570055271136 0.27964440990138845 0.18622027531256152
0 0.3766166416374438 0.3293651293035783 0.27492963636243817 0.18449408420556884
0 0.33053870819710507 0.14973962748947972 0.2748478157455871 0.17980658420556894
0 0.5142737435005877 0.8799331028947084 0.27805463636243816 0.18460321161023074
0 0.08226880357072244 0.10593503067003907 0.1631739301939279 0.13374506134007813
0 0.7672742382255819 0.7474480182258034 0.2686523628234877 0.18271332939624543
0 0.6743234845754292 0.3873884827464409 0.2685978157455871 0.17958832939624553
0 0.42039173538620805 0.5112525355641806 0.2780819099013884 0.18616571161023074
0 0.7227315312462929 0.5663145801140357 0.2685705422066368 0.17802582939624542
0 0.6275461217519415 0.2124231990811769 0.2638284951287361 0.17473713828925294
0 0.15871567004436288 0.6387500198702659 0.2843864569792891 0.18950896641955417
0 0.1054177516215578 0.2691443588003402 0.20456258928453738 0.1789137176006804
0 0.9170489525150621 0.4506697658635506 0.16590209496987568 0.15912700725639403
0 0.1304701189092724 0.45193950063297217 0.24833986282348772 0.18200400126594438
0 0.8489790166390915 0.1053820585144893 0.22295803327818292 0.15925598202865068
0 0.5821363900158861 0.07107894726707836 0.2580227800317722 0.11051094718226036
0 0.24252720291550878 0.9608209381117676 0.28735572402541776 0.0783581237764647
0 0.8847643323846786 0.27684039626343726 0.1979853068171334 0.15994546279135696
0 0.2981199001621558 0.03695688529402803 0.25386138555165916 0.05102681977759865