0 0.7492040973217977 0.5375 0.12493311850068452 0.2125
0 0.8177110902621688 0.7875 0.12998433135366624 0.225
0 0.137096553906573 0.4703125 0.12493311850068464 0.2125
0 0.2905026987337235 0.4875 0.12502404671392994 0.215625
0 0.6596174454350182 0.7703125 0.13154683135366607 0.225
0 0.4439543076674967 0.503125 0.12493311850068452 0.2125
0 0.8337850004622183 0.315625 0.12327969028743908 0.209375
0 0.472081936988734 0.0734375 0.118336126022532 0.146875
0 0.9033914921489481 0.5546875 0.12823997492717537 0.21875
0 0.5981417024946472 0.5203125 0.1264956185006847 0.2125
0 0.7668715997625732 0.09140625 0.11777383636823088 0.18125
0 0.5054300506078677 0.753125 0.12685933135366606 0.225
0 0.6843078376883792 0.29765625 0.12479672618081672 0.2078125
0 0.19390752890025534 0.71953125 0.13145590314042072 0.221875
0 0.35048413783402854 0.73515625 0.1283309031404208 0.221875
0 0.5340948890211628 0.278125 0.12323422618081672 0.2078125
0 0.3837682800873895 0.2625 0.12176265439406198 0.2109375
0 0.2334416711536164 0.246875 0.12475126207419392 0.20625
0 0.05154080179500192 0.703125 0.10308160359000385 0.221875
0 0.943750753036008 0.80546875 0.07221729546028896 0.2265625
0 0.620246652348998 0.0828125 0.11731919530200408 0.165625
0 0.9582621632360576 0.33359375 0.07010922618081672 0.2078125