0 0.30353418844833374 0.4891998971478886 0.24873105357097236 0.1483021863754999
0 0.5786231477951392 0.39393843588452065 0.2535276563445141 0.15301695745273883
0 0.5911744331300002 0.22840888465485665 0.25014808320625015 0.1420612767345796
0 0.10421994699770856 0.24901019262201593 0.2000026128415279 0.13552038524403187
0 0.5671804207809032 0.5735350322937245 0.2661731267092364 0.1593396803253757
0 0.32302580480524334 0.3198050025340827 0.24389808320625014 0.14202491529826117
0 0.6039621078075348 0.07303558342519265 0.24527874525034718 0.13422150565734076
0 0.34431631050482653 0.16057544827935666 0.240700348023889 0.13888173458010195
0 0.11324684203996535 0.09986416549465285 0.22489351006798622 0.13097833098930572
0 0.09304932370694478 0.4067363342107596 0.170387848023889 0.13847266842151917
0 0.36417225598392367 0.04039475848601112 0.2298706443766667 0.07632719242562419