0 0.847192557881517 0.7584888399982499 0.2331448606144388 0.15304538144438115
0 0.4000348488031752 0.9456865261974542 0.2416468413771451 0.10862694760509158
0 0.9563120313030111 0.5074277001880928 0.08737593739397767 0.12913835475263546
0 0.3267857994439966 0.6452275642579064 0.2425198606144388 0.1534273834215476
0 0.36365586078407475 0.8074384041817941 0.2441914880191005 0.1566160504177418
0 0.812857219499597 0.6018422505686536 0.2330357332097769 0.14992038144438116
0 0.2130778972749276 0.15924896049385406 0.2457539880191005 0.15667971741393627
0 0.28991573810391846 0.4830167243340185 0.24569942431676955 0.15511721741393636
0 0.44506945253973795 0.07820584342110999 0.23701390507947587 0.12979888243296434
0 0.2523462723173366 0.32311780091203346 0.24737105172143128 0.15830588441013074
0 0.7021205499073327 0.133927897298893 0.23152779691210784 0.1514192144481868
0 0.48066719055883844 0.22632234984690064 0.2362698606144388 0.1531727154367699
0 0.7769320992665113 0.444350744142863 0.2300198606144388 0.1529180474519924
0 0.5204712789407585 0.38319177376317726 0.23788692431676955 0.1547988824329643
0 0.9379724871120512 0.3526619457394685 0.12405502577589758 0.13309102570316256
0 0.6292461444493387 0.8619481265386464 0.2362698606144388 0.15317271543677008
0 0.1826413744094368 0.047229121558549414 0.2376289747722565 0.05805121642535312
0 0.738745074586922 0.2891074872227808 0.2300198606144388 0.1529180474519924
0 0.5557242765785059 0.5437764466908707 0.2361607332097769 0.15004771543676992
0 0.5924579286627569 0.7020810366147585 0.2362698606144388 0.1531727154367699
0 0.9119519068935744 0.20020810779274703 0.14520835099579193 0.13698002965749528
0 0.6691046640651506 0.03740572437119956 0.21945932813030106 0.029225879467214798