0 0.9619028405705405 0.20433416031501608 0.07619431885891892 0.29357845048646736
0 0.5295979561579627 0.8617758823085436 0.22458058477957224 0.2630842012972462
0 0.2974211569437509 0.862701002842669 0.2198545434232435 0.22865465421934558
0 0.5698160020669146 0.18483994277747723 0.2611431310982999 0.36967988555495446
0 0.7504006077295392 0.8516666765470704 0.22672528163641914 0.27561147483619663
0 0.8884932274598087 0.5356035255741358 0.2230135450803825 0.34915806899199797
0 0.17968773159363796 0.5676396931828667 0.26070648345566483 0.36831717207625303
0 0.42474552046876746 0.5578889975676633 0.25238456120592384 0.3572433043815014
0 0.8094606989237615 0.18916094805742595 0.24889568817039454 0.34937625730360067
0 0.3205244774598087 0.18743972443245477 0.2691739549196175 0.37487944886490954
0 0.10604460049533804 0.19518404058507893 0.1815284057054058 0.37786372158978565
0 0.665860672040344 0.5474252357998358 0.24911401199171196 0.3540637573036006