0 0.5233839781062666 0.8596450791508149 0.16659377872743358 0.23927494120271575
0 0.46195584151456004 0.5987795002271425 0.17715184712916762 0.2600787641334943
0 0.3986543917827913 0.31920486488103517 0.17907836817585512 0.26641065128862385
0 0.7477814074972196 0.38005499717492486 0.17916937343752687 0.267973151288624
0 0.9162871827372161 0.41327585368821707 0.1674256345255678 0.2663287641334941
0 0.22749275234848723 0.2866424276350484 0.17760687343752696 0.2678912641334942
0 0.5103676235787014 0.09984179047991862 0.17386024715740261 0.19968358095983724
0 0.33574705517696724 0.08407402758961985 0.17149411035393447 0.1681480551792397
0 0.9747038683876166 0.15136899593172945 0.05059226322476675 0.26692855042954133
0 0.8033613624906601 0.6616015682966812 0.17715184712916782 0.2600787641334943
0 0.6868692103962868 0.1152803437365647 0.18331084186749588 0.2305606874731294
0 0.292356702080256 0.5661351758260261 0.1755893471291677 0.2599968769783644
0 0.5728045233245875 0.34925977781676243 0.17751586817585513 0.26632876413349427
0 0.8668143156297237 0.13096621947173373 0.187527905007558 0.26193243894346746
0 0.3581006123494859 0.8338272868618739 0.16713981029746475 0.24864994120271575
0 0.6322907283180281 0.6306016310506942 0.17402684712916763 0.2599149898232348
0 0.1563934841443973 0.06764784543201571 0.16903696828879458 0.13529569086403143
0 0.19236222028434596 0.800196994572933 0.16686679451244918 0.24396244120271576
0 0.12358431527678793 0.5342311578473445 0.17696983660582397 0.2569537641334943
0 0.08247638396087065 0.25897885232942064 0.12742486291418326 0.2621458751693422