0 0.23542422257963985 0.8649876268565075 0.1855109471822603 0.2624156983633867
0 0.5529390716765151 0.639645408792491 0.17997027531256152 0.2825099435540633
0 0.479717304168502 0.33043161069925675 0.1751736479078998 0.2792212524470707
0 0.743201973127794 0.6806226167745246 0.17840777531256152 0.2824553798517325
0 0.8210095477147161 0.9271751467267734 0.17157244355406326 0.1456497065464532
0 0.8516766389222251 0.4128671763005042 0.17021332939624542 0.27124506134007814
0 0.9221304934613961 0.7222719473518964 0.15573901307720775 0.2837996250424091
0 0.6661012374709463 0.37205365942546315 0.1735020205032381 0.27604168874473983
0 0.7704712458236488 0.14316974599328477 0.16032740870767306 0.2115972428284239
0 0.3588790476298981 0.6016567915546303 0.1818055938242157 0.29037700725639404
0 0.16462805062512295 0.5581994243167696 0.18158733901489232 0.28412700725639406
0 0.5883209447351897 0.11105910652290552 0.15632938947037936 0.18648811542376217
0 0.28778277531256147 0.28627483901489237 0.17662702050323809 0.27615081614940157
0 0.9745511106144388 0.45182552729629605 0.05089777877112241 0.2630654843909033
0 0.4354614281146027 0.8872334044889127 0.17698911905195924 0.2255331910221745
0 0.9658681136944816 0.9477728781224519 0.0682637726110368 0.10445424375509624
0 0.9348115096186469 0.1740353439938518 0.1303769807627063 0.23739585099579186
0 0.07523076704467702 0.8359846292187602 0.1016815842055689 0.2750942584375203
0 0.6321280969890767 0.906713824586922 0.1712103450053421 0.186572350826156