0 0.8643812460432712 0.3526489281146027 0.1833259136130959 0.28401787985173244
0 0.7519853081199158 0.6304886967189243 0.1763389292169281 0.2697371250424091
0 0.5690875989385187 0.6107962116950486 0.16976138059640905 0.26326887023308565
0 0.30216120703369054 0.29779518157316376 0.1735414778374471 0.2758779976377473
0 0.6473985481702931 0.8833780175080133 0.17083255766563052 0.23324396498397348
0 0.6751107061291794 0.3350819382814037 0.17526775214770646 0.27905756134007814
0 0.4677486697215906 0.8718031443645208 0.16614505766563054 0.2537847428284238
0 0.2072803177308542 0.5699851509031246 0.16655449344127932 0.2615972428284238
0 0.8300472738600335 0.894005510019951 0.16804175033868418 0.21198897996009797
0 0.38697113975712155 0.5911310085223385 0.16819888059640906 0.2632143065307547
0 0.29204598485045297 0.8492311960011341 0.15339939620024126 0.2486607332097769
0 0.4859220533702174 0.31595244844820475 0.17197897783744712 0.2758234339354164
0 0.11691974785229342 0.2780208509957919 0.17502209068231736 0.27437006134007813
0 0.9130080173013131 0.6494172899101678 0.12305015490666875 0.2647569591631598