0 0.4429464908392875 0.8274066107981881 0.1574317989592032 0.23378643912238176
0 0.2884161210970123 0.862946464693222 0.1572680246489438 0.23066143912238174
0 0.18564640942922433 0.37914025487126396 0.16252873473485208 0.24168075973923261
0 0.7043111160086296 0.9354473871798075 0.1297494549975255 0.09280688311602744
0 0.06154384610938425 0.4133670247567663 0.0921343475797223 0.23889095048646744
0 0.3440011420163698 0.3419697171288541 0.160966234734852 0.24165348620028232
0 0.5974359170039978 0.7910855069031542 0.1588305246489437 0.23068871266133187
0 0.6599293571906607 0.2676422784135096 0.161293783355371 0.24790348620028232
0 0.551592229758011 0.960790080766416 0.12663109905006031 0.06309210957707698
0 0.748841286746273 0.7556002000860207 0.16047491180407344 0.23227848620028232
0 0.3164338212332979 0.6067549659110382 0.16400934757972224 0.24014553327818292
0 0.8554265586816834 0.9093507171321494 0.13369332654882307 0.10848643019392767
0 0.7838083497274289 0.49772347037856024 0.16088434757972223 0.24009098620028232
0 0.47334888455313795 0.5719554517075787 0.16228307326946273 0.23699325973923263
0 0.9008231886007237 0.7161950064994123 0.15883052464894404 0.23068871266133187
0 0.5030552374483854 0.3032230426169691 0.16121189620024126 0.24634098620028233
0 0.8205459526226765 0.22886833036267423 0.16425500904511167 0.244833033278183
0 0.6294008107178483 0.5356070742735943 0.16220118611433296 0.2354307597392326
0 0.9485503646538926 0.19612223986032085 0.10289927069221463 0.23910913879807003
0 0.9304698292623567 0.45901770617510074 0.13906034147528673 0.23693871266133204
0 0.16038189506858752 0.6431033433450224 0.15907618611433305 0.23537621266133185
0 0.9888322851643935 0.6806648352339382 0.022335429671213092 0.22123980032431162