0 0.23406259263745519 0.23202511606989865 0.29743157981717366 0.18473310470581286
0 0.21426609284234294 0.6282319143656153 0.29238020678164434 0.1768387840889618
0 0.20506668299859876 0.8161995186676864 0.28591188296032677 0.17204218993316048
0 0.2254817669541108 0.4332739703719698 0.29252575599585595 0.179963784088962
0 0.5023889851082946 0.7136644484545771 0.27475605913900925 0.16716377516050826
0 0.4850132022290211 0.8936831850618965 0.27141273531769167 0.16242172808260733
0 0.5147861695591447 0.5273138912304068 0.28115160835322095 0.17039786931630943
0 0.5300172555815713 0.334767881084137 0.2830779813887503 0.1782376428552599
0 0.7683821662493757 0.7932464029982343 0.2648716368892682 0.15606263392680617
0 0.7857579491286492 0.6132276663909149 0.2682877353176917 0.16236718100470676
0 0.20543917224523184 0.9557823956979288 0.2541481526050339 0.08843520860414245
0 0.7467169896564085 0.9441285598600256 0.25069782092583354 0.11174288027994876
0 0.03699919396136273 0.1239829707790068 0.07050520678164432 0.1729659415580136
0 0.040355442099335906 0.3301238766232054 0.05756855913900917 0.16337275324641087
0 0.04085851798756809 0.5252863721589786 0.03965331306795059 0.14744774431795715
0 0.4773527136015606 0.9923529155834313 0.2884460698923762 0.015294168833137434