0 0.8411515109603439 0.3331760256450723 0.16190353084255094 0.24172523531769158
0 0.6902708494341023 0.3011726625343405 0.15559898376465037 0.2383091368892682
0 0.7347501375868447 0.7940108258927414 0.15387284253094827 0.22886136228216233
0 0.5409799614468113 0.26753402481650285 0.1541455779204517 0.24448636228216233
0 0.4796750795518953 0.9175190622438902 0.13176028896022593 0.12479029238978612
0 0.5901331128300783 0.7609351143535862 0.15387284253094827 0.22886136228216233
0 0.9522566063339614 0.36312889123700354 0.08523193668674978 0.23190927956950463
0 0.4446802909954113 0.7310207901179837 0.15387284253094827 0.22886136228216233
0 0.39248396022899523 0.23307774979511225 0.15716148376465036 0.23838191149637405
0 0.24165784578065447 0.1979493866843804 0.1572433043815013 0.243069411496374
0 0.27391737216227385 0.45170793341739274 0.1539819366867497 0.23511136228216234
0 0.565454261367381 0.5200939445850444 0.15546261606989872 0.2304966368892682
0 0.335593842944576 0.8984694634011821 0.1338682597392326 0.1561130669968918
0 0.7140184464325728 0.5506439696064351 0.1539819366867496 0.23511136228216217
0 0.19395181372358272 0.8738419526478152 0.13570349512873606 0.17181084160399784
0 0.41847984984113945 0.487908644956548 0.15390011606989873 0.23042386228216233
0 0.861746834419864 0.5843553819313787 0.15077511606989874 0.2302783130679506
0 0.15861215179030416 0.6623800678254615 0.1506932954530476 0.22559081306795062
0 0.09938457102388812 0.16476451323456637 0.1478683043815013 0.2426327638537389
0 0.12539409740550753 0.41881415839600217 0.15400921022569997 0.23667386228216217
0 0.3016530397775953 0.6963098039717226 0.15387284253094827 0.22886136228216233
0 0.04467770576476839 0.6273950998761655 0.08935541152953679 0.22333480024766902
0 0.027973221186043888 0.38998714516143573 0.055946442372087776 0.2137757096771285