0 0.09704257342260433 0.2139630604386391 0.1916121506449308 0.3216761208772782
0 0.28821178086954874 0.18140670762427652 0.20218597473312522 0.30668815770898117
0 0.44604769034819486 0.45976546800644585 0.19273823955076425 0.30301712613895015
0 0.8085275469214587 0.3794526966068227 0.18307229882131965 0.289971094568919
0 0.6696241286090974 0.14354674673387954 0.18612325721819473 0.21993161035393452
0 0.630040177430417 0.42054959151456 0.1862336664125003 0.29171560509226263
0 0.8518547471502085 0.1291943623494859 0.16933449430041705 0.16902155773721597
0 0.25667737224392406 0.5025690760824804 0.20058710714194472 0.3050346524473092
0 0.48192476006798624 0.15758061270242174 0.18884952013597242 0.27002261561560637
0 0.5926733428929867 0.7257684415569122 0.18136432845659733 0.2836300893072471
0 0.7695254772016672 0.6814555413875031 0.1765313580918752 0.2771070735222317
0 0.9263670507211806 0.636460101755555 0.14726589855763877 0.26856653142885667
0 0.9459408207634376 0.34145841489561723 0.10811835847312494 0.2700688472703421