0 0.7909790519377978 0.6681151822909539 0.15805121642535305 0.24112105172143128
0 0.8364374960828483 0.40523572557486476 0.16149455140632513 0.249042679126093
0 0.3497916833449978 0.485758973042976 0.15830588441013066 0.24737105172143128
0 0.9361835101515681 0.6416767117798667 0.1276329796968639 0.24101192431676957
0 0.9030810984012069 0.8893043690943682 0.15122821345960347 0.22139126181126373
0 0.8834902737259963 0.1431920825611064 0.16073054745199258 0.23029267912609303
0 0.7477861033441229 0.9026054499034082 0.1489653765014653 0.19478910019318363
0 0.18784744026508005 0.5128695661494016 0.15830588441013066 0.24737105172143128
0 0.5878354417851359 0.9178050920101171 0.14332287155854928 0.1643898159797658
0 0.6329728923559772 0.6961434346532067 0.1566160504177418 0.2441914880191005
0 0.22195454893486716 0.2394519135169964 0.16331171939110262 0.25534724282842386
0 0.6760557530029306 0.4324008823836212 0.16155821840251933 0.250605179126093
0 0.07097963935304655 0.26772570253973793 0.1306265533834914 0.25732640507947585
0 0.3145213226980444 0.7497743438242158 0.15648871642535314 0.24106648801910052
0 0.7163810281746205 0.15842023456053939 0.16350272037968577 0.26003474282842387
0 0.5117359264249156 0.4586483799365505 0.15817855041774181 0.24424605172143127
0 0.5520612015966055 0.1846677321134687 0.16037772037968576 0.25992561542376214
0 0.3886181255128821 0.2132862615175634 0.16181288638729702 0.256855179126093
0 0.4742173162722537 0.7249256551642939 0.15330004942915884 0.2393948606144388
0 0.959319273973142 0.38018614027298747 0.08136145205371612 0.24217263103285874