0 0.8458263376596843 0.8318078476953232 0.30834732468063136 0.21843125395672908
0 0.45592981493151286 0.49533027363289095 0.47250584009531627 0.32917175938379584
0 0.44872169236879256 0.17197466078802073 0.4805092548679687 0.34051869515944455
0 0.45884985794892846 0.7970156043655856 0.46442060470581303 0.31313732360814706
0 0.847223422076253 0.5816031298074988 0.30555315584749393 0.2930218181810801
0 0.8473531741064957 0.2831656298074989 0.30529365178700874 0.2924486080951719
0 0.11929070575817782 0.6967344798736119 0.2031285486994585 0.2791496687014785
0 0.10517406412073398 0.3807786092268256 0.20162059577735914 0.28219278154634875
0 0.09738528896022584 0.11375488353708514 0.193352353895034 0.16624023292582973
0 0.8310102666390915 0.0572338093631112 0.24639553327818292 0.1144676187262224
0 0.1414186704481047 0.9340740275896199 0.14894778896022584 0.12644739258219673