0 0.7047125826305016 0.2705241826630668 0.21324762404517977 0.33403060811666885
0 0.6568263292489129 0.6257384026088376 0.20837831070972523 0.31837833703942986
0 0.10680398333068195 0.15609143959695382 0.2136079666613639 0.23405787919390764
0 0.3315943506524552 0.10662374648395856 0.2100851666931806 0.19652151775758914
0 0.49452851328772934 0.33883732454639803 0.21949762404517975 0.3340669695529872
0 0.5507988839910913 0.06883389675510507 0.20152723201781733 0.13241356596219106
0 0.45203828457195894 0.7003333607489474 0.20685217337681613 0.3214942466803503
0 0.2362672865611412 0.7787709363755001 0.21935217337681615 0.3215669695529872
0 0.8929943799729557 0.20442752575262096 0.1771283107097254 0.31819652985783753
0 0.08568186664545552 0.4809778101084586 0.17136373329091104 0.33695562021691716
0 0.2811921719446389 0.40947603571157004 0.22736466804581612 0.3387999213483853