0 0.671320657472347 0.723015546647423 0.28896486282348766 0.18175743151195078
0 0.5691982390429514 0.12521088097058994 0.2953239569792892 0.1881892879384414
0 0.6372298498411395 0.5266119080884787 0.2951603157455871 0.17881428793844129
0 0.6038930186709817 0.3317935015828456 0.29365236282348767 0.18189382383181876
0 0.2817101014626973 0.25050743151195065 0.28586713636243805 0.18322900329870526
0 0.31737704586337995 0.4461752841775176 0.2811250892845374 0.1799676109788372
0 0.353071263803013 0.6402806368430847 0.279371674511885 0.16898464687221448
0 0.24725110105566023 0.0751975429530063 0.2849943831160272 0.1332290032987053
0 0.07247719764709355 0.37015102711788866 0.1449543952941871 0.16217705423577736
0 0.09267487500164764 0.5590687746106062 0.1853497500032953 0.15563754922121245
0 0.05469145413991531 0.17270772578510518 0.10938290827983062 0.16729045157021036
0 0.03262158522734762 0.0431422462390763 0.06524317045469524 0.04253449247815261