0 0.5158776819076621 0.40897755574166456 0.22890991316955045 0.14747975768074628
0 0.4837280746232415 0.5681474293909531 0.23203491316955063 0.14766176820408994
0 0.5464420571387713 0.24911743735404798 0.22890991316955062 0.14747975768074628
0 0.7368015988381363 0.49784482173844163 0.21939852084968248 0.14224622611071513
0 0.7061008312871591 0.6530174401260582 0.22261444906292774 0.14555323663405878
0 0.9046428336298394 0.7334197587395538 0.19071433274032118 0.1382111734939965
0 0.9208199315119506 0.580537682445312 0.1583601369760988 0.1334480787839034
0 0.3150436414619382 0.14990420555813797 0.24319973370266396 0.1561113050357929
0 0.6746642778428045 0.8097980611445108 0.22265991316955064 0.1471157366340588
0 0.4531409673388209 0.7272262977785696 0.23368834138279587 0.15087777346576187
0 0.28222644444407435 0.3130258318382623 0.2431088054894186 0.1529863050357929
0 0.21817728246165805 0.6399593291368392 0.24784176959604132 0.1548218208208084
0 0.8826790178136747 0.8853308692346626 0.21314852084968267 0.14188220506402766
0 0.4210140921077118 0.887177421427858 0.2368133413827959 0.15105978398910552
0 0.25175299742621055 0.4760109502258789 0.2399838054894186 0.15280429451244934
0 0.18538281749710553 0.8038622054169636 0.24779630548941864 0.1532593208208084
0 0.7651813484424249 0.3435899612433328 0.22105194906292808 0.14546223137238706
0 0.1525285165600334 0.9388133290662519 0.24772209765100212 0.09710032608248013
0 0.6437672819994397 0.9313314269012916 0.2206594924781527 0.0783657366340588