0 0.6434301847380246 0.9349416103878557 0.20173116950744613 0.1301167792242886
0 0.2816741298517324 0.17356377962473502 0.24772325970346482 0.34161830438150137
0 0.09620785580511532 0.1390955020285949 0.13616571161023064 0.2772091566549776
0 0.5801017724021547 0.6480179034052714 0.25322921523842756 0.36513762499835245
0 0.34687755543444637 0.5650888064100963 0.24207346042910433 0.3586967102256999
0 0.7680431941870355 0.3061964163909149 0.26832842558271397 0.3950705868489054
0 0.8264981119652012 0.7280538254815244 0.25986116115474367 0.3761842191541536
0 0.414640496626257 0.8919145618902682 0.21081848202865067 0.21617087621946354
0 0.5185218546239889 0.22610594723676117 0.26196929817805226 0.391836492693104
0 0.19010179889584244 0.837965424511885 0.21547126569391467 0.267662607141445
0 0.12232893402023445 0.4846534638791479 0.22315976932211173 0.3536819277582959
0 0.9452703491816934 0.38363344398705496 0.1094593016366133 0.38326824188232517