0 0.9261422470361118 0.6549887252498243 0.1477155059277763 0.2807978068171334
0 0.7408577400938594 0.6786149602322905 0.15788741470399828 0.2777000803560837
0 0.36004409209894994 0.7227697037361734 0.15628855203690736 0.27454780681713337
0 0.8216873800524975 0.37245468912897217 0.16090332670272572 0.26837962743398436
0 0.7147266660168629 0.1174967098236058 0.1575237880330894 0.2349934196472116
0 0.17123613076858624 0.7479448019491646 0.1562521893698165 0.2714228068171332
0 0.6328794187221337 0.3976297873419633 0.15774196403563465 0.26520008035608367
0 0.351182334022908 0.16265436404459901 0.14188060669954403 0.24461484496658029
0 0.5457997787634955 0.703899152601083 0.15479877737108919 0.2807705332781829
0 0.902907918682363 0.10569722910184783 0.15725106802990751 0.21139445820369565
0 0.5313510920194082 0.13372302029583477 0.15132833203372584 0.2510284862002823
0 0.26463849606140627 0.4478163425342435 0.1483124200349984 0.2603489391223818
0 0.9677607593491355 0.34875631615921476 0.06447848130172887 0.2667977621748646
0 0.44798679805854275 0.4235179517075786 0.15461696403563466 0.2651455332781829