0 0.1134605551792397 0.5982582748856251 0.2269211103584794 0.19651654977125013
0 0.374736733380115 0.6704658088893058 0.3021777329258297 0.19742573955076423
0 0.11830626469932108 0.18405030452090287 0.23661252939864216 0.21497560904180574
0 0.11015243046215314 0.7955333183886113 0.2203048609243063 0.1880858007211806
0 0.1104916904138055 0.9483654180280208 0.2039239393936934 0.10326916394395838
0 0.3911351758260261 0.2680129561157642 0.31072721732199754 0.21167007750666694
0 0.38197045850402855 0.4727368237069448 0.30875528154634874 0.20382120991548636
0 0.642635805067698 0.913104964332344 0.27792136137453216 0.17379007133531205
0 0.3647055568767204 0.8618720588893058 0.2973264586155702 0.1941916367772226
0 0.6717046658764033 0.5412744970532992 0.29083079715018095 0.1893586664125003
0 0.6592887957954439 0.7334074456665285 0.28433513568479185 0.184525696047778
0 0.11499980099536819 0.3942611059076737 0.22999960199073638 0.20414721181534742
0 0.3505468023541646 0.9765469290459375 0.2715341632744116 0.04690614190812496