0 0.7436955356489985 0.7200078418525341 0.19904765752654646 0.2903379785328474
0 0.5486558541606528 0.7323662907501037 0.19592265752654664 0.29026524335048637
0 0.36137410896997624 0.7429804016917705 0.1910169027172232 0.2839061405769446
0 0.6603274418247828 0.4373421186380203 0.1907986479078998 0.27765614057694454
0 0.29228676995508385 0.46623737015663175 0.18260420199158373 0.2665368026210418
0 0.17956111377929965 0.7534672260643054 0.18627483901489233 0.2822345378034029
0 0.4724827014434297 0.4542244133752774 0.18761908420556886 0.27602090539458357
0 0.40553078130301123 0.193851264248958 0.17602681977759857 0.2570163322563196
0 0.11928577957373074 0.48277417277767354 0.17947920199158376 0.2664640674386806
0 0.8376439762078369 0.9250206905420132 0.18830358656782167 0.11679137575930554
0 0.05952143229095393 0.7640800305852083 0.07484626569391464 0.26558993882958326
0 0.22954120017748525 0.21436705205236092 0.17301094718226037 0.2600685970739585
0 0.4448116354636641 0.9380733897239232 0.1583432680561673 0.10828789152687505
0 0.08337552830778637 0.23809810562333325 0.1241369375636135 0.24644120174736123
0 0.6377803854636641 0.9335819922131243 0.1724057680561673 0.10861519984750032