0 0.30638039031219744 0.8123207790599579 0.24624880698520063 0.17379378335537082
0 0.7424122973208391 0.5370486256236273 0.23527494554888229 0.1669705732694627
0 0.9175425448849521 0.4121294335164006 0.16491491023009566 0.14782442559888337
0 0.7831378121515621 0.6865230031678188 0.23527494554888212 0.1669705732694627
0 0.6993430324901162 0.38769707881213067 0.2337124455488823 0.16688868611433297
0 0.6539391080184729 0.24003086273332858 0.23528403590796182 0.1685330732694627
0 0.1293022015008105 0.19562900327936034 0.24937380698520065 0.17395755766563054
0 0.6132181383672898 0.09133773518913726 0.2337124455488821 0.16688868611433302
0 0.3543971293902993 0.07593065694283349 0.24311471662612102 0.15186131388566698
0 0.8548471021647405 0.1169674197215906 0.21178290339440445 0.15636726594251651
0 0.5698207215960907 0.8258665434205946 0.23527494554888212 0.1669705732694627
0 0.2632883995837754 0.6590629822484612 0.2462215359079618 0.169106283355371
0 0.34694227867948724 0.9336701566041491 0.24275110226293634 0.10956750904511167
0 0.39826582493918145 0.21826316259704298 0.24311471662612102 0.1720675090451115
0 0.21941061367581366 0.5050648790145293 0.24623971662612104 0.17223128335537102
0 0.1739748729473917 0.3519299129357273 0.24938289734428026 0.17552005766563053
0 0.8885277314568439 0.2644665394638658 0.19303290339440443 0.1553846200809595
0 0.4844270804983264 0.5208725062200364 0.2337124455488821 0.16688868611433297
0 0.4421208849494442 0.36835501583097485 0.24311471662612102 0.1720675090451115
0 0.5275099808676688 0.6725678030315331 0.23527494554888212 0.1669705732694627
0 0.10595508421075954 0.07806636702874174 0.21143746974937896 0.0969922659425165
0 0.5735874909248138 0.0137028946183616 0.22529998184962743 0.0274057892367232