0 0.14492762209576832 0.6983036239261466 0.18764764003818005 0.2909126843053107
0 0.21196748205758825 0.41336870194530795 0.18121582670272565 0.27496013568479183
0 0.39161861939049736 0.4008266791053864 0.1764737827020893 0.2700269742194024
0 0.694773080760632 0.656198095320474 0.1781817333704529 0.28260886137453234
0 0.27371131468808996 0.14356413500742318 0.174820376034362 0.2621325870642727
0 0.330810578095132 0.6838715524657062 0.18132491470399828 0.2843351356847917
0 0.4518454053548626 0.13501024932263145 0.1716953760343621 0.26196881275401324
0 0.7470600973901792 0.3798536013133679 0.17178628270208912 0.2697813127540131
0 0.09644938068904443 0.15988957711465002 0.17465674403245304 0.24807008706427275
0 0.5705066880569519 0.38988809984302986 0.17334878270208928 0.26986319990914287
0 0.6237385866884081 0.12756516225835876 0.1591226507001803 0.2550637155129752
0 0.5143497840944956 0.6695623117379604 0.17818173337045273 0.28260886137453234
0 0.875986718093541 0.6435741853254229 0.181270370703362 0.2796476356847917
0 0.06041407272436098 0.42209300599289384 0.11399196403563472 0.26831398801421236