0 0.0646864719525931 0.8366416672873423 0.1293729439051862 0.28921666542531527
0 0.25015651655000537 0.8472580279168748 0.17965332670272555 0.273848530602962
0 0.3838888159214127 0.5607125982235356 0.17523854670590727 0.29706770678164424
0 0.17961948659295796 0.5343085717544029 0.1799442280394527 0.29884853060296185
0 0.7729780405792768 0.6073990837506242 0.16735332137172546 0.2904538337461151
0 0.6544349365452329 0.8635656546764576 0.17276698002863497 0.2188699321745382
0 0.5811814392505038 0.5827566104246447 0.16737150270527099 0.29201633374611513
0 0.4530451592139146 0.8581098289931133 0.1731124253659985 0.24855743217453857
0 0.509063727959911 0.2714424288692788 0.16411923337045292 0.2809332845319033
0 0.8824097739497295 0.32901291046742587 0.15614310136854392 0.26650691149637407
0 0.8487661918762329 0.8716927160917785 0.1614294906906352 0.18398550992479734
0 0.699261466621593 0.29928267680236414 0.164082870703362 0.2778082845319033
0 0.9351144139083679 0.631080524611615 0.11411923337045309 0.27860449710451574