0 0.884656547271003 0.8508751775194474 0.23068690545799414 0.15973128335537118
0 0.2759053126060225 0.4199660984842334 0.22198910580511527 0.14888231456303558
0 0.6715998247565581 0.9324865702730157 0.2362698606144388 0.13502685945396847
0 0.8444916546161398 0.6907288935982494 0.24575398801910034 0.15948562188998175
0 0.5787922435462141 0.6300149643813213 0.2330357332097769 0.1525805246489437
0 0.6247917682258034 0.7860502804146949 0.2347073606144388 0.15578741180407346
0 0.4820511304847046 0.3161361708491851 0.22985616950744614 0.15085425033868427
0 0.5288864688666248 0.4737749304601235 0.2283482332097769 0.15233486318355444
0 0.415838408877309 0.8764761273170487 0.22673116950744615 0.15069047602842467
0 0.7967932206807232 0.5307054404097462 0.2425198606144388 0.15619684757972224
0 0.3676315434535468 0.7242242305509805 0.2251141058051153 0.1490460888732951
0 0.1307838186812903 0.6634627137039529 0.20452878729346105 0.14016905585660827
0 0.3209598961786192 0.571272970940042 0.2251141058051153 0.1490460888732951
0 0.699806570958725 0.20979539687760979 0.24262898801910032 0.15932184757972223
0 0.7475050048941414 0.36981885006611315 0.2393948606144388 0.15603307326946272
0 0.21883941250550606 0.9443575096109385 0.2102877139724833 0.1112849807781231
0 0.17182302484922535 0.8114398682719373 0.2139583509957919 0.14222287878738663
0 0.4564857454451306 0.9769796590905401 0.21937004809323427 0.04604068181891989
0 0.908519405164294 0.9659071195151328 0.18296118967141198 0.06818576096973458