0 0.9522445736791812 0.27535296631381 0.09551085264163746 0.26325868676785785
0 0.8003658160407255 0.26752983194086033 0.16248400803627092 0.273681533611828
0 0.43681184603754375 0.25889490855605635 0.15617946403563465 0.26873936562705036
0 0.3579350574076784 0.5333311758562619 0.1529090133672712 0.25611203163466156
0 0.2866344114417223 0.7871366081754955 0.14182606269890757 0.2431663626613009
0 0.2577965080362711 0.25680977962031415 0.15461696403563474 0.26867569863085594
0 0.1835526754057694 0.5263675459319366 0.15132833203372575 0.2544858646384672
0 0.6299849694461767 0.8059742025108265 0.15597946936663476 0.25155186562705045
0 0.6174260467059073 0.26404137049560417 0.15614310136854392 0.2656143656270503
0 0.4548031561107222 0.7974799060845984 0.1496749253659985 0.24660969764227278
0 0.5354424394095874 0.5401674717881985 0.1544351507001803 0.25305069863085594
0 0.8059298514480856 0.8128741654389575 0.15597946936663476 0.25155186562705045
0 0.9542817040499522 0.81910296631381 0.09143659190009572 0.2478246877564409
0 0.07794537603436205 0.2500689841826692 0.15301810136854382 0.26548703163466153
0 0.7121140274108602 0.5423481012182322 0.15921355736790765 0.2610541996194392
0 0.8942998187459963 0.5482121461615856 0.15605219470081658 0.2578018656270505
0 0.9980578813653622 0.5516316234241726 0.003884237269275559 0.24100700197716626