0 0.13196671700961654 0.1317585146104966 0.2014334340192331 0.2635170292209932
0 0.33605482343610726 0.13627664488715002 0.21273464687221458 0.27255328977430004
0 0.41741744985435075 0.430436153411862 0.2040416084715549 0.30340919236879244
0 0.21029527164110537 0.43092489732278205 0.20882003668480015 0.3066160129856435
0 0.8130481986007094 0.43447344805742594 0.196047252045064 0.29702282467404084
0 0.7428049286089567 0.14258200284596437 0.20005279044572397 0.2736671452908918
0 0.6184032883341528 0.43396275365674325 0.19609271615168672 0.2985853246740408
0 0.5415917695960413 0.13677943100800208 0.20193353919208262 0.27355886201600416
0 0.4925982724325282 0.7308395280064724 0.19104150329870534 0.2860035040571898
0 0.8745840583259055 0.7226086477331144 0.18291075455234668 0.27492963636243817
0 0.9225569615993402 0.1542211120192994 0.15488607680131955 0.249602353895034
0 0.6855670224325282 0.7274712459461055 0.1893880750854599 0.2828512305182393
0 0.9537196965556454 0.43265007508766845 0.09256060688870918 0.28146028003177204