0 0.0860442044386545 0.4306076484560539 0.13403772721932725 0.2184821598887993
0 0.6363542616023814 0.7268304394625301 0.13598217313564334 0.22947422359113023
0 0.24114093220613592 0.44772820498680865 0.13576391832631982 0.22322422359113023
0 0.4812848156860655 0.7104911329317753 0.13441967313564335 0.22941965988879928
0 0.3954018462712865 0.46325897966639795 0.13570935462398898 0.22166172359113023
0 0.7016617699550839 0.49658243347208025 0.1342014183263199 0.22316965988879928
0 0.7930680530721936 0.7455680596956157 0.1360367368379741 0.23103672359113006
0 0.5489087921876025 0.4795437224948218 0.13727185462398897 0.22171628729346118
0 0.8567857795737307 0.5144842400028351 0.1342559820286507 0.2247321598887993
0 0.6145164009031246 0.25788946650437206 0.13392859981466554 0.21535715988879928
0 0.9412177993591786 0.7635789936310321 0.11756440128164272 0.2357787872934612
0 0.16486864200226797 0.6768130150609425 0.13743554573098155 0.226403787293461
0 0.1601637176006804 0.20690974282842384 0.1339831635169964 0.2169196598887993
0 0.765761442372937 0.27643611377929966 0.13231153611233476 0.21374009618646853
0 0.32387161976974943 0.6940699808475242 0.13749010943331239 0.2279662872934612
0 0.38536707032575285 0.06417663892222511 0.12062501324684397 0.10252977767481417
0 0.3129166953681618 0.22394845380568232 0.13080359981466555 0.21524803248413757
0 0.4656696731356432 0.24098716478294077 0.13392859981466554 0.21535715988879928
0 0.5347495114327454 0.07407497249482184 0.11949902286549072 0.11497521397248331
0 0.6795535799443997 0.08693461496042601 0.12160715988879929 0.1306547776748142
0 0.9701289946425223 0.5344197724869726 0.05974201071495529 0.21975199400955034
0 0.049670227937117443 0.6626463329396246 0.05769348202865067 0.2220585384745874
0 0.9155258293962454 0.29727194735189644 0.13085816351699647 0.21681053248413756