0 0.2722259487188737 0.19211373536566884 0.21007282092583343 0.11681583703942992
0 0.41492479342775274 0.7169223169441497 0.21163532092583354 0.11682492739850954
0 0.2474163856509231 0.3390932744950844 0.20851032092583344 0.11680674668035032
0 0.46174640529563027 0.4159501694034778 0.21490587014004525 0.11996810811666876
0 0.731455399504662 0.1925661697962612 0.22122864474715093 0.12156696955298721
0 0.437536155709915 0.5668314133533535 0.21178087014004526 0.11994992739850954
0 0.4850298556671337 0.2681984706331418 0.2132705955329392 0.11839651775758915
0 0.07168660132390756 0.2643983224050987 0.1433732026478151 0.11182835518980258
0 0.39231343114559036 0.8670132205349457 0.21163532092583343 0.11682492739850972
0 0.5076776052528491 0.11732631704234557 0.21490587014004525 0.11996810811666876
0 0.22335168527941957 0.48684951844496016 0.20538532092583345 0.11678856596219092
0 0.6358858027333776 0.8023320552366847 0.2213014193542568 0.1231294695529872
0 0.20088587221146897 0.6338154220357564 0.20538532092583345 0.11678856596219109
0 0.05970883209348519 0.4089795693800366 0.11941766418697038 0.11016586123992678
0 0.6844518511190198 0.4974445673369331 0.2210830955329392 0.1184419695529872
0 0.6593511896226458 0.6506741064663488 0.22115587014004526 0.1200044695529872
0 0.706318350704735 0.3465769589256768 0.22435364474715094 0.12158515027114651
0 0.17842005914351838 0.7807813256265526 0.2085830955329393 0.11836924668035032
0 0.6143831761831916 0.9453871636479411 0.22035534946188076 0.1028169695529872
0 0.7545569133584008 0.05123647790120942 0.22057367328319835 0.10247295580241884
0 0.04698620016661574 0.5535653615345144 0.09397240033323148 0.11161927693097126
0 0.29756205066195374 0.05176196701890447 0.2048758986760925 0.10352393403780893
0 0.5328660039289413 0.014372803036782658 0.20770549214211725 0.028745606073565317