0 0.8832472745932802 0.2868981850745318 0.23077834308955403 0.198197867244561
0 0.49547300117835036 0.7548371257261256 0.29957379488495217 0.20921244995721883
0 0.5450740671405414 0.552581112905844 0.3010999334486337 0.20303522456432468
0 0.8277860523098184 0.690935021716131 0.3026987948849523 0.20935799917143055
0 0.589170021666414 0.356829811210433 0.2916885720123153 0.1963485769216895
0 0.8602087086310892 0.48791702957401384 0.27454652380771344 0.20336055624352517
0 0.9070125484009935 0.09521795327149686 0.1853749394987581 0.18046240363849117
0 0.6379171147559681 0.16711018569370434 0.29010789129415604 0.19315080231458365
0 0.2708831090986274 0.426326943756475 0.2760363009350765 0.19093333085063086
0 0.32275520218818154 0.23646176902553462 0.27601812021691713 0.18780833085063087
0 0.37298752722555895 0.07177649255640191 0.2696499455488821 0.14355298511280382
0 0.7868423688611849 0.8818532741973304 0.31969539734428026 0.1773460198495947
0 0.6793829729708328 0.03815485566713374 0.27557269262201595 0.07630971133426748