0 0.4586295365775775 0.16818309460536646 0.14685904844057554 0.23128745735199913
0 0.2187353429268184 0.43828869863941033 0.14724105041774188 0.24066245735199915
0 0.6189622001137307 0.15146666725018565 0.14673171444818678 0.22816245735199914
0 0.29667070604522977 0.18335520329409272 0.14204421444818677 0.22810791335136282
0 0.98647069368794 0.3604571225334607 0.02705861262411986 0.2316863520050907
0 0.7817022806460784 0.13628546789468668 0.14536021543677008 0.23283177601845367
0 0.8101110539149641 0.6416633112269594 0.15205588441013057 0.2438420013526354
0 0.13883823178557336 0.702624465985046 0.14918555239490824 0.2500556386855447
0 0.7131737510257642 0.39189112523873165 0.1485488824329643 0.2344306386855446
0 0.6403715568807136 0.657707576583413 0.14268088441013074 0.24373291335136288
0 0.8782894150562092 0.3774639038829145 0.14542388243296428 0.23439427601845358
0 0.9516161798663662 0.6273360872056422 0.09676764026726765 0.2373011000159085
0 0.38378733996106884 0.4222989772835932 0.14861254942915866 0.23599313868554467
0 0.9362558349809721 0.11957813120627858 0.12748833003805587 0.23117836935072647
0 0.07162026239447072 0.45328808465945486 0.11573638243296433 0.23404883068109025
0 0.30623397881982384 0.6866074726289109 0.15205588441013065 0.2438420013526354
0 0.47681839285026867 0.6721166166056847 0.14893088441013055 0.24380563868554467
0 0.1387454595052709 0.20160685864895536 0.13722938045579797 0.22492836935072652
0 0.547994419999125 0.4047558465945487 0.14516921444818678 0.2281442760184536
0 0.37370675543720744 0.023963116645455522 0.12241351087441492 0.047926233290911044
0 0.5304515039543327 0.016013709301410557 0.12027800790866543 0.032027418602821114