0 0.18535071347211085 0.27863756352630414 0.17206946347211086 0.2806601684215191
0 0.48514180234961113 0.623022326019336 0.16283083116686256 0.28841812626704133
0 0.683261702511767 0.6484348955957644 0.17209673701106123 0.28222266842151916
0 0.3873905004037418 0.3048086572050335 0.16891718993316046 0.2790794877033598
0 0.2808128124958809 0.5999898678792261 0.17220583116686256 0.2884726684215192
0 0.5832621079522238 0.3357036123200813 0.1594876428552599 0.2758999455488822
0 0.489726747564368 0.08159893706287104 0.14507849512873605 0.16319787412574208
0 0.08347416233372511 0.5745727531232581 0.15205697240056462 0.29772949375348395
0 0.2941551489443398 0.06626430767257167 0.15697847727182862 0.13214994554888215
0 0.03475069561520337 0.24513523799794745 0.06590128408896187 0.2847295240041051
0 0.09312843709378674 0.05336991881430255 0.1735659594149211 0.09787493949875796