0 0.10006086982083287 0.2657790152235064 0.1706835391920826 0.28219539734428023
0 0.5010156160599092 0.2306393832991242 0.16751307508545993 0.28061471662612103
0 0.30288199294037105 0.24819556372269588 0.16751307508545993 0.28061471662612103
0 0.6960242391794473 0.2131013835937118 0.1643426109788372 0.27903403590796183
0 0.5925820242814017 0.5199013503180288 0.16250732633910125 0.2696499455488823
0 0.20553065366914613 0.5604279190106943 0.16563232633910116 0.26966812626704134
0 0.782190093560874 0.5000514168693949 0.1561209340192331 0.2649260841125637
0 0.9390765910535915 0.47726738096143323 0.10138796991261038 0.263045421544777
0 0.49028477223633776 0.8141967718628058 0.1527686134861197 0.25709540339440445
0 0.8587452672217728 0.7683105374790956 0.149461757059629 0.25082722267624524
0 0.3997807588419956 0.5421132144848217 0.16241639812585582 0.2665249455488821
0 0.6776172876757439 0.7920167239527914 0.15111518527287443 0.25396131303532476
0 0.8871720764056082 0.19402360978599847 0.1565755750854599 0.2805510841125637
0 0.19564746912118763 0.04185570189359396 0.16808006175762474 0.08371140378718792
0 0.4005168255476783 0.03499664783525956 0.15834134890464338 0.06999329567051912
0 0.6022611819741691 0.02815350190531451 0.1532901360516618 0.05630700381062902