0 0.65234375 0.8439812645149694 0.29375 0.20073475204506402
0 0.3546875 0.9257705413036537 0.28125 0.14845891739269276
0 0.3625 0.566797672736462 0.2765625 0.1908596468722145
0 0.36015625 0.7573544765765281 0.28125 0.19255853919208263
0 0.65859375 0.2613506209414601 0.2859375 0.1958199315119507
0 0.3671875 0.3778715650563301 0.271875 0.18134825455234652
0 0.65625 0.45346992478152603 0.290625 0.19126882383181876
0 0.65703125 0.6433364068348374 0.29375 0.19448475204506402
0 0.121875 0.8605774503165691 0.178125 0.17549540815498546
0 0.11328125 0.6720461477301443 0.20625 0.177876262074194
0 0.1265625 0.9812643718658969 0.14375 0.037471256268206334
0 0.1109375 0.4883842015702104 0.221875 0.1673934031404208
0 0.64609375 0.9739305596460536 0.2578125 0.05213888070789281