0 0.496799752108495 0.7963825579671593 0.1879930853755436 0.312010162371395
0 0.7132096193507265 0.12398434143923412 0.1965862880330894 0.2448772045258726
0 0.9219749973345 0.11573043814302555 0.1560500053310001 0.20872153590796177
0 0.24471415802036267 0.149595479020957 0.21130331604072533 0.299190958041914
0 0.4828590480187719 0.13716768101274684 0.20009309603754383 0.2743353620254937
0 0.7127969221037225 0.7599672932346322 0.18784763470717997 0.29951016237139483
0 0.8235589627227702 0.4085179018422803 0.18497717337681613 0.3213669816532356
0 0.2683025821132675 0.8328705455723233 0.20054762937617987 0.3167703852440319
0 0.05735960868872626 0.16247272892276116 0.09596921737745252 0.3249454578455223
0 0.3774293973981334 0.475180244539051 0.20385444271163422 0.33241356596219107
0 0.13950268340226957 0.5070352742986927 0.21484648671227063 0.3371646984757485
0 0.6044186113939972 0.4433888472929667 0.19913058004454348 0.32926129488495237