0 0.38276027117888695 0.7563001874975285 0.14794472116625174 0.2540171185055307
0 0.20531122109974467 0.7227495275961401 0.14312082884638358 0.24924779788867965
0 0.11551396905468062 0.42758130357072244 0.14022314937949704 0.2570057508107789
0 0.2920681088672662 0.4572120767026357 0.14660954169936513 0.2618023449665802
0 0.67100310259906 0.5184861363591428 0.1625982545523465 0.2745750803560837
0 0.4764574807331631 0.48776046752930063 0.15460389812585582 0.26818871266133204
0 0.5697889097378313 0.7970457386326191 0.1512061134861197 0.25875916558343126
0 0.060583742807357024 0.6866466120127088 0.08829693652651557 0.24360572402541775
0 0.12296303701400454 0.9237102353895035 0.13414298244902273 0.15257952922099313
0 0.2930171242401654 0.9431449381080842 0.1362223079967011 0.11371012378383157
0 0.47012519351963755 0.9634290746740408 0.1366936694377568 0.07314185065191836