0 0.3524591424753486 0.4693646409995685 0.21404549917143045 0.3027260659621911
0 0.715896596156621 0.5855724657423582 0.19591192927905432 0.2823135720123153
0 0.882880734907916 0.6412462697024968 0.18617305624352481 0.27444652985783763
0 0.8634052586864523 0.33792582698228496 0.18431945781510173 0.2681874394987579
0 0.6944048556671337 0.27520713748352704 0.19405833085063087 0.2760544816532356
0 0.5177375018620268 0.20931799618937097 0.19740165467194845 0.2807601623713949
0 0.9542058488427081 0.15012182083396491 0.08562078453190339 0.16139201795398087
0 0.5395738447088789 0.529062869627742 0.20096330231458365 0.29015334308955404
0 0.8264832632345664 0.10717982103035664 0.1576027923897861 0.1305692648307229
0 0.9602588339555119 0.38928431478384073 0.055612260958254466 0.2549420300542293
0 0.6537392760548479 0.057724200813439444 0.1526584272121397 0.09148858411256369