0 0.03871507944776746 0.8426323953294093 0.06037606802990771 0.2209852093411815
0 0.33872417011454015 0.8399228292886839 0.1638101507001803 0.24874767735518083
0 0.18253342604231623 0.30963698730904654 0.17656468936981645 0.2707681280235444
0 0.4395850467456782 0.5769950206079117 0.16700787603436212 0.25503404002227176
0 0.5449607007081345 0.2991689179265034 0.1687340080362711 0.2691147213558171
0 0.7207692227084527 0.29946726790264083 0.16711696403563464 0.26440904002227167
0 0.7871140274108601 0.5620121738940502 0.15919537603436212 0.25494313335454455
0 0.5113167854471311 0.8324450419319123 0.1606487880330894 0.24558631468808975
0 0.16378780478194926 0.8474278886457738 0.16379196936663484 0.24718517735518084
0 0.08651459074631451 0.5857915019891824 0.16237492003499837 0.2596669960216353
0 0.26382197807922364 0.5806029206317744 0.17018742003499837 0.25975790268936266
0 0.6137492527450419 0.5702803019175947 0.16546355736790747 0.25657835868872636
0 0.6807571287794039 0.8226598672422314 0.15436242536599848 0.2423885893539083
0 0.3668902447087708 0.3059290899506841 0.16559082670272565 0.2675158586887263
0 0.9004021787078162 0.2926889145449147 0.1686976453691802 0.2659897213558171
0 0.04510615137649801 0.3174869446610457 0.07950787603436206 0.25401588534372677