0 0.3832275673417715 0.779227881103604 0.26333906743868074 0.17785954169936496
0 0.43194043711715346 0.924003172011546 0.26079464247680556 0.1356265775927426
0 0.6121130207046533 0.6373202112701358 0.25549019984750015 0.17606972116625172
0 0.23583427611989607 0.2909957583797772 0.26170383225631955 0.1746890775927424
0 0.8286621282278477 0.5028075042896492 0.24284472948277802 0.16945600831327018
0 0.5630728426086462 0.4784824203621936 0.2460060970739585 0.1711094365265156
0 0.6619890001874312 0.7984790201247668 0.25236519984750017 0.17597879295300628
0 0.8784851363022572 0.6584520990376573 0.24302972739548565 0.1711094365265156
0 0.46348453780340293 0.16319605265293174 0.25065722948277785 0.16968332884638362
0 0.28416593939826423 0.4529812813410308 0.2601413322563196 0.1746436134861197
0 0.5124701645126392 0.319690093560874 0.25221972948277804 0.1697287929530063
0 0.9034049422480559 0.818503048958515 0.1931901155038883 0.17020015439406216
0 0.3340419188810422 0.6141400901956617 0.26170383225631955 0.1746890775927424
0 0.7781140015186114 0.3463589274883295 0.24117312670923638 0.16472304420664746
0 0.18599466422829872 0.13139944952514632 0.2602140674386807 0.1777686134861197
0 0.7025075102554175 0.9270753815658225 0.2444422906531946 0.10392193652651542
0 0.7284925951740974 0.19613761863369866 0.23477765634451409 0.1582911877801568
0 0.9588334053945836 0.3909714308535418 0.08233318921083281 0.12763691818411554