0 0.28708885360021913 0.45633222605730783 0.1546661910658786 0.23688416558343128
0 0.7178830510762385 0.19042916761861675 0.15986311331561964 0.2479034862002823
0 0.44884399090377214 0.4527281647759477 0.15452064185166686 0.2337591655834313
0 0.0703638498761655 0.21579654951353264 0.140727699752331 0.2397909772718286
0 0.7711192512428543 0.43851606575217766 0.15303091645877273 0.23529439204448083
0 0.5040793387130229 0.6914127893705582 0.15117731803034928 0.22901711850553053
0 0.6115987020286425 0.4444229667251123 0.1546661910658786 0.23688416558343128
0 0.5559823645584739 0.19715822889997695 0.15659256410140793 0.2447239391223816
0 0.34608490219525834 0.6980736668045425 0.14976036724456102 0.23211484496658025
0 0.886142899504662 0.1812472621814552 0.15993588792272534 0.24946598620028232
0 0.12667789247534864 0.46459651379971767 0.15452064185166692 0.2337591655834313
0 0.39251917804070924 0.20391456372028743 0.15808228949430206 0.24318871266133196
0 0.18738199028459954 0.703185681008002 0.15125009263745515 0.23057961850553071
0 0.6621465498378936 0.6831894119365739 0.1511045434232436 0.22745461850553053
0 0.22831112882649754 0.20990328531007316 0.15808228949430206 0.24318871266133196
0 0.820995010962764 0.6749523977331144 0.1512500926374553 0.23057961850553071
0 0.4035569921466264 0.9054946546296779 0.1408904813887503 0.1757557508107787
0 0.7131867032714968 0.8946257439175106 0.14452490363849116 0.18674779788867965
0 0.9197386877606188 0.4320188295518953 0.12966619106587843 0.23644778896022595
0 0.5583900413608381 0.8996695742735941 0.14118157981717375 0.18200575081077872