0 0.3142502715136507 0.5748663767106799 0.3096591923687925 0.19887604137490716
0 0.37473993791115623 0.7802993113860431 0.3128660129856435 0.20359990404199807
0 0.2528702609603439 0.3756743513685438 0.30787850405718975 0.1863578600413618
0 0.12849440909720009 0.9189499946689998 0.22314894805083538 0.16210001066200022
0 0.6564553624230411 0.6226071794239049 0.29702282467404084 0.1909180907065437
0 0.09057767674729375 0.7254096273472266 0.1811553534945875 0.18646585335772628
0 0.7185484391289721 0.8257145454328135 0.3064796452908919 0.19571467870781625
0 0.4343489427824202 0.9431334766868172 0.30985801542127545 0.11373304662636556
0 0.7802245044708174 0.9631787301081769 0.28861821509696384 0.0674078653723619
0 0.06271068547222894 0.5148352066756814 0.12542137094445788 0.18279541335136287
0 0.032438578734525866 0.3089937393379998 0.06487715746905173 0.17423747867599956