0 0.4151486607287751 0.2944331605332227 0.22771112602253202 0.155979380455798
0 0.6302184166012699 0.4924555305717163 0.22132473370266403 0.1510372124710205
0 0.15018495797143053 0.872524962928131 0.24664298244902275 0.16299338441013056
0 0.157947296846944 0.7130226289357422 0.2434270542357774 0.1597410504177418
0 0.1656641716158348 0.5550827949433534 0.2418645542357774 0.1596773834215476
0 0.3855397847727501 0.9097544130046806 0.230836126022532 0.15610671444818677
0 0.8396783331360329 0.5346417360854735 0.2070349131695508 0.14265170950527092
0 0.6384664887837359 0.34307761308123036 0.21507473370266403 0.1507825444862429
0 0.1725997963847256 0.39717479444906184 0.24030205423577738 0.15961371642535313
0 0.17951268910030505 0.24004804395477022 0.24195548244902274 0.16280238342154751
0 0.3931657313283955 0.7549395790122919 0.22931909012915472 0.15760554745199223
0 0.40761364238637504 0.44612299452561144 0.22771112602253202 0.155979380455798
0 0.6175603260764038 0.7933959480622024 0.21976223370266404 0.15097354547482594
0 0.8263753849310348 0.8309264870740567 0.20712584138279624 0.14577670950527094
0 0.14566729104095627 0.9741511299243253 0.22140363855894432 0.04647704646340926
0 0.6234873803121811 0.6433322810660079 0.22141566191590947 0.15416221247102033
0 0.40076894583072964 0.6009059950199032 0.229273626022532 0.1560430474519922
0 0.6051703231734098 0.9242148665412714 0.21384720282385175 0.10859504448624265
0 0.8338194750601893 0.6823616530816679 0.2085519490629281 0.14115287650146513