0 0.8788255521226083 0.5450196234484037 0.1822033681758551 0.25975790268936266
0 0.3224958972562246 0.12164137937617985 0.18561679451244917 0.23793744668999897
0 0.19672016546031457 0.34814824069063527 0.19176037869919876 0.26299199069063517
0 0.711160639010781 0.4946639927593594 0.1856013839608707 0.2644817653564534
0 0.49057803932136457 0.16575610073199698 0.18505535239083953 0.2551067653564535
0 0.5932807072007534 0.7360964200747693 0.189090405007558 0.27076812802354444
0 0.42023804935059805 0.6872396547183157 0.19221540500755802 0.27080449069063517
0 0.24480613886960664 0.637574367361544 0.18927241553090174 0.2738931280235445
0 0.0942832231269434 0.5866374813414996 0.13578339448421434 0.26702496268299925
0 0.5396349785297896 0.4450441587364514 0.18854437343752686 0.2613931280235445
0 0.765496612420073 0.78416284476445 0.19083491553090165 0.27391130935708985
0 0.15325307359281873 0.09781188602004454 0.18150614718563746 0.19416926535645346
0 0.6575527076948637 0.21766514075426874 0.1817483418674959 0.25194540268936266
0 0.3719245627871263 0.39390727804740694 0.1914873629141832 0.25830449069063527
0 0.06848177339517464 0.30449714334022693 0.101969836605824 0.2494556546785449
0 0.819748870806691 0.26795713677590405 0.17384483660582398 0.2502919960216354
0 0.9204800365140606 0.83375540678704 0.15903992697187874 0.26918744668999894
0 0.5916183526026011 0.03733220341340541 0.1301117052052021 0.06241018801718103
0 0.4339577710466874 0.011295320058860928 0.1335405420933748 0.014045413351362807