0 0.09665998363615698 0.6133714333078167 0.16015991316955058 0.14074169961943922
0 0.12473482251167045 0.7737014382507326 0.20060305674305984 0.13614704152049342
0 0.38137727909644575 0.8512666586304185 0.23658602084968247 0.1391738824329643
0 0.5816427373970807 0.6003593691242726 0.251012233702664 0.15224688539871387
0 0.542153025402029 0.4231774452079959 0.26204066191590947 0.1558175543720747
0 0.6575282536279097 0.9288464664625341 0.24587009263643722 0.1364308844101309
0 0.33767744022093227 0.6902999837255587 0.24458037727617327 0.14574221741393636
0 0.2929008346523714 0.5191452253226017 0.24614287727617326 0.14580588441013073
0 0.6201238788590189 0.769696959542452 0.2507394490629279 0.14287188539871387
0 0.15499428701400456 0.9286581936879401 0.23015416442319178 0.13266921444818677
0 0.42019338967957154 0.9681663626613008 0.23030727711788862 0.06366727467739822