0 0.3115437005708413 0.24184853998760442 0.2976920365775775 0.18020187195958356
0 0.2525494080617648 0.4422290932742364 0.29912720258518866 0.17711323955076405
0 0.19615353353746584 0.6364141979476391 0.2926862015966055 0.17228026918604195
0 0.5870636709133461 0.3890197064001047 0.28649986859279986 0.17369729882131962
0 0.4684675908381089 0.766306945382188 0.27530770060802234 0.1671927256830557
0 0.1435365054000264 0.8236044202122225 0.2870730108000528 0.16755640159486127
0 0.5253263803814359 0.5799525245043755 0.28324753460041113 0.17049956363895866
0 0.7806121051725649 0.7055389784359382 0.2656143656270505 0.15916202013597242
0 0.4082755542605314 0.9317617591180557 0.273044863649884 0.13647648176388855
0 0.09318231422072529 0.09287979065319452 0.16825920456235505 0.18343336189159737
0 0.11565690311884891 0.9562526128415278 0.23131380623769782 0.0750052256830557
0 0.7162273171121127 0.8846803113578477 0.26542336463846716 0.15447452013597243
0 0.03190262152136837 0.5079768073706944 0.06380524304273674 0.15970361474138883
0 0.6591403758956306 0.9902672029816323 0.2528995069200821 0.019465594036735468
0 0.05690326876448979 0.30461607123840284 0.11380653752897958 0.1746025693385418