0 0.5403816438282388 0.4702780351555851 0.4624646803253757 0.2839685090962279
0 0.5008889144144983 0.8011128122438903 0.46877831283893306 0.2951971075246515
0 0.15036011094533913 0.3235551623249435 0.2983021863755 0.25913967535011295
0 0.5760590268327755 0.15525019458504447 0.4498646863754999 0.26619881223938113
0 0.16919088241536145 0.075 0.33836358411256373 0.15
0 0.9107857573662634 0.30214004136083805 0.17842848526747304 0.26461907981717364
0 0.12872704722264328 0.6348030314315315 0.25146354781181846 0.26320643713693703
0 0.8969033128389331 0.6333001501283437 0.20619337432213386 0.266001797352185
0 0.1053360407797356 0.9125299251452251 0.19158857806243948 0.17450350206691462
0 0.8791396167990715 0.8997984454136141 0.24172076640185694 0.12087338792272533
0 0.9262266775949012 0.056585870349442145 0.1368283551898024 0.11317174069888429