0 0.63671875 0.21875 0.296875 0.1796875
0 0.35625 0.35703125 0.28125 0.1796875
0 0.71953125 0.61015625 0.29375 0.1765625
0 0.31484375 0.1640625 0.2859375 0.184375
0 0.6796875 0.41953125 0.29375 0.178125
0 0.4 0.5484375 0.28125 0.178125
0 0.6 0.05546875 0.296875 0.1109375
0 0.140625 0.67265625 0.2640625 0.159375
0 0.0703125 0.11015625 0.140625 0.1609375
0 0.44296875 0.73671875 0.2796875 0.1703125
0 0.7609375 0.80234375 0.2875 0.1765625
0 0.09140625 0.29765625 0.1828125 0.1734375
0 0.1125 0.48984375 0.225 0.1703125
0 0.2734375 0.0328125 0.2671875 0.053125