0 0.323063140634956 0.23928028287114592 0.14482379336408951 0.229044392044481
0 0.926879578652137 0.12323173213650196 0.09624084269572605 0.2156989123370204
0 0.2677376519335031 0.4946166193163095 0.14807606269890758 0.24003643912238157
0 0.37048829256845905 0.7300513331954575 0.15127378803308938 0.24634098620028233
0 0.10953425326227599 0.5254557418823251 0.14647720003181672 0.23688416558343128
0 0.7961017459818646 0.14751689163414855 0.1464226560311804 0.23219666558343127
0 0.8614956479153676 0.6386015876563891 0.15594310669954367 0.2448603068171334
0 0.5849256992759572 0.43295201095375335 0.1496203813653622 0.23850121266133203
0 0.747008075946866 0.40452482223511355 0.1512010626989076 0.24009098620028232
0 0.47891369863941036 0.2091814999967047 0.14954765603118042 0.23225121266133195
0 0.9091268152848659 0.3729726335164737 0.15116470003181703 0.23696598620028234
0 0.4267132099379574 0.464572383519769 0.1496203813653622 0.23850121266133203
0 0.20759739389723197 0.760808635144622 0.14816696936663476 0.24784893912238157
0 0.5333791912396861 0.6992940312462929 0.15281810669954404 0.24480575973923263
0 0.6355636879774101 0.17753385389173873 0.14952947469763486 0.23068871266133195
0 0.694680317910595 0.6708532057581779 0.1481487880330894 0.24628643912238157
0 0.06424683589277766 0.791125606330666 0.12313060669954394 0.24428756249917621
0 0.1710915606301835 0.27179099959296293 0.14011811203054406 0.22740007142762994
0 0.9712070025859582 0.6116044853829129 0.04649538136536222 0.23670115909060954
0 0.5379267139958639 0.039864484168392125 0.12102157200827221 0.06303756249917618
0 0.3861369473265458 0.05675020089020914 0.11984088001272664 0.09582278896022585