0 0.4596049498543507 0.4218947811333752 0.22757473370266404 0.1499901094333124
0 0.4524326105166188 0.5785540089008567 0.23226223370266402 0.15015380054030486
0 0.46443353919208263 0.2653173989193901 0.2275292695960413 0.1484276094333124
0 0.6856877282258805 0.47812738984889747 0.21958037727617316 0.14346729092165802
0 0.6807454786215921 0.6307985220628826 0.2212338054894186 0.14664685462398896
0 0.8933878826199425 0.682026172248217 0.21172241316955082 0.14163197241000383
0 0.898612310899695 0.5300817263319011 0.20277537820061015 0.1382887176006804
0 0.22555524412750522 0.19936504982251474 0.24338159012915472 0.15678574645662097
0 0.6735049431239262 0.785113999830364 0.2212338054894186 0.14664685462398896
0 0.4476267532321983 0.7359126411148418 0.2323531619159093 0.15327880054030488
0 0.21930054710964142 0.36068449573883077 0.241773626022532 0.1551686827542901
0 0.2075496710206024 0.6825148557202974 0.246461126022532 0.15533237386128268
0 0.8867694727490975 0.830845618164533 0.21176787727617352 0.14319447241000383
0 0.44123566389446633 0.8925445870311577 0.23543269780928675 0.1518254279449664
0 0.21536686803846622 0.5211408461016505 0.2386031619159093 0.1534970553496283
0 0.20129497400273855 0.8438343016366133 0.246461126022532 0.15533237386128249
0 0.690675441936792 0.3270187576349123 0.2212338054894186 0.14664685462398896
0 0.19222751405275096 0.9622395612552601 0.23936402837152987 0.07235618275429019
0 0.6657643024534108 0.9222419775978455 0.22036998746358769 0.11695935462398879