0 0.20981921318218583 0.6361535085214166 0.16893918276559194 0.277809174511885
0 0.11582019444407439 0.3307608506486231 0.16875732633910118 0.271559174511885
0 0.4049869606749034 0.661424064120734 0.1625982545523465 0.2745750803560837
0 0.7819275453937817 0.7078271002382908 0.16563232633910108 0.2715046274339844
0 0.5938137799543755 0.6834605255642499 0.15956418276559176 0.2776455332781829
0 0.3063459060434146 0.35751208563108944 0.1623709340192331 0.2667625803560837
0 0.49448240353613215 0.38265991030513025 0.16228000580598767 0.26363758035608365
0 0.6803433471887838 0.4101105746707455 0.15437657759274223 0.2603762126613319
0 0.5815575400500125 0.1280599594116258 0.1443650801000249 0.2383375714276299
0 0.2145375246106062 0.10057056452777106 0.1584897645814764 0.18704780681713334
0 0.05404029381093613 0.08605627678536122 0.10762594655564543 0.15648755357072244
0 0.4015517913036536 0.1139860024323367 0.1561831185006845 0.21511825973923263
0 0.05380489390271368 0.6146897913958578 0.07978575455234652 0.2731295827917156