0 0.7805290741851036 0.6768368119610437 0.15400174145062523 0.2468417797373265
0 0.6946013723408332 0.16781261476543421 0.14411759517409733 0.2244754568065479
0 0.31103615140743013 0.5497631411118586 0.15396537385944464 0.2452792797373265
0 0.7373109767298954 0.41644486657445656 0.14909603590354195 0.2372211182719372
0 0.8895995221327426 0.4604073077771722 0.1474971683123613 0.23557673111680746
0 0.5429304227776736 0.1309223671402834 0.14226415444465293 0.2118935696514182
0 0.5849860637358677 0.37404492537174083 0.15225740349472244 0.23894739258219663
0 0.843020035334861 0.2100078380803255 0.14255509517409734 0.22439356965141818
0 0.43109865074184006 0.33156309701389536 0.14905966831236128 0.2356586182719372
0 0.8261636568226729 0.9100289337394838 0.15825283035645832 0.1799421325210325
0 0.277974303952222 0.28990346223361485 0.15062216831236128 0.23574050542706698
0 0.4680667481970481 0.5916274937799636 0.1523301386770836 0.24207239258219673
0 0.6664801855080201 0.889466910616649 0.1557097118153475 0.22106617876670215
0 0.053082753515381685 0.7336214054724954 0.10616550703076337 0.25161781094499086
0 0.18766681411711744 0.7756119108995623 0.15879834422416686 0.25177494120271576
0 0.5079598239007632 0.8604494148562912 0.15574607940652802 0.25473616689245626
0 0.34860366090673545 0.8176809814554916 0.1557097118153475 0.25317366689245624
0 0.15562260600458291 0.5056369255988835 0.15073127108590295 0.24042800542706697
0 0.6266598449866662 0.6335737336031982 0.1523301386770836 0.24207239258219673
0 0.9219892223614924 0.715538543077851 0.12424150626826388 0.24216092378986112