0 0.19420151105422723 0.9002439408609908 0.287688516875041 0.19747442927905431
0 0.1642882886442234 0.6934866726640256 0.2703373257680484 0.19198640860089
0 0.47905268229095394 0.7437755012428543 0.29846232576804843 0.19329635152879518
0 0.11044894899635889 0.2945611751452251 0.20583831614940157 0.1765026497095498
0 0.08420636360966362 0.10328335773404836 0.16644843393541645 0.1653082845319033
0 0.13297625734121216 0.4914896790741666 0.23736113466105585 0.18577064185166686
0 0.3879315974524128 0.35284659429459425 0.2902678798517325 0.18199497849326604
0 0.4330060283926043 0.5455948664205007 0.293502007256394 0.18526552770747778
0 0.3438293894703793 0.1655306848651348 0.2870337524470708 0.17872442927905435
0 0.6564410060752678 0.2213974253546221 0.2711359339354164 0.1701841832079957
0 0.6080605258607157 0.06315700971990967 0.2661210517214313 0.12631401943981935
0 0.7028869640573013 0.40860417287342277 0.27760418874473985 0.17672528163641915
0 0.3076959381117677 0.03580475930562491 0.26829862141421196 0.07160951861124983