0 0.23407743385508478 0.6898336178792261 0.35817542740790576 0.21764305971567524
0 0.6118615971294964 0.6345269317001179 0.3423866530976463 0.21442715612487895
0 0.14631840004542854 0.08504262051150477 0.23236319990914295 0.17008524102300954
0 0.09183893995952026 0.29940912665982483 0.18367787991904053 0.21669766237139498
0 0.31609979703863933 0.4659870517206433 0.3601473631835545 0.22546465007475475
0 0.05050020974722399 0.5301096808163551 0.10100041949444798 0.2054056383672897
0 0.6982439116925319 0.41690309446429624 0.3469103787873866 0.21132942720211786
0 0.7906681863414756 0.1883099409716959 0.34756547602842486 0.2238294272021178
0 0.16417266649800108 0.8917870033196497 0.32834533299600216 0.18632033684303834
0 0.47727515094993966 0.06004209963065765 0.35169969810012064 0.1200841992613153
0 0.3989852973773236 0.24057344038252074 0.3667249118040735 0.2317510115110732