0 0.2877349025873762 0.8513992642067547 0.2834623933073793 0.2891205957773593
0 0.15752075095140214 0.38759763717651224 0.29062227178601086 0.5031558222384088
0 0.5012588220922096 0.4393690482990119 0.3143144397707884 0.5098149253226639
0 0.6309928126634885 0.8766354488682048 0.29035438045579803 0.2283467370110614
0 0.8450605602292114 0.4895779594215116 0.28988744273653777 0.5234410486994585
0 0.047790265285858155 0.8176863319809368 0.09558053057171631 0.3490023360381265
0 0.7284977317112112 0.0808032562925985 0.2944397025851888 0.161606512585197
0 0.3653902366541272 0.06133119196505069 0.29421952669174567 0.12266238393010138
0 0.9798864767682953 0.0977952029253946 0.03959037650146513 0.1955904058507892
0 0.9000001392415033 0.9039483766297959 0.11899403361182763 0.16133869480442442
0 0.0766288255894318 0.03666420292209932 0.1467423488211364 0.07332840584419864