0 0.28888562743727964 0.3285785620921391 0.24335235389503396 0.16045012499835237
0 0.2579791319048018 0.8008393457773592 0.24025462743398435 0.16195807792045186
0 0.30024764164073914 0.17013481655636595 0.24496940097293463 0.16360239853730274
0 0.5333992865278891 0.2890832341683921 0.23548530681713337 0.15718875730360066
0 0.26931387256931094 0.643958100241586 0.2370478068171334 0.15721603084255092
0 0.5439527771923983 0.13218835186314382 0.23707508035608366 0.15877853084255097
0 0.7669890823879738 0.2486157414719928 0.2276182597392328 0.15392738960884902
0 0.27989463677277043 0.4855007179363378 0.24332508035608366 0.15888762499835246
0 0.25016485755507256 0.9351188883910329 0.23159664772652383 0.11338421022569989
0 0.7580526388013653 0.4024128973161914 0.22449325973923262 0.15387284253094827
0 0.5147178758157218 0.5982264090873143 0.23236030681713338 0.1571342102256999
0 0.728981378658391 0.8590759545403618 0.2276455332781829 0.15548988960884885
0 0.9201223961082613 0.6537550292144025 0.12413870373287814 0.13181483603812652
0 0.501847908690163 0.753517881084137 0.23077053327818292 0.1555444366867496
0 0.7394666854755242 0.7060873222351136 0.2292080332781829 0.15551716314779931
0 0.5229003429412806 0.44285311647364045 0.23551258035608366 0.15875125730360065
0 0.9339117552783011 0.3562487836786295 0.12268529788867966 0.13803756249917615
0 0.7507059687537072 0.5546748266993404 0.22449325973923262 0.15387284253094827
0 0.4913216915646042 0.9088502633893853 0.23074325973923263 0.15398193668674978
0 0.9297582690780188 0.5046590101396792 0.1257012037328785 0.13184210957707682
0 0.3062812276788657 0.04832800040374181 0.2405625446422687 0.09011035145940202
0 0.7741993847408802 0.10416631208884379 0.22737279788867948 0.13986488960884896
0 0.54491703368522 0.03217471509366865 0.21954093262955982 0.04913079545304759