0 0.6653870880213886 0.4709676408731024 0.23673745159900647 0.14711371642535304
0 0.9024234797083281 0.5603325242946499 0.18980790944452863 0.13582870653952134
0 0.4279360432346322 0.7215101744477492 0.242996541958086 0.14893088441013055
0 0.3840563165513663 0.20475641456191748 0.2398533612399268 0.1456785504177419
0 0.11895855737798408 0.10330802520887095 0.22737154195808595 0.14829421444818677
0 0.12495805162244747 0.2809382766917457 0.24613063231716562 0.1506207184025195
0 0.6499625968019872 0.3015491374130613 0.2320317708808471 0.14379771543676992
0 0.8955700125912276 0.3951704393136779 0.20544199980360817 0.13802787650146522
0 0.1664440313307755 0.8061902860832859 0.25083631303532483 0.15393671939110262
0 0.4433423537358743 0.8940536779077902 0.2398624515990063 0.1472410504177418
0 0.6962360704601911 0.8098046477931845 0.2367283612399266 0.1455512164253534
0 0.3986904674116879 0.3757055845238614 0.239871541958086 0.1488035504177419
0 0.41253427791292996 0.5481854209877082 0.239871541958086 0.1488035504177418
0 0.8894887051150479 0.23160268783080315 0.21949540944452864 0.1370383794672148
0 0.6337523104030461 0.13288005045492296 0.23360336123992678 0.14542388243296434
0 0.6823831695998696 0.6388873113293378 0.23671927088084707 0.14398871642535305
0 0.17962931167959242 0.9527562561786448 0.25367042154477704 0.09448748764271038
0 0.15106044672723254 0.6297405326232448 0.25238063231716557 0.150875386387297
0 0.3692767199457707 0.058807244599973586 0.24582156010845857 0.09749571840251947
0 0.1364490217646099 0.4548851126613009 0.25236245159900633 0.147750386387297