0 0.7025492688202613 0.4923202427593594 0.2228538626613009 0.1415897053628168
0 0.49280814878176776 0.7108686060629971 0.23079369665368965 0.14480561203054415
0 0.2256538463868595 0.4594402766947715 0.2434846976422728 0.14963856269890757
0 0.2575192476029041 0.7815334526973168 0.24361203163466155 0.15276356269890776
0 0.9049620378133063 0.4346457447883125 0.1900759243733873 0.13359539202736243
0 0.19216227817462048 0.13576641935868064 0.24817219764227277 0.14969310669954394
0 0.20975297927693437 0.29917493869349876 0.24817219764227277 0.14969310669954394
0 0.43046343281352517 0.08153509472467915 0.23866986364988402 0.14645901869827127
0 0.240837130492979 0.6212590240292715 0.2418585306460784 0.14805788136536221
0 0.6876843196951138 0.33831399542485946 0.22291752965749528 0.14315220536281678
0 0.4778476991623286 0.5545186087284971 0.2340460306460784 0.14796697469763487
0 0.7173823844473117 0.6455452400938594 0.2197288626613009 0.14155334269572606
0 0.4604798325466951 0.39657883939367905 0.23554486364988403 0.1464226560311804
0 0.4470818829272559 0.24024702339272452 0.2341096976422728 0.14952947469763495
0 0.17204875494291588 0.025428356023226205 0.24409750988583173 0.049693106699543944
0 0.6712887040680634 0.18507081675681403 0.22773236364988403 0.14633174936345314
0 0.8822461087069682 0.13052131878576728 0.21204369665368966 0.1445874360279987
0 0.653536176882026 0.05601911608845047 0.2193813527754692 0.09469652402927138
0 0.8963895217488298 0.28377358812058534 0.20722095650234032 0.13679311736154415