0 0.3950042889684287 0.5185366573569106 0.15685475768074628 0.2300198606144388
0 0.5391946337491091 0.4673139193378102 0.1568547576807461 0.2300198606144388
0 0.6842117311606255 0.4168451494675443 0.15363875241907438 0.2283482332097769
0 0.13521351806291565 0.3726066315810129 0.15162122611071518 0.22048116950744615
0 0.27627886284359604 0.32149302096657423 0.15162122611071513 0.22048116950744615
0 0.4173897102551125 0.2711606603521355 0.15153022084904322 0.21891866950744615
0 0.16375022881213824 0.13675841161807983 0.14620568401734038 0.20781747840045361
0 0.8166279309629815 0.6204562443880683 0.16521328925077725 0.239667679126093
0 0.2515496915569123 0.5689508635248457 0.15676375241907445 0.2284573606144388
0 0.6677500861823009 0.6718426735141614 0.15887228398910552 0.23788692431676955
0 0.10892184677623185 0.6201190378416153 0.15382076294241812 0.23147323320977709
0 0.3746818966209401 0.7744518406593549 0.1591452997741211 0.24257442431676957
0 0.5554665629283007 0.22249992714235844 0.15300171558737147 0.21741073320977708
0 0.5212159914016206 0.7231472570867581 0.16043478398910552 0.23794148801910034
0 0.2274575571019315 0.8273462060831169 0.15878127872743358 0.23632442431676956
0 0.3023276104245217 0.09669142840830282 0.1403351156156063 0.18734128729346103
0 0.05163663666229373 0.18764384373939774 0.09308068401734038 0.2059623125212045
0 0.04543765749721963 0.41723214001853337 0.05429119980235593 0.20928571996293321
0 0.11746020179790732 0.8742435426509386 0.08690627872743369 0.23381449400955034