0 0.7297520536203479 0.5288293469918799 0.24677085099579193 0.13547739853730273
0 0.4014782977147161 0.9212939419617554 0.2401934687818068 0.12599330438150141
0 0.42490089563046507 0.7647672524323367 0.24509922359113023 0.13232512499835244
0 0.9085069922802698 0.78829762458802 0.18298601543946055 0.1270648806803953
0 0.44958589318339437 0.5996740864418684 0.24537204210278443 0.14013762499835244
0 0.9275446797590652 0.6293044541333247 0.14491064048186963 0.13255122158978558
0 0.6989534653232458 0.6977196688265469 0.23884922359113006 0.13221603084255093
0 0.6708979311098275 0.8557270377391145 0.23238096878180664 0.12585693668674977
0 0.4699281311176768 0.42201273660402416 0.26116073320977706 0.14509786038785571
0 0.6400522135939651 0.9722643323846786 0.23036211179556504 0.05547133523064289
0 0.8947880046200642 0.9390493449649326 0.21042399075987142 0.12190131007013463