0 0.23695534010190683 0.6520300530022916 0.13989216314779931 0.22972648043270852
0 0.17269183725923778 0.3965989770142359 0.14156375730360066 0.236012848023889
0 0.6581969147759477 0.45480172236149247 0.13687625730360065 0.23590374525034735
0 0.07877069318616196 0.632283863507118 0.1367671631477993 0.22965374525034737
0 0.14325238434043377 0.8752149394951735 0.13342397483619656 0.21708101006798622
0 0.10556243303659696 0.12639688620854156 0.14334444561520338 0.24854921561506957
0 0.29763987541198 0.8888020479682982 0.1300535129856435 0.20294577488562524
0 0.8202741749222173 0.4752382428787145 0.14000125730360083 0.23597648043270852
0 0.45752339002247655 0.9006993698722912 0.12808190990138843 0.17947190729444457
0 0.3951127134787014 0.673338742497465 0.1399194366867496 0.2312889804327085
0 0.7655765868522006 0.20865146134357576 0.14323535145940197 0.24229921561506956
0 0.3332202341749827 0.41629061512263854 0.14002853084255093 0.23753898043270852
0 0.9284350969984704 0.22906979806520758 0.1386023985373029 0.24531511284152785
0 0.7138393940796665 0.711995320101041 0.1367671631477993 0.22965374525034718
0 0.272272646104966 0.149849303952222 0.14331717207625302 0.24698671561506957
0 0.4960923810907277 0.4359277018442704 0.13994671022569988 0.2328514804327085
0 0.43672092979018606 0.16866877308267325 0.1402194456152035 0.24847648043270842
0 0.6003470531669807 0.1898501760087148 0.14172739853730257 0.245387848023889
0 0.554051336855496 0.6946292481970481 0.1352046631477993 0.22961737765916687
0 0.0406982278823842 0.37634364124253467 0.0813964557647684 0.23637521751493065