0 0.6583046628065965 0.8634363947902539 0.19753484232430588 0.2731272104194922
0 0.8484023327344785 0.8900399985543063 0.19023018218006946 0.21992000289138752
0 0.4632110215640618 0.8282350183259698 0.19920644509784752 0.3093935405319101
0 0.0809174659963192 0.7230966017868858 0.1618349319926384 0.31494320357377176
0 0.9411944704616314 0.6522136181728704 0.09549956363895831 0.28019151878308024
0 0.2243375448341663 0.4408000494291587 0.20218597473312522 0.30327087452429885
0 0.4216840170987496 0.49576075794584645 0.19273823955076425 0.2997638725471326
0 0.6143248055677426 0.551311715473951 0.19277460714194472 0.30132637254713257
0 0.26261226273034655 0.7786157258168933 0.2040394154625697 0.3158345415204934
0 0.8023144616279161 0.6051091720134723 0.18790526918604195 0.2933228715585493
0 0.5670017427818054 0.23267712060714732 0.184525696047778 0.28225803756616064
0 0.7541010460684373 0.2911302436485715 0.18147343123013915 0.28525570357377183
0 0.9209424007418401 0.3464119457394685 0.15004159327423636 0.27616986364988405