0 0.38804598734881746 0.11181263612779462 0.28177835335772616 0.18131467427525155
0 0.2725526354232686 0.6609591841360049 0.28010676535645346 0.171930583916172
0 0.6120583887253155 0.4284996454975685 0.26602608402290817 0.1702862706844554
0 0.5727248107494962 0.6068655400131784 0.26913290268936263 0.16874195140261464
0 0.6513919667011348 0.25013375098195867 0.26918744668999894 0.17342945140261462
0 0.9061687313414997 0.19863838691336153 0.18766253731700075 0.16828743344863373
0 0.531792370106586 0.7821155248878678 0.2643908586887262 0.16402718032537572
0 0.6899988386775904 0.07645990164588859 0.26580790802036275 0.1515362706844554
0 0.88454881735359 0.37767644712001597 0.23090236529282002 0.1701135538619427
0 0.23245598878099477 0.8408921238311544 0.2738749466899989 0.17345672247985355
0 0.30875212273231517 0.4818302203385542 0.2816692653564535 0.17193967427525153
0 0.8572901674092691 0.5544252994811482 0.2550158586887264 0.16397263817089805
0 0.3495936567074981 0.2987677354638647 0.27854426535645355 0.1719214935570923
0 0.8147225014321773 0.7234343747149172 0.2517817706874535 0.15457945745273882
0 0.9259812446689999 0.0641452122453265 0.14803751066200022 0.07117608411256368
0 0.4086755660009545 0.0062222080419140225 0.261101132001909 0.012444416083828045