0 0.6339347178338658 0.5170909150155399 0.15935904844057552 0.23667386228216217
0 0.3265532993547966 0.5399848753118409 0.15617038144438117 0.2349658130679506
0 0.22838634927824691 0.308287573202145 0.16117621642535312 0.2429966368892682
0 0.4790880503433798 0.5282018511190197 0.15935904844057552 0.23667386228216233
0 0.8604003532325797 0.26013663193137865 0.16423754942915886 0.24157968610347993
0 0.3863898502668301 0.29624983788445347 0.16286605041774188 0.24619441149637405
0 0.7238580863894846 0.740594727464318 0.15610671444818677 0.23340331306795062
0 0.7904075523205462 0.5043447043049542 0.16098521543676975 0.2383091368892682
0 0.4204465849066098 0.7617442512428543 0.15585204646340928 0.22715331306795078
0 0.8778598368837762 0.7310826786643909 0.15585204646340928 0.22715331306795078
0 0.2680073344123183 0.7711835254356754 0.1542258794672148 0.22551803846084476
0 0.17095721536240785 0.5503509487188737 0.15623404844057553 0.2365283130679506
0 0.07592385349831596 0.32032530851983665 0.15184770699663191 0.24775691149637397
0 0.5059490503061987 0.9215130494236087 0.1246418557412186 0.11185364474715094
0 0.5705420854009015 0.752414138960692 0.15585204646340928 0.2271533130679506
0 0.7007706852478022 0.27380964185617607 0.16430121642535306 0.24314218610347993
0 0.5412683512554134 0.2843576517809735 0.15817855041774181 0.24597608767505647
0 0.9248462193167406 0.49652358809385044 0.11554538144438098 0.23307367328319833
0 0.11791183391802669 0.7805136377178377 0.1511645464634092 0.22693498924663302
0 0.04711378604610482 0.5575363641441891 0.09422757209220964 0.2286772717116218
0 0.3574478833100043 0.9299891370986652 0.13388952174882984 0.10916529238978612