0 0.76484375 0.645947317709046 0.140625 0.24709823320977692
0 0.93359375 0.6166169378573136 0.1328125 0.24682541469812272
0 0.6625 0.3995212402117171 0.1390625 0.24079366950744613
0 0.25625 0.7301140528177397 0.1359375 0.24849704210278442
0 0.56640625 0.16615815790506477 0.1328125 0.22807541469812276
0 0.496875 0.4279612426587878 0.1359375 0.23287204210278462
0 0.83125 0.3717533603599847 0.1390625 0.23766866950744614
0 0.72890625 0.13626478286265575 0.1359375 0.23130954210278443
0 0.1671875 0.48713043385059845 0.134375 0.23750497840045348
0 0.425 0.7031274229660072 0.1359375 0.2469345421027846
0 0.33125 0.4587449951058586 0.1328125 0.23745041469812272
0 0.896875 0.11130822795674049 0.1359375 0.22261645591348098
0 0.59296875 0.6738243249654403 0.1375 0.24855160580511537
0 0.403125 0.1976413147986392 0.1296875 0.227966287293461
0 0.0890625 0.7586086189671413 0.1390625 0.24391866950744615
0 0.96640625 0.3467211001083657 0.0671875 0.24140873920022682
0 0.24453125 0.22817953058522109 0.121875 0.22144346878180682
0 0.478125 0.027831072962082603 0.1171875 0.055662145924165206