0 0.08874381655136625 0.4442608138691958 0.1774876331027325 0.14272837226160834
0 0.10403753932580732 0.2867976548562804 0.20807507865161465 0.13890469028743926
0 0.3566216629605701 0.19427621958340602 0.23358518052176755 0.1395866518867795
0 0.577092202482769 0.4292265664429853 0.24772949375348396 0.15405832884638357
0 0.5542081726249316 0.6033005639357029 0.25713176483072286 0.15901861348611987
0 0.6211704971713295 0.10299903556417292 0.24451359016268803 0.13834240063313824
0 0.328350696334449 0.35444684144930294 0.24145222267624522 0.14918897241989287
0 0.3000251875538504 0.5239924633151999 0.2430056323171656 0.1476719365265156
0 0.599163166083828 0.2606440510035791 0.247684041958086 0.14624582884638365
0 0.12655743393961308 0.1314509253102515 0.22887040944452863 0.13476275956691147
0 0.38169036153451436 0.054695202857105094 0.22880677693097126 0.10939040571421019