0 0.31983356380079575 0.7010470687062254 0.23860619665368965 0.14489651869827114
0 0.30232779844057556 0.2330965000397709 0.2356085306460784 0.1479851560311804
0 0.3262320969183321 0.8580783187062255 0.2387335306460784 0.14802151869827113
0 0.5596255756637939 0.760060631405133 0.23073002965749528 0.14324311203054413
0 0.3086626645619175 0.3885652500397709 0.23385502965749527 0.14327947469763497
0 0.5659286082870387 0.914748131405133 0.23241986364988404 0.14638629336408968
0 0.7900425875267919 0.8189651061027681 0.2228538626613009 0.1415897053628168
0 0.31506119767945384 0.5455965000397709 0.23854252965749528 0.14333401869827114
0 0.2953390163116224 0.08074365937299818 0.23529019566510642 0.1401726560311804
0 0.7861469718997417 0.6658673781030862 0.22122769566510653 0.14000902402927143
0 0.5502400109115959 0.4530657440722239 0.22766869665368966 0.14476924936345306
0 0.7700909599995625 0.21433215010340434 0.22441636266130088 0.14160788669636223
0 0.9467589128133064 0.43123948146081237 0.10648217437338729 0.12483746268299925
0 0.5431875617864483 0.2991504034054512 0.22760502965749527 0.14320674936345323
0 0.7762348251323213 0.3651134001034044 0.22604252965749527 0.1431885680299077
0 0.5541992935348408 0.6077259720719057 0.22916752965749526 0.1432249306969986
0 0.9491802352084335 0.7249531187937215 0.10163952958313302 0.12961586935072641
0 0.7831599402650801 0.5159037407701771 0.21966519566510634 0.13999084269572587
0 0.536948196159398 0.14602540340545123 0.2259788626613009 0.14162606802990774
0 0.9493447198853943 0.5781144814608122 0.10131056022921144 0.12641814401654478
0 0.3254110376405227 0.9697499733449995 0.23067167984777565 0.06050005331000108
0 0.7905757812147322 0.9470355621021316 0.21957235376405215 0.09938402402927124