0 0.5566152021047299 0.8391820541396532 0.24645008035608368 0.16036084422416685
0 0.30015492207295774 0.7316916367772224 0.2543989480508353 0.1683551821800698
0 0.8031396002382907 0.7801025673417714 0.24332508035608386 0.1602881090418057
0 0.5596874293765584 0.9627584924005557 0.2374102711033183 0.07448301519888859
0 0.29953949309684585 0.5622149381639934 0.2542353068171333 0.15898018218006965
0 0.8034281521874554 0.6176753025241326 0.23866485389503395 0.16174150626826406
0 0.5534518770269472 0.3447780907087852 0.24645008035608368 0.16036084422416685
0 0.30077035104906963 0.9011683353904516 0.251246674511885 0.16671994699770848
0 0.7954251428552599 0.2934020011373618 0.23861030681713338 0.15861650626826407
0 0.556081593745469 0.674392855526424 0.24176258035608367 0.1602517414506252
0 0.7990428409060952 0.45592018493295206 0.23863758035608384 0.16017900626826406
0 0.29682795576147314 0.22791267334635443 0.2543444009729347 0.16523018218006963
0 0.9589500803560836 0.39647571580250085 0.08209983928783267 0.13172408510611122
0 0.299005884737585 0.39742573955076416 0.2512194009729347 0.16515744699770848
0 0.9611086440730758 0.5527438995980911 0.07778271185384825 0.12856271751493065
0 0.9620685409855255 0.7135177454377786 0.0755375624991764 0.12202177678548623
0 0.5563019618472578 0.5080593407087852 0.23863758035608368 0.16017900626826406
0 0.804399911519651 0.9312565321038196 0.23548530681713337 0.13748693579236076
0 0.5536858818982112 0.17922582589114627 0.24801258035608367 0.16039721181534744
0 0.5467892252432337 0.052554223117604625 0.23732845048646745 0.08517900626826409
0 0.2949227621748646 0.0740246071419447 0.25859552434972927 0.1403392849536113
0 0.7926841521907507 0.13637075113736177 0.23381371266133186 0.1522574034947224