0 0.6558560950933314 0.2375569535512283 0.30481140999505135 0.19156253974053178
0 0.5844072252395145 0.8568897961094997 0.31155273292582975 0.20115579454985522
0 0.6319295149264637 0.44114574502104054 0.30941702283992145 0.19016373084752428
0 0.6089070154922906 0.6423635046396874 0.30958079715018094 0.19328873084752426
0 0.28422019674538357 0.766775749915182 0.30176829715018094 0.1930159123358699
0 0.30962738975712156 0.5646948947430388 0.2953545228399214 0.18967265752654666
0 0.3365970827688595 0.3625594758685649 0.2916563127540132 0.17862603012188494
0 0.25822982756893526 0.9353447006408213 0.29627521370395293 0.11796134863353913
0 0.07109877515899983 0.6749875871159758 0.14219755031799966 0.16990081614940156
0 0.08548936341069713 0.47945683230665237 0.17097872682139426 0.16296133538669527
0 0.05804549723069571 0.8773586189671413 0.11609099446139141 0.17355160580511536