0 0.19272504073264712 0.7328125 0.30699497849326607 0.284375
0 0.6510705417661045 0.828125 0.5062329991714305 0.3015625
0 0.5470892473094037 0.5078125 0.5182621182780183 0.325
0 0.12542610897239342 0.41171875 0.22581775310037192 0.2859375
0 0.4414534075674326 0.16875 0.5329068151348653 0.3375
0 0.2637782111203613 0.95 0.3437200748547749 0.1
0 0.8766663346771285 0.26796875 0.24666733064574303 0.2921875
0 0.9248331418516669 0.6078125 0.15033371629666625 0.290625
0 0.8186066048385643 0.03046875 0.2590882096771285 0.0609375
0 0.06563361621110372 0.134375 0.12704630521006774 0.178125
0 0.9749530740262052 0.8765625 0.05009385194758949 0.146875