0 0.6673014439162491 0.2295946556338996 0.1496192989592032 0.2320499515990063
0 0.037463457711059064 0.16344942164297294 0.07001368611433303 0.23314884328594587
0 0.768353768090223 0.4886974657423583 0.1517550090451115 0.242996541958086
0 0.7020548179539375 0.7437026074292977 0.15520755766563052 0.24926472267624522
0 0.9310430393482647 0.5045184293434172 0.1379139213034705 0.2398624515990065
0 0.1650086035726161 0.18293574072842195 0.1514274604245925 0.236746541958086
0 0.18113480834299908 0.6992783582148647 0.1598131705105008 0.24772949375348396
0 0.43086041214275783 0.4570555385402404 0.154716234734852 0.23988972267624523
0 0.25837125847928466 0.44433684904148246 0.15636062188998173 0.24146131303532475
0 0.5016797659425165 0.21379187275099998 0.15438868611433315 0.23363972267624522
0 0.08958363692798714 0.42773463544042356 0.14690373473485202 0.2398442708808471
0 0.5996889772716202 0.4744390021412993 0.15471623473485216 0.23988972267624523
0 0.8761883587725403 0.7579928872871353 0.15224633197588985 0.252371541958086
0 0.5287025271353346 0.729416872751 0.15520755766563052 0.24926472267624505
0 0.33445464439121897 0.19719874950902067 0.15274429895920322 0.23206813231716555
0 0.35769398631673177 0.7151447736113216 0.15208255766563053 0.249246541958086
0 0.9825346975342939 0.7751490919112036 0.03493060493141229 0.24883747579950324
0 0.8307431462002413 0.24850880297817984 0.14328741180407362 0.23045109016268786
0 0.05848188036926645 0.6837255602066545 0.053481283355371056 0.24554884933607007
0 0.4112993481455492 0.039100424078859844 0.12712242198083884 0.0710306383672898
0 0.5719059774987627 0.04862593588452066 0.1250619549975255 0.09132495764913057