0 0.32578125 0.6953191812934694 0.1828125 0.31682403855474384
0 0.2140625 0.3381526215213683 0.1859375 0.3435138725471326
0 0.54765625 0.7253409678338658 0.184375 0.3293877055509384
0 0.04140625 0.30768782460084865 0.0828125 0.32837435079830274
0 0.81796875 0.10267142486767873 0.2109375 0.20534284973535746
0 0.56953125 0.09276186707274407 0.1984375 0.18552373414548815
0 0.334375 0.08148943328922624 0.19375 0.16297886657845248
0 0.67578125 0.3888702741459257 0.2015625 0.34571304250907653
0 0.909375 0.4145083082148641 0.18125 0.35113537155854946
0 0.78359375 0.7579147514085127 0.1953125 0.32358337452429886
0 0.4421875 0.36401349007698725 0.196875 0.34239704152049333