0 0.5763834974913611 0.4381074253717408 0.2384788626613009 0.15126368611433313
0 0.871121630418617 0.21789558118292054 0.23678902866891177 0.1480567989592033
0 0.8107810607235031 0.545907716529028 0.23366402866891214 0.1478930246489437
0 0.5453842123966582 0.6032444244672297 0.24147652866891214 0.14830246042459266
0 0.27054869707361917 0.6616523094746529 0.2494163626613009 0.15183689620024127
0 0.6354799021674469 0.10220090287050362 0.23841519566510633 0.14970118611433306
0 0.35858713832728234 0.15345470714523218 0.24954369665368964 0.1549618962002413
0 0.3001128161607106 0.49330842322403423 0.24785386266130088 0.1517550090451115
0 0.8905958250951402 0.08582006557908832 0.21842634783255335 0.08005042740790577
0 0.8424024283277198 0.38471791101110403 0.22891286167271757 0.14608486318355451
0 0.48426239270154453 0.9293543865893028 0.2382241946765232 0.1412912268213944
0 0.3281144352478021 0.32488264981828585 0.2491616946765233 0.14558689620024126
0 0.24023516148462484 0.8291740021477064 0.2541038626613008 0.1520825576656307
0 0.5175099273019557 0.768545197872978 0.23835152866891213 0.14813868611433315
0 0.7799409431192865 0.7071384656245169 0.22878552768032884 0.1429598631835546
0 0.6051026995822582 0.2712850955435574 0.2384788626613009 0.15126368611433297
0 0.3837064965399589 0.036550490161918955 0.2419620069200822 0.045423121889981787
0 0.21337954832903244 0.9604705105154496 0.24562551779449712 0.07905897896910083
0 0.7492281595074585 0.8652442147200057 0.22859452669174568 0.1382723631835546
0 0.9691466590503479 0.4829617384644383 0.0314011917107738 0.12014208163720567
0 0.9493713754385201 0.6416406976458354 0.056146523725995934 0.11520227611928177