0 0.8514791840475991 0.9140936758668415 0.29704163190480165 0.17181264826631698
0 0.8598149253226639 0.710901460086904 0.2803701493546722 0.1807235769216895
0 0.564465063713697 0.5859912355225794 0.28715690097293456 0.17261997849326605
0 0.6022188392845373 0.1997840618250963 0.2760830332781829 0.16429805624352506
0 0.8781989123370204 0.3087225299792801 0.24360217532595918 0.1722903387085138
0 0.581341097805954 0.39006230541495557 0.2777000803560837 0.16749583085063086
0 0.8849028798696164 0.11615404031836236 0.22443871266133186 0.15720899420903173
0 0.5437918737772411 0.7879882291124385 0.29039099512873606 0.17901552770747778
0 0.8689796452908919 0.505160882336645 0.2620407094182163 0.1734547324222074
0 0.27674114691244955 0.4703297324222075 0.27134098620028235 0.16095473242220742
0 0.30000354869945844 0.28250440074300703 0.2619114391223816 0.1573930847795723
0 0.3249102711033183 0.09943934367091248 0.25875916558343126 0.15568503556536062
0 0.6231744472400564 0.058688180931684174 0.2682238944801128 0.07181945781510161