0 0.4453125 0.5077128392119793 0.490625 0.33977506671074204
0 0.53203125 0.1880388263216805 0.4984375 0.34643450248639085
0 0.8203125 0.7500220064431197 0.3421875 0.29918328697341573
0 0.3625 0.8127478199901024 0.4796875 0.3188893566248339
0 0.765625 0.947180373699004 0.375 0.10563925260199199
0 0.0765625 0.5883874706013579 0.153125 0.28302494120271576
0 0.87109375 0.44252708898483667 0.2578125 0.29476138059640905
0 0.1203125 0.25943031094499086 0.2140625 0.2893435402527761
0 0.91875 0.1747121472162941 0.1625 0.1835162641334942
0 0.17421875 0.036474167796967334 0.2390625 0.06721623473485204
0 0.0359375 0.8596959045679842 0.071875 0.18501680913596844