0 0.19403509472467914 0.41743540422930003 0.2895544906906352 0.19162973654387425
0 0.20887720269731677 0.21497214552287275 0.28959085335772616 0.19475473654387435
0 0.18067367075108703 0.6127855257805976 0.284776084022908 0.18357157507848498
0 0.17034634010976768 0.8001593730216356 0.2784897213558172 0.18011902645796596
0 0.5014106953771343 0.29657519109117403 0.28176017202418074 0.19278280076822557
0 0.48490609006999674 0.49052658695273105 0.27536472135581713 0.17995525214770663
0 0.467529328095132 0.676706426391853 0.2690783586887262 0.17650270352718742
0 0.4493258627864035 0.8590209594085397 0.26275563335454455 0.1699251549066684
0 0.706966187460176 0.8978942723896957 0.24671246268299923 0.13316878335537083
0 0.7538111787475872 0.5569516898479786 0.25961245202099903 0.16819888059640906
0 0.7309202134388587 0.7395118843300547 0.25645108935390815 0.16491010628614955
0 0.16735879479626675 0.9464987844870247 0.24480451734563577 0.10339939620024126
0 0.4271246934674938 0.9664992667354859 0.2440227200031817 0.036211896200241254