0 0.29955585647635463 0.5045782222925222 0.200478004368403 0.2980865512811263
0 0.6848212092498962 0.49132678164092836 0.18928593123013915 0.2866396290313853
0 0.7919342332825001 0.03965738957986451 0.15886846656500014 0.07931477915972902
0 0.7369597118153475 0.21125398387445876 0.1812552256830557 0.27690075599585595
0 0.5539835576550349 0.21273736290584405 0.186088196047778 0.2833690798171736
0 0.362322734516771 0.2107147522763116 0.1907393284565974 0.28202490363849114
0 0.6192052481001389 0.040498605667133744 0.15403549620027784 0.08099721133426749
0 0.8677064444322573 0.48593715260954307 0.181400696047778 0.283150755995856
0 0.49644904027194486 0.49618987179718416 0.1956086664125003 0.29005572745980873
0 0.9090165497712501 0.21106127709281441 0.17017225531833374 0.27014133374611504
0 0.9766391544446529 0.4906716943801567 0.04672169111069415 0.2557448858558109