0 0.4196016679104154 0.784375 0.23385502965749527 0.140625
0 0.6796185854380825 0.38515625 0.2242253616727176 0.134375
0 0.1702781471501688 0.8828125 0.24023236364988404 0.14375
0 0.6694729698110322 0.53828125 0.22428902866891215 0.1359375
0 0.6477147390512229 0.8421875 0.22428902866891215 0.1359375
0 0.6578285211801761 0.68984375 0.2242253616727176 0.134375
0 0.6881698675670357 0.2328125 0.22428902866891215 0.1359375
0 0.42977911703556304 0.63046875 0.23073002965749528 0.140625
0 0.4400520666550022 0.47421875 0.22916752965749526 0.140625
0 0.22365106422072528 0.090625 0.23698002965749526 0.140625
0 0.21246953060889737 0.25 0.23698002965749526 0.140625
0 0.4503250162744413 0.31796875 0.23073002965749528 0.140625
0 0.8871963220922096 0.4484375 0.19428319368794006 0.128125
0 0.18230459775819113 0.721875 0.2432936966536896 0.1421875
0 0.8710341753247892 0.74921875 0.20228669467652338 0.1328125
0 0.4095833862757539 0.934375 0.23191052768032883 0.13125
0 0.20372724749136104 0.40703125 0.23698002965749526 0.140625
0 0.8786768734613537 0.6 0.19909802768032883 0.13125
0 0.4597530488976861 0.16328125 0.2274776956651065 0.1375
0 0.19339063087572747 0.56484375 0.23698002965749526 0.140625
0 0.16464095939372775 0.9828125 0.22952567391627662 0.034375
0 0.635812963842352 0.96171875 0.21530134783255334 0.06875