0 0.13815501300184044 0.5627988973185916 0.18875704206179833 0.2645363093570898
0 0.23949070443169873 0.28879722863622864 0.19245525214770653 0.2755101720241807
0 0.393563966529028 0.8271773812858203 0.1835782191310198 0.2551067653564534
0 0.6707594730877486 0.5675456532463676 0.18250704206179832 0.26446358402290804
0 0.5686867972617227 0.8274848219287305 0.17880883197589004 0.2534897213558171
0 0.8451419973980082 0.5686434345560505 0.1806169934412793 0.25819540268936264
0 0.31965067446722967 0.56537736262732 0.18711265490666856 0.26295562802354444
0 0.4939922551999243 0.5656938939370029 0.18538638059640905 0.2598124466899989
0 0.42106825305221773 0.29293819394495707 0.18604147783744712 0.27231244668999893
0 0.7357924101065929 0.823976919239368 0.16927005766563052 0.2502556333545442
0 0.08451983717581436 0.8221744446610458 0.09534123473485205 0.24002611067790838
0 0.21938616010659287 0.8299858499761374 0.1835782191310198 0.2551067653564537
0 0.9311072371097012 0.29703096920755123 0.1377855257805976 0.27045904535327175
0 0.5993979709400421 0.29477177192077636 0.18595959068231735 0.2707499466899989
0 0.08250039800926359 0.29140570265754584 0.13267081637205783 0.26700678134945377
0 0.7777276888278666 0.2966053498965956 0.18933025214770643 0.2754738093570898
0 0.036097868044794555 0.5694585246658181 0.02502873473485203 0.23920795066836362
0 0.4755210526887895 0.9739700179424118 0.13814845318850325 0.043769276018453596