0 0.3133306774170275 0.4841182719605473 0.2653082845319033 0.1639374200349984
0 0.5902677049196174 0.3714615412555945 0.2670163337461151 0.16708060136854383
0 0.592491522745079 0.20103086258754907 0.26650691149637407 0.15614310136854384
0 0.1045035252262784 0.24657446065404603 0.19270553846084476 0.1474760786919079
0 0.5903341331652145 0.5574990385900944 0.28300520678164426 0.17507491470399827
0 0.32311228411761855 0.3081279366247746 0.2602569114963741 0.1560703760343621
0 0.5980779350700226 0.056647799968183275 0.25865587014004526 0.11329559993636655
0 0.3357470630679506 0.14304782928868387 0.25691358767505645 0.1513465133672712
0 0.1075642510334573 0.09411253198600064 0.2125086162111037 0.1367749360279987
0 0.09964485897239342 0.41078241132240956 0.16785108767505647 0.15031017735518085
0 0.349965766749223 0.03069037665102345 0.23884848428423427 0.0613807533020469