0 0.5739018487467743 0.7487959418800842 0.1310430474519924 0.23138719810012062
0 0.4180683428152753 0.7688141135222388 0.1310430474519924 0.23138719810012062
0 0.33946706520930847 0.10391173055098053 0.11950336958138301 0.17777087516934215
0 0.7328921881763705 0.7281602945481891 0.13410438045579803 0.22998847241038015
0 0.260640503385679 0.7895316480092636 0.1328602154367699 0.23771908525525037
0 0.4121684416735927 0.2987539190401628 0.12546420950527093 0.20926653663473135
0 0.10243141395608277 0.8102082389187235 0.13123404844057554 0.23607469810012063
0 0.5632189471108002 0.2808338359326189 0.12702670950527092 0.20934842378986113
0 0.04673178406893847 0.577947937584671 0.09346356813787694 0.2215208751693421
0 0.1839983848300602 0.5569028544771273 0.13047004448624283 0.21732469810012062
0 0.6466840686321685 0.4997276780852743 0.1274087114824372 0.21872342378986112
0 0.05318999629281309 0.13329385685197642 0.10637999258562618 0.19627521370395287
0 0.33742447376536483 0.538324352102278 0.1305337114824372 0.21888719810012064
0 0.2618036857420937 0.3190586957252715 0.12871654349765968 0.21255531094499086
0 0.1122520133086918 0.338623165987945 0.1254005425090765 0.20770403663473136
0 0.492508563194961 0.5174839868825586 0.128907544486243 0.21724281094499087
0 0.004887840875289958 0.8338360894391219 0.009775681750579916 0.23017217887824373
0 0.19117414524736454 0.11179839439121897 0.12202087452429895 0.2012902623244719
0 0.011934972813962701 0.3618382587064273 0.023869945627925403 0.20805151741285455