0 0.8498948599841138 0.03225428115189364 0.2892727800317722 0.06450856230378728
0 0.10929535917333506 0.4519166248306579 0.21859071834667013 0.19304175033868418
0 0.0798856385978468 0.6939746500454286 0.1597712771956936 0.1979881999091429
0 0.8022781513832671 0.45359431648765886 0.3659910129856435 0.21899781999010237
0 0.13628632751670988 0.2201376803485818 0.27257265503341976 0.19097463930283637
0 0.49006016396187346 0.0973431108665058 0.337511456979289 0.1946862217330116
0 0.34137228450258955 0.8336734786304166 0.3534910129856435 0.21834272274906433
0 0.3910758242735943 0.5797362511316537 0.34400691882984213 0.2116013998182858
0 0.8308061205374209 0.20545006558314763 0.3330148717519414 0.20790318973237767
0 0.7610865409954114 0.711768664633208 0.3723228336024945 0.2240128686106214
0 0.7137637073929168 0.918749004976841 0.3765000446422686 0.10559041723114042
0 0.44068390665827284 0.33126777363289095 0.3408273717519414 0.20831262550802646