0 0.0926691465120031 0.33333298871722894 0.17355014285525983 0.2799101235152495
0 0.4727072483784422 0.27951428457322913 0.1719876428552599 0.27986465940862687
0 0.28464814082996026 0.30608984177850734 0.1719876428552598 0.27986465940862687
0 0.6576140823879738 0.2544102991547055 0.16724559577735915 0.2766032670887588
0 0.5875474496789838 0.5517422887298642 0.1655740016215578 0.2703078029821363
0 0.22073605073464395 0.6090724377801567 0.1686990016215578 0.2703987311953814
0 0.7678349675358912 0.5225956609914725 0.15921490746575645 0.2638759465556454
0 0.9285775986233235 0.4936619819202973 0.13106263392680617 0.2614950926364372
0 0.518452981742646 0.8381595103583344 0.15595353977100465 0.2559725183424
0 0.865828588073312 0.7747923099752582 0.1511569456152035 0.2495861260225322
0 0.4056701582831259 0.5824059523616332 0.16546490746575646 0.2640578029821361
0 0.694875159907979 0.8065554723533859 0.15592626623205436 0.25441001834239996
0 0.8386964870143565 0.22450515346962513 0.16258536931630943 0.2780293747688908
0 0.1625624553577313 0.09071123119538152 0.16643529788867956 0.1407112311953815
0 0.3574755349030361 0.07449651246990532 0.15676028896022576 0.12325094655564542
0 0.5476056570620147 0.06361415142456107 0.1516636858759707 0.09967705423577737