0 0.546875 0.15584155133196295 0.2484375 0.17418555239490824
0 0.29453125 0.2762800212173572 0.25625 0.18075388737588022
0 0.7984375 0.20105991494466596 0.2453125 0.17249571840251948
0 0.54296875 0.036685622015659954 0.2390625 0.07337124403131991
0 0.30390625 0.4462105192401909 0.25625 0.17294138737588013
0 0.80703125 0.3639909964655968 0.2390625 0.17380355041774198
0 0.56953125 0.6510121298871443 0.2484375 0.17262305239490824
0 0.28671875 0.10628585619832916 0.2546875 0.1806902203796858
0 0.815625 0.6886408279865277 0.2390625 0.1706785504177418
0 0.55546875 0.3211163828528938 0.2453125 0.17249571840251948
0 0.81171875 0.5270812454770135 0.2390625 0.1722410504177418
0 0.3171875 0.7808255997725386 0.25625 0.17762888737588015
0 0.96796875 0.5769645458575745 0.0640625 0.13229784684397003
0 0.3109375 0.6115490177573161 0.2515625 0.175875386387297
0 0.96484375 0.42162312984996325 0.0703125 0.12786501482874754
0 0.95390625 0.260350048823324 0.0578125 0.12266817885919253
0 0.5640625 0.4863912143738247 0.2390625 0.1722410504177418
0 0.79140625 0.06206101232010863 0.2359375 0.12412202464021727
0 0.578125 0.8170682114080752 0.2484375 0.17418555239490843
0 0.57890625 0.937348877909978 0.2359375 0.0877387164253534
0 0.325 0.9258197647915665 0.2625 0.13257105536065766
0 0.821875 0.84697991000175 0.2375 0.1643648834215476