0 0.35092453555181324 0.21188725737719274 0.12721771049385405 0.2126511917107738
0 0.20321920600804874 0.19996687201565996 0.12709037650146532 0.20952619171077375
0 0.15168860912689763 0.6606788789357422 0.13059737847863168 0.21902852570316256
0 0.5870424021674469 0.05747231865075906 0.11647652866891214 0.11494463730151812
0 0.032735609658370274 0.647436074106557 0.06547121931674055 0.2207528517868859
0 0.30404960517256496 0.6731895133086918 0.12747237847863158 0.2189011917107738
0 0.4986298650955778 0.22380764273872558 0.12696304250907636 0.2064011917107737
0 0.6063960137658023 0.6990875325488826 0.13085204646340926 0.22527852570316256
0 0.44217557114080747 0.049917792471895456 0.11877385771838504 0.09983558494379091
0 0.6439596111412451 0.23660477859454998 0.13021537650146514 0.20965352570316256
0 0.2530123230807928 0.4327037761602731 0.13047004448624283 0.21590352570316257
0 0.7303785666921833 0.06355984532391425 0.12023819863085591 0.1271196906478285
0 0.6999390612177947 0.4706495147543855 0.1289075444862428 0.21583985870696817
0 0.40312506962075173 0.4429661610275143 0.13196887749004843 0.21440469269935694
0 0.7899432731945236 0.2524950809522772 0.12696304250907636 0.2064011917107738
0 0.4547844342220378 0.6873263146778358 0.12772704646340927 0.2251511917107738
0 0.7602558428152753 0.7130969999256379 0.13228721247102052 0.22221719269935675
0 0.5523610656664191 0.4556041293928527 0.13190521049385406 0.21284219269935695
0 0.9071799223590397 0.7250492187852678 0.12447471247102015 0.22189885771838505
0 0.8507057237653648 0.48400506612352956 0.13047004448624264 0.21590352570316257
0 0.10377632703512552 0.42006580779493463 0.12721771049385405 0.2126511917107738
0 0.9328656022439965 0.26695021730239316 0.11758804250907673 0.20601918973360736
0 0.957881553803421 0.4952370433861165 0.04896537650146513 0.20634284190105417