0 0.7624992709761002 0.10693214563046508 0.299634520905513 0.1648363486335392
0 0.8181008837491092 0.5127382015282477 0.2938395472138723 0.17243059382421572
0 0.5272777336502872 0.606277348085385 0.28722552616718494 0.16596233901489227
0 0.8477183072431058 0.7133656841050524 0.2936575366905284 0.1693055938242157
0 0.46505439455480146 0.2072570055271136 0.2876805524755442 0.17377483901489227
0 0.5587383782050885 0.7983929262156861 0.28079351564384114 0.16261908420556886
0 0.7929889497317688 0.3091494100584353 0.2986180524755442 0.17415678493120837
0 0.49540756541796227 0.40713051995508387 0.2826290314288567 0.1673611479078998
0 0.8656213548805012 0.9093329485330226 0.26875729023899775 0.16149309382421606
0 0.5887884412039764 0.9546131220471843 0.27640985253201383 0.0907737559056315
0 0.25461304935059803 0.6903150090704926 0.2679294945971538 0.155932574586922
0 0.29044267548954805 0.8771255283077863 0.26158848933548196 0.15415181977759856
0 0.22007290742663246 0.49887155353552987 0.26811150512049753 0.159057574586922
0 0.9750678894343039 0.20037215470095776 0.04986422113139213 0.16909722958157988
0 0.9875517498588255 0.4107466595102812 0.02489650028234891 0.16084821996293303
0 0.9650712631541797 0.05634933618930347 0.0698574736916406 0.0321428666048885