0 0.8291578980593488 0.7523957946403479 0.18184835972519622 0.2930993026210418
0 0.4372635662434643 0.8338379778672573 0.1723824315119506 0.28975609707395833
0 0.09450541640174885 0.8853199041603125 0.11605822367353413 0.2293601916793751
0 0.49120194233250325 0.5142171153100699 0.17054714687221448 0.28034472948277783
0 0.25087743685571995 0.8642092767854862 0.16581418276559184 0.27158144642902754
0 0.6827158409205776 0.4687085128208686 0.17514371865896905 0.27732883225631966
0 0.3081454014245611 0.5552382395507641 0.16563232633910116 0.2724231267092362
0 0.13062580667655285 0.5987304003605903 0.15920046991261044 0.2660276563445141
0 0.6313258033113406 0.7954151767648268 0.17559835972519605 0.29295383225631966
0 0.18899326999175273 0.29716920678135433 0.15272314937949702 0.2580696859797918
0 0.05062710345698984 0.34469555737069446 0.08843332884638362 0.24876611474138893
0 0.3648821685798269 0.2512969283803475 0.15754704169936504 0.2628662887533334
0 0.9417498601209073 0.9513891537790629 0.11650027975818525 0.0972216924418742