0 0.4548831797934813 0.6493005240326039 0.19246378408896198 0.2887391109416669
0 0.8730256590972001 0.8980568406182631 0.12471144805083548 0.16533667211208325
0 0.8381496473260773 0.659122280397777 0.19246378408896198 0.2887391109416669
0 0.26757409456613374 0.6427271349742706 0.19087401055001152 0.2871402433504862
0 0.22178390219404598 0.3579715816876387 0.18125354869945848 0.27285953780340294
0 0.0882143587679456 0.6384065769379861 0.1764287175358912 0.2854322729857639
0 0.40211628449929426 0.3615836249062844 0.1876126428552599 0.27925500816812515
0 0.6453445385597794 0.6542386779085758 0.19249105762791227 0.29030161094166684
0 0.5338919845787246 0.11193238307440953 0.17284103084255092 0.22386476614881906
0 0.35502664488715 0.11167976956729156 0.17432171022569998 0.22335953913458312
0 0.5879310535740178 0.3642871315557981 0.1876126428552599 0.2792550081681252
0 0.5154177106393277 0.8946662689986106 0.18137055113509035 0.1900834053945836
0 0.7106347532530014 0.895589070101041 0.18742963636243815 0.17929137575930554
0 0.06596414488715001 0.3593555097836457 0.13192828977430002 0.2656639804327085
0 0.7752810491097908 0.3685167706141313 0.19081946347211076 0.2840152433504863
0 0.17772380519557554 0.11140897226458328 0.17580238960884892 0.22281794452916656
0 0.14096318141833444 0.8721444908819442 0.1717500892845374 0.17580269984750033
0 0.018099794645563987 0.8603556185411112 0.03619958929112797 0.1417887629177777
0 0.32499726218145525 0.8873843651226385 0.1751750982129911 0.1930629350298613