0 0.4473784450347943 0.2888788777713339 0.24338452090551305 0.1669705732694628
0 0.6959818159826596 0.1660301187262224 0.2561575366905286 0.17231317051050077
0 0.452663726463651 0.13127109565915832 0.24476501038216938 0.16392746042459252
0 0.6771011402813499 0.8111412228646653 0.24972552616718496 0.16886062188998174
0 0.20837758724110853 0.40733006388566706 0.23686150512049756 0.1619555246489437
0 0.21430761077745752 0.25202508819592645 0.23520799985882562 0.16031113749381404
0 0.19808004016841058 0.7178581281100183 0.23677049985882567 0.1603930246489437
0 0.19366701400122566 0.873862466644629 0.2368615051204975 0.1619555246489437
0 0.20171181633559546 0.5618947331529723 0.23373650512049746 0.16179175033868418
0 0.44209316360593753 0.4464866598835096 0.2435665314288567 0.17009557326946273
0 0.43758913217708073 0.6040534984181203 0.24494702090551304 0.16705246042459265
0 0.6988400474256338 0.044966182723431024 0.2523199051487325 0.08993236544686205
0 0.6811424401260583 0.6481465779076195 0.2495435156438411 0.16573562188998175
0 0.042156106866497206 0.6637482394845504 0.08431221373299441 0.13065021370395283
0 0.04916700014117434 0.3610326752601992 0.09833400028234868 0.1404346494796016
0 0.42834585088939836 0.9098531190649066 0.23880343671876342 0.1418067989592032
0 0.22331713168297057 0.09733758819592649 0.23190098933548198 0.1570223631835545
0 0.6896877713996232 0.3275850944159629 0.24963452090551286 0.16729812188998175
0 0.6859194873399306 0.48589223937300885 0.24945251038216937 0.16417312188998173
0 0.433085100748224 0.761620336952731 0.24338452090551305 0.1669705732694627
0 0.45879887635071154 0.027588332203032667 0.2292772472985769 0.055176664406065334
0 0.045397987057581884 0.5133354816826343 0.09079597411516377 0.13270403663473135
0 0.6691227693334847 0.9213793600197953 0.22845819994353037 0.07116675033868418