0 0.3070018953993726 0.5277417404894873 0.26189198770335986 0.17621585938667828
0 0.5963159429166035 0.07576617163056845 0.2540249455488821 0.1515323432611369
0 0.5891296359314029 0.2295224485139859 0.25874880698520053 0.17294531017246645
0 0.10087617788948885 0.30855090053811923 0.2017523557789777 0.1641481989237615
0 0.5803308319712643 0.3994175715495152 0.2619283491396782 0.1824658593866782
0 0.08946597921734875 0.4715603227878603 0.1789319584346975 0.16312935442427942
0 0.32051547043675 0.3529407936326404 0.25248971662612096 0.171091711744043
0 0.3331841629605701 0.1891137340793465 0.24620335518980258 0.16455061331561965
0 0.5777047599589491 0.582302846156621 0.2775897105759967 0.18944360545773692
0 0.3488551356368153 0.05677863502949595 0.2413431383672897 0.1135572700589919
0 0.10679944584346975 0.15048368941324877 0.2135988916869395 0.16153262117350248