0 0.7249085755283566 0.14352936095641108 0.16886921642972935 0.28705872191282217
0 0.5240818737329587 0.15170357192873057 0.1704680778660478 0.297276084022908
0 0.2174444917103806 0.4904051819700923 0.17195785499341082 0.28479426535645336
0 0.9186858466055956 0.13461278520850575 0.15936695140261464 0.2690238146880899
0 0.3185540363989411 0.16425066728995655 0.17362943930236624 0.30356244668999893
0 0.6207331181738137 0.4575893979153675 0.162555583916172 0.27999767735518083
0 0.42222289530117685 0.4723984272756391 0.16728853571156996 0.2878647213558171
0 0.9607814012531051 0.41847870786923325 0.07501922247985356 0.27272952267663586
0 0.10598131352630416 0.17922332865213703 0.17676352966144582 0.30516130935708985
0 0.8114399314055303 0.44130877522282325 0.1578499031980126 0.2768181333545446
0 0.7081411728213233 0.7409280619032772 0.15155445140261464 0.26893290802036257
0 0.5134962933328281 0.7627228879296851 0.1593487706844554 0.26589881468808974
0 0.8941923023098184 0.7192332332113691 0.15149990924813678 0.25955790802036277