0 0.1888257854311589 0.30988022701423595 0.2972340158351176 0.18023823955076415
0 0.1730092541566351 0.11558536635690957 0.2968703029821361 0.16773823955076414
0 0.20165370902555074 0.5089353228539235 0.30343855172849493 0.17882120991548636
0 0.23054821648089113 0.9108790293509372 0.3029384465556454 0.16163370991548617
0 0.539584584190153 0.8114361949104163 0.28942151583511766 0.18005640159486128
0 0.521932768275893 0.6078027018442704 0.2861146594086268 0.1737336664125003
0 0.5036815587881239 0.4104373925737149 0.28763169530200405 0.17220753400368077
0 0.21466348904643331 0.7142404186936109 0.303574944048363 0.18350870991548635
0 0.8076452962517117 0.5128116312714577 0.2687453029821363 0.16708362290951406
0 0.46737536810497315 0.05633765292604152 0.27850073620994636 0.11267530585208305
0 0.7653475183424001 0.1338514830950688 0.26222251834239996 0.1575631525447919
0 0.7855787649771878 0.31866224097885354 0.2685634465556454 0.16083362290951406
0 0.4855894736735341 0.21854083330315932 0.28133623119538154 0.17049956363895857