0 0.31728607405541875 0.8317490713245362 0.17200330678880887 0.2955805876218722
0 0.12203720656897606 0.8370035579967011 0.1641998971478885 0.29691576708875866
0 0.5172224415418614 0.8266309769722394 0.1751373971478886 0.29723401583511766
0 0.9194661975919857 0.8211504844275798 0.15795898750696793 0.29829641066226814
0 0.062492993164308876 0.5376651360516618 0.12034990319801273 0.27845527210332366
0 0.8239117613146814 0.508266388030219 0.17664535499341055 0.2879044799417402
0 0.6208594841873184 0.5148560541692704 0.1688237646343312 0.28611465940862696
0 0.42328050223949526 0.5223860946815012 0.16727035499341092 0.2876316953020043
0 0.7218781252850828 0.8271180249398107 0.17671807786604762 0.30040447994174
0 0.23038447511213214 0.5292712775136 0.1656714935570923 0.28133623119538154
0 0.5293431081166687 0.2247418680384662 0.16249195140261463 0.2718703029821361
0 0.3364743520665446 0.23631455087056513 0.15780445140261462 0.27173391066226815
0 0.15141355083688054 0.2473333042357774 0.15150899960721653 0.26373955423577733