0 0.5749733395506635 0.6891642591553107 0.24034611827193722 0.15187999164729754
0 0.8342132999752561 0.928041959522055 0.24832239258219674 0.14391608095588992
0 0.8178757332645141 0.4434252063375711 0.25136550542706715 0.1538244375636136
0 0.569704906149864 0.5291171365599723 0.2386198439616777 0.14870042794496677
0 0.579501466529028 0.8499653498994835 0.2372211182719372 0.151770864242636
0 0.10562363749381402 0.22983632213985133 0.1945422953411587 0.1409226442797027
0 0.1177672698992454 0.5359499128840242 0.18656602103089917 0.13752482576804842
0 0.8279588986866321 0.7697421696770823 0.24675989258219672 0.15522324645662094
0 0.5651767791714996 0.3683160458157995 0.24034611827193722 0.15187999164729754
0 0.8132657191310197 0.28106161559339815 0.24832239258219674 0.1552778101589518
0 0.3366721573930594 0.7697421034428625 0.23245173111680745 0.15004467313564335
0 0.11208607869652969 0.3829067584375205 0.19141729534115867 0.14081351687504098
0 0.5615117893482648 0.20910473692279208 0.24034611827193722 0.15187999164729754
0 0.32996405472495444 0.6119841671451935 0.23541295680654795 0.14702880054030487
0 0.8217454409755731 0.6065427652305785 0.24667800542706714 0.15366074645662095
0 0.3208591338757694 0.140654804168502 0.2323698439616777 0.14848217313564324
0 0.809314124264831 0.11638155670039074 0.2515292797373263 0.15694943756361351
0 0.558130082541717 0.07017864617861924 0.23813516508343396 0.10969249164729752
0 0.32642189563441437 0.455116608252186 0.2323698439616777 0.14848217313564332
0 0.32283879296630946 0.2974677993591786 0.2354948439616777 0.14859130054030495