0 0.5001521842544129 0.14981172722540595 0.15891489853730256 0.24849053262324478
0 0.5493128384770538 0.41949021585669943 0.16217626623205436 0.2564303666156336
0 0.20991514772981906 0.36305712102707677 0.16220353977100474 0.2579928666156336
0 0.6666987560890799 0.17971810863260604 0.15420012499835245 0.2467370316346616
0 0.08164873600005904 0.6174010642207253 0.16329747200011807 0.26599636760421674
0 0.7710791497617093 0.7297579179104154 0.16080468100470674 0.26730419961943924
0 0.9173541319048019 0.7581482202681427 0.11535581330995512 0.2576453567298017
0 0.5997905308491416 0.7031675374917985 0.16392968100470676 0.267431533611828
0 0.718216797081196 0.448519846769608 0.15907853977100467 0.2578655326232447
0 0.38195774310343644 0.3911781679475965 0.1637114926931041 0.2549315336118279
0 0.1644971022734762 0.10756049060845985 0.1585057954530476 0.2151209812169197
0 0.0594667059666393 0.33573457015222435 0.1189334119332786 0.2549023587069682
0 0.4277615722449994 0.6742652405712788 0.16390240746575646 0.265869033611828
0 0.2557053401019068 0.646925443650759 0.16077740746575647 0.2657416996194392
0 0.3352090227281715 0.12126222256681692 0.15894217207625302 0.24252444513363383
0 0.826214077923747 0.20991099152268095 0.14789557792045152 0.24335736364988403
0 0.8832145056853381 0.4777086451730025 0.1558717191541536 0.25305069863085594
0 0.047595974432454766 0.09245941403044486 0.05168305113509046 0.18491882806088972
0 0.4435590852273476 0.0031701264642842383 0.12538182954530477 0.006340252928568477
0 0.6010306659904684 0.018689026407418867 0.1244466209411625 0.037378052814837734