0 0.743570997491361 0.4335764911839613 0.15955004942915885 0.23961311542376224
0 0.2714957262368228 0.5180159123358701 0.1547988824329643 0.23788692431676955
0 0.2107360038799706 0.7803323738612826 0.1599320514063251 0.24898811542376223
0 0.3707304277962472 0.7514955896478644 0.16149455140632513 0.249042679126093
0 0.5852027405712787 0.4609053390997103 0.1562977154367701 0.2363789880191005
0 0.42752023315690496 0.4906052188666248 0.15642504942915866 0.23950398801910033
0 0.17422277270023195 0.29399308057737183 0.15129188045579797 0.22840279691210785
0 0.11306380232054616 0.5469072602516191 0.15642504942915872 0.23950398801910033
0 0.9027523379095405 0.4054936751193778 0.1562977154367701 0.2363789880191005
0 0.6385492109509646 0.2077183409138089 0.1514192144481868 0.23152779691210784
0 0.8530256160469799 0.6658483325611064 0.16136721741393636 0.245917679126093
0 0.3294660296203141 0.26655510525696113 0.15298171444818678 0.2315823606144387
0 0.5299117682144266 0.7234127735832809 0.15674338441013075 0.2473164880191005
0 0.4824928705327852 0.23591028438305414 0.15285438045579802 0.2284573606144388
0 0.23793639870740568 0.09358634201011722 0.13497186068413444 0.13421628729346105
0 0.7945737178710468 0.18030764744456362 0.15448054745199258 0.2300744243167696
0 0.957328455476576 0.6405432869149429 0.04536021543677009 0.2325049651536098
0 0.5412815746008486 0.060367136559972404 0.12681185079830276 0.0871230324841376
0 0.6915005256288005 0.6938493030721936 0.15824221741393635 0.24580855172143146
0 0.06458846958247685 0.8093055673305279 0.1291769391649537 0.25016866950744615
0 0.38817382064651595 0.07379717558271395 0.1280215237259962 0.1168105324841376
0 0.04804622775687857 0.3244841340280836 0.09609245551375714 0.2270932680561673
0 0.017171618061327255 0.5728025829396246 0.03434323612265451 0.22373016587924913