0 0.21484725341784555 0.2730056613785071 0.16571694535249043 0.28819359707395853
0 0.6144568888582691 0.2151100809251394 0.15631467427525153 0.28328789152687517
0 0.8037011960398616 0.18826055945798678 0.1531624031980126 0.278527656344514
0 0.4181676961380574 0.24413969823197954 0.15943967427525152 0.28336062670923623
0 0.7151598290443981 0.4995234081474659 0.14996468032537572 0.2659549211621529
0 0.8966370880213885 0.4646795487244105 0.14370558996629618 0.26424695079743066
0 0.5274552959651068 0.530315547205799 0.15314422247985354 0.2754026563445141
0 0.3327058773471959 0.5632877821038197 0.15938513212077385 0.2739856267092362
0 0.808172989078102 0.7626611474138896 0.14053513817089786 0.2563617156150695
0 0.6266957301011116 0.7975050068369449 0.14367831888905727 0.25955945079743065
0 0.955440958041914 0.1613194658025008 0.08904536104353511 0.26766158510611116
0 0.9545030884141721 0.7254365171892716 0.08109650565734086 0.24404224715020834
0 0.09187842779129299 0.055270687879652856 0.172493144417414 0.11025043502986125
0 0.3021164910230095 0.04609962889343775 0.1613920179539809 0.08187086189159735
0 0.502202849434266 0.03591093056454903 0.14871930113146803 0.0518924211621529