0 0.5802440587881239 0.3954214303170208 0.23717705423577726 0.16084341645877273
0 0.8142623914619381 0.1302715035191659 0.23235316191590946 0.15593759263745519
0 0.8172188730530312 0.4469688519475893 0.23239862602253183 0.15750009263745515
0 0.5809751476636373 0.5549783668347855 0.23704066191590947 0.15615591645877275
0 0.33700985048748894 0.666476754757511 0.24659751834240007 0.1628425641014079
0 0.574739238717229 0.07570303236254482 0.23556909012915472 0.15140606472508963
0 0.32746708511458983 0.17719593093619337 0.2450804824490227 0.16433228949430206
0 0.33462533339873013 0.5038675928468521 0.24498955423577734 0.16120728949430188
0 0.813704798825501 0.02510473800828794 0.22740959765100185 0.05020947601657588
0 0.8165787123907631 0.2905369154298246 0.22766566191590912 0.15571926881613757
0 0.5847356113080415 0.8724205779596559 0.23387019780928675 0.154447867244561
0 0.329942530416594 0.3429300928468521 0.24485316191590928 0.15651978949430206
0 0.3393716355229365 0.8283046666681699 0.25128501834240013 0.16306088792272533
0 0.5856124865391509 0.7143533668347855 0.23552362602253218 0.15764564185166688
0 0.8186402837152993 0.603364401161801 0.2260576978092864 0.15408399420903188
0 0.577146487859299 0.23519240570991498 0.23561455423577726 0.16077064185166687
0 0.3265685116784825 0.04709541997568402 0.23572220282385156 0.09419083995136804
0 0.3382303358395056 0.9503979904894873 0.23798338479802067 0.08130146567298446
0 0.817627016164322 0.7567441122866715 0.2243588054894186 0.14932371960192584
0 0.9670422305685609 0.3536811166298977 0.06591553886287826 0.1221704065339753
0 0.9657543467930723 0.5037902785405566 0.06849130641385556 0.11635705417661057
0 0.9635469891129403 0.20624319045121525 0.058597413169550805 0.13692211124870504