0 0.42457100112062723 0.9134293848645278 0.2934270542357774 0.15841085972519622
0 0.37361259171200034 0.7475830760098967 0.2896488363682311 0.18952446740532808
0 0.27382056254904763 0.3814245300873895 0.2864329081549856 0.18630853919208262
0 0.68495090848419 0.7791834508452945 0.2818818004748538 0.1908596468722145
0 0.8973824315119506 0.6342871733316944 0.2052351369760988 0.1830184031404208
0 0.22243024412750528 0.20073447123275864 0.28487040815498565 0.18626307508545992
0 0.6319753580093364 0.5977576060972863 0.2770124440483631 0.1844732545523465
0 0.8207661072179135 0.28731889660951715 0.256290767088759 0.1698197211662517
0 0.32047791686396726 0.5606884812618885 0.292637444048363 0.1849278956185733
0 0.9227210638026889 0.8172216937856656 0.1545578723946221 0.1801374440483631
0 0.8721801915410804 0.4577390451975914 0.25563961691783915 0.17937657759274242
0 0.5294447737526764 0.24497123838802448 0.27361465940862695 0.17500732633910115
0 0.7290455524534107 0.9241178661264161 0.2700972028238516 0.10777436223247853
0 0.5799174498543508 0.42099652929596676 0.2770124440483631 0.1844732545523465