0 0.497921854551278 0.8606043865893028 0.20974081604072534 0.2787912268213944
0 0.7298985605506416 0.878752939280122 0.21241128270208948 0.24249412143975596
0 0.23244777864418284 0.17790807326946279 0.21439195337363454 0.30792976594251653
0 0.36673822593095773 0.5281238364984457 0.21804421204645247 0.35340604025277605
0 0.052107392663909215 0.17071196969684668 0.10421478532781843 0.2601739393936934
0 0.2746298052196416 0.8430921203638728 0.2053078547103616 0.31381575927225425
0 0.8522484645926397 0.5903094917437987 0.22912716271481592 0.36647925033868417
0 0.7190938033100011 0.2096659220923805 0.23993739337999784 0.35611496042459256
0 0.1380683332670485 0.4958148682719371 0.2102498933799979 0.3545591044771273
0 0.4691756193109556 0.1895327272716202 0.23039876137808885 0.341561137493814
0 0.9213375559755012 0.22886405868168333 0.13232488804899772 0.3676522467206397
0 0.6032297092616397 0.5600609905006032 0.22751011871417964 0.3617098631835544