0 0.40914840735803565 0.7142200186413519 0.13696926881613755 0.22417381908544892
0 0.5614215368037057 0.7453740489901688 0.13696926881613755 0.22417381908544892
0 0.6570013248547749 0.09620477508425959 0.1245035020669146 0.1912976865718917
0 0.25602125330525966 0.6815080334720749 0.1400214942090318 0.22262949980360816
0 0.7137674408564816 0.7780905793389857 0.138822867244561 0.23043290944452863
0 0.5800878761359012 0.2904547448336386 0.12970042431665546 0.2022624576491306
0 0.8668945949092576 0.8108025645082627 0.137260367244561 0.23042381908544912
0 0.43413752129733696 0.2608268530485032 0.13126292431665565 0.20227154800821018
0 0.9391236010120668 0.5915389592202643 0.1217527979758664 0.21634313836728972
0 0.7949852458616616 0.5588087933328281 0.13638707195929065 0.2116738190854491
0 0.3460511321317572 0.4668637504909793 0.1333348465663967 0.2132181383672897
0 0.9391192350081052 0.1586310104499284 0.12176152998378953 0.18974427693097135
0 0.6466547537195444 0.5284132870863122 0.13638707195929065 0.2116738190854491
0 0.7261110055815714 0.3216451366187739 0.1314084735308672 0.2053965480082102
0 0.8713528850272414 0.35284007358344904 0.13126292431665548 0.20227154800821018
0 0.4959077369703214 0.49646891637841567 0.13482457195929065 0.2116647287263694
0 0.9761591822769823 0.8444457906023535 0.04768163544603539 0.22542724687674215
0 0.8014255669968919 0.12662300722847458 0.12621155128112632 0.1944317769309713
0 0.9762629011572919 0.38420318219109717 0.047474197685416185 0.2019170240041051