0 0.37890625 0.7665920034228602 0.2890625 0.19459089429596244
0 0.6421875 0.613676614564105 0.271875 0.1892030573378241
0 0.28671875 0.3976921061983291 0.2859375 0.1897760603035737
0 0.6890625 0.7961416046782734 0.2796875 0.19577139231879598
0 0.33203125 0.5778770133086918 0.284375 0.1912748933073793
0 0.59453125 0.4343684579480341 0.271875 0.1892030573378241
0 0.4203125 0.9227173280237088 0.290625 0.1321545612921568
0 0.84140625 0.2961840725493202 0.259375 0.17150622136826899
0 0.9265625 0.8309954712567258 0.146875 0.1778596976422726
0 0.54765625 0.25737221783386577 0.271875 0.1813905573378241
0 0.240625 0.21753903258606372 0.2796875 0.18952139231879608
0 0.903125 0.6475754761996417 0.19375 0.1828947075281045
0 0.88046875 0.4680298976444604 0.2390625 0.18317855041774198
0 0.7328125 0.9240464287848305 0.2578125 0.08394255437207435