0 0.6945654437856656 0.9216081219595835 0.2844612311953815 0.15678375608083286
0 0.7559542024946472 0.5382599062476048 0.2781203029821363 0.16730182845659752
0 0.4811253502247916 0.4185052250174657 0.2716429824490227 0.1593438580918752
0 0.7888218414493029 0.34905258909326453 0.27802937476889084 0.16417682845659742
0 0.41231053642210275 0.7952846241437851 0.27347826708875883 0.16875522568305587
0 0.514546918646334 0.23712859165871572 0.2653475183424 0.157635887727153
0 0.7276604032734347 0.7314825761754868 0.28441576708875865 0.16900979882131964
0 0.4467634074300698 0.6053324245806253 0.2686089106622681 0.16239612290951405
0 0.8215758201374019 0.1637515219389243 0.27780205423577725 0.15636432845659748
0 0.5474911139483382 0.07215820829996573 0.2643927721033236 0.124823387727153
0 0.22242996331519987 0.30850740349472244 0.2526201978092867 0.14953244699770848
0 0.2611838894168742 0.13194555670510438 0.24944973370266393 0.14789721181534743
0 0.18512487694696883 0.489011867875521 0.25583612602253203 0.1527301821800698
0 0.921793185010177 0.8571768264598273 0.09535326708875899 0.1646093202884721
0 0.9432603227111915 0.6567592523716328 0.07476798244902269 0.15476154160312508
0 0.9804303314201732 0.2659530676261119 0.02922816191590911 0.14589438145888894
0 0.9621563898790926 0.4640996268966675 0.05450094655564541 0.15585126291777787
0 0.9043519692542017 0.988380660712917 0.104397994985435 0.023238678574166016
0 0.8360367884006598 0.042912345077188205 0.28532974623907637 0.039431401594861346