0 0.13241125617135488 0.8561237214639528 0.17547800436840305 0.28775255707209446
0 0.3372624103316674 0.8679944828364923 0.168900696047778 0.26401103432701556
0 0.24099912727791714 0.5637500926374551 0.167338196047778 0.2824957845319034
0 0.7298317700390633 0.8947967892871596 0.16021537385944473 0.2104064214256809
0 0.9159692917905563 0.9094104839723934 0.14873235999173637 0.18117903205521307
0 0.535155049674341 0.8827719203877141 0.1668654173624308 0.2344561592245718
0 0.6294446846486116 0.6224231951997078 0.1562552256830557 0.27573636228216236
0 0.4375838397588547 0.5939770558292403 0.15789046086541686 0.2789341368892682
0 0.8158549633339589 0.6513958734453048 0.15465635809187503 0.2741010876750565
0 0.7144866061920141 0.35324300971540046 0.14648018218006964 0.25811221463952716
0 0.8932116714464933 0.38732056492546824 0.14477221181534716 0.2517894400324213
0 0.528021776119896 0.32192658146980346 0.15440178495361145 0.2631635876750565
0 0.9597614321800696 0.6756788976381259 0.08047713563986073 0.2605437018192456