0 0.684764314165667 0.4930326768023642 0.19581353012188493 0.29147267824559703
0 0.307038618249351 0.5215452444184288 0.18443952050323809 0.278463255995856
0 0.20150544709744236 0.06580262841221277 0.15948910580511527 0.13160525682442553
0 0.2555406387525891 0.25407095409555713 0.176245074586922 0.2671618829603267
0 0.43477427096657423 0.2363632615819365 0.18120539309857636 0.2751927067816443
0 0.6212028442875519 0.21364058333633945 0.18583832939624542 0.27384853060296194
0 0.37044642005560036 0.05636766232494354 0.1559821598887993 0.11273532464988709
0 0.12866808158886217 0.5368727996284965 0.1765724568009072 0.27653688296032686
0 0.4931943730586744 0.5066350661728317 0.1907986479078998 0.2818793544242794
0 0.08529884913928434 0.2721960235736486 0.1705976982785687 0.26389133374611495
0 0.021403740929507323 0.5525599197685416 0.042807481859014646 0.25113016046291675