0 0.4104096234985347 0.22175025498009687 0.1514192144481868 0.23235619665368965
0 0.14781548711123768 0.4630305350947027 0.15180121642535313 0.24173119665368964
0 0.5677910419776039 0.21955503809763327 0.1497930474519924 0.23073002965749528
0 0.2522469550194656 0.22391363836446337 0.14660438045579793 0.22904019566510653
0 0.9353128285180002 0.45677378418048165 0.10467154844057554 0.23357118676785776
0 0.7274525434604786 0.2190178217094612 0.14992038144438097 0.23385502965749527
0 0.6988355231573425 0.710073903230392 0.1566160504177418 0.24504719764227295
0 0.058374938213551594 0.7114587648287476 0.11674987642710319 0.2510425296574953
0 0.6315511585560564 0.4600473869187697 0.15154654844057552 0.23548119665368966
0 0.5305484381763705 0.711042201139495 0.1472410504177418 0.24466519566510653
0 0.7934927430427368 0.46116817102488916 0.15004771543676992 0.23698002965749526
0 0.86471519114212 0.7105726048269976 0.15648871642535306 0.24192219764227296
0 0.30988440559030683 0.46102631920082227 0.15161021543676992 0.23704369665368966
0 0.8879271284414505 0.2177311888193863 0.14985671444818677 0.23229252965749528
0 0.031931796426228155 0.46565417490485983 0.06386359285245631 0.23130834980971962
0 0.20419418521062105 0.7118301324329643 0.15505355041774188 0.24498353064607842
0 0.3708869366934958 0.7115794175276671 0.1534910504177418 0.24491986364988386
0 0.09714561954420202 0.2277668557412186 0.1402907134596036 0.22722302768032882
0 0.46957774057127877 0.45970785281265014 0.1497930474519924 0.23073002965749528
0 0.34509232410655705 0.057884073155154904 0.1254403517868859 0.09246602570316254
0 0.4999708250951402 0.05949960577839967 0.12193334980971962 0.08296369171077374