0 0.6184700390095805 0.03370633772680097 0.24743492198083886 0.06741267545360194
0 0.7735360815256641 0.6195281247149171 0.2414172953411587 0.13573855386194253
0 0.8058992814348072 0.44907926932872294 0.2447060696514182 0.13888173458010195
0 0.5601950350528517 0.3536632719610016 0.2511198439616777 0.14204309601642037
0 0.21415668023704018 0.7867949762904825 0.2602491824962884 0.13741013817089823
0 0.3321706908640314 0.0712659459416656 0.2606586182719372 0.1425318918833312
0 0.5307521172558843 0.5280001966290366 0.24783106965141818 0.13889991529826115
0 0.49904733661404677 0.7007882568356911 0.2509560696514182 0.13891809601642038
0 0.27254787087392895 0.4326569221339523 0.2603310696514181 0.13897263817089806
0 0.8392075056542095 0.2755008687629889 0.2447060696514182 0.13888173458010195
0 0.5906239207376434 0.1754155521134268 0.2495573439616777 0.14203400565734073
0 0.24290023518913725 0.6109000968019872 0.2587685696514182 0.13896354781181836
0 0.4704266123946443 0.8743393863241863 0.24766729534115867 0.13577491529826133
0 0.7413775995043455 0.7860707301011114 0.23780097241038015 0.1263453731437835
0 0.3022364501362856 0.25363249746591726 0.2604948439616777 0.14209763817089804
0 0.8694316734511769 0.10115939891541408 0.2447060696514182 0.1388817345801019
0 0.18318888399137037 0.945520536497137 0.25713082654882313 0.10771354781181834
0 0.9495054392821519 0.5404031852161593 0.05054663387576923 0.12994203005422947
0 0.9699451713034704 0.37392875752306215 0.0276823439616777 0.14074317466803504