0 0.5312196036376784 0.8327752796946764 0.15452491529826098 0.24686436562705047
0 0.4335007628858153 0.5709199254363325 0.1576953670936593 0.25480419961943923
0 0.7779729255517978 0.5951147480971958 0.1576953670936593 0.25480419961943923
0 0.3617338054330765 0.8180549106075847 0.15139082493918146 0.2451745316346617
0 0.8607682865953329 0.3328004318993041 0.1624374092481368 0.26437020060802235
0 0.15618532572474841 0.28611786661563354 0.15619649960721654 0.26567803262324474
0 0.030827298302797772 0.27158583992388785 0.061654596605595545 0.2525466798477757
0 0.3303813498270494 0.2971229866913082 0.15932149960721648 0.2658053666156336
0 0.2608808743221338 0.5576347223568522 0.15457945745273882 0.25623936562705046
0 0.6030001966290367 0.5832965445234238 0.1592578670936593 0.25486786661563343
0 0.8725531307650414 0.8591865183631509 0.1561146863754999 0.25161553262324465
0 0.9357626996540989 0.6054513647128292 0.12332945745273882 0.25496602570316257
0 0.5053540787498105 0.30894119026508005 0.15774990924813678 0.26417919961943903
0 0.6811080576725717 0.3207912273369491 0.15462490924813696 0.2640518656270503
0 0.6999196066627406 0.8482450652836706 0.15609650565734084 0.24849053262324466
0 0.19771675722847457 0.8035573760071737 0.14356014422102228 0.24173119665368964
0 0.09216723575845227 0.5445086867678579 0.15298968637549998 0.2514881986308559
0 0.9810877934310239 0.873767624598661 0.029534005657340857 0.24333350593149916
0 0.6185736370115574 0.9837097675659419 0.12529998184962743 0.03258046486811637
0 0.45609181772971663 0.9753368755128822 0.12381929508134401 0.049326248974235654