0 0.5707515887173613 0.37014224483363856 0.23920904535327167 0.14825673458010194
0 0.8646395907463145 0.5817281428652898 0.2313783640197265 0.14664878278470378
0 0.8299907760582247 0.42410654040596185 0.2313420013526354 0.1435237827847038
0 0.7976766207033619 0.2656900524080144 0.22819882001909003 0.14194310206654456
0 0.6678304147835401 0.8571104588274808 0.23920904535327187 0.14825673458010194
0 0.29976637937617984 0.3139023769544124 0.24702154535327175 0.1483021863755
0 0.3652941187539505 0.6408870577707676 0.24694882001909005 0.1420521863754999
0 0.5376198206954077 0.20860530201523092 0.23759200135263542 0.14356014422102223
0 0.5038340720082723 0.05981484065366721 0.23579314401654478 0.11962968130733442
0 0.26972324868713543 0.14922225341784556 0.24702154535327187 0.1483021863755
0 0.9064350973901792 0.9033486128110606 0.18712980521964157 0.14333288524403187
0 0.39849861211008586 0.8086740005891752 0.24549540802036277 0.15141809601642037
0 0.6038560847389967 0.5293354376520462 0.23920904535327187 0.14825673458010194
0 0.42904118212917586 0.9491308289462023 0.24331474267981754 0.09828400565734086
0 0.6362338747612684 0.6932206756499937 0.23606586401972648 0.14667605386194255
0 0.334506100731997 0.4793364794137405 0.24705790802036276 0.1514271863754999
0 0.889083418045816 0.7417253115813965 0.22183316390836794 0.14508628278470398
0 0.7638454186823629 0.11118890476914656 0.22812609468490824 0.13569310206654456
0 0.2410249893379998 0.03297508470173886 0.23651930267345422 0.05137264422102228
0 0.9664089867122707 0.33033783880695544 0.06228291868236298 0.11597952400410509
0 0.9853215240292714 0.4841259141389204 0.029356951941457154 0.11738748789975162
0 0.6964923114655848 0.9702326275435876 0.21769657733927233 0.04501355991206672