0 0.6536951894493583 0.8734187119285446 0.29578630935708966 0.183547252045064
0 0.3302309647914942 0.9228925880508371 0.2862113146880899 0.15421482389832591
0 0.684907184754905 0.6697086902209323 0.2910260840229082 0.17716085972519605
0 0.7443970793682256 0.27860396859246217 0.28793744668999893 0.1801949315119506
0 0.713866336728179 0.4737429723533859 0.2941147213558171 0.1741267879384413
0 0.36316909209895 0.7392266022033486 0.281651084022908 0.17688807508545992
0 0.39369074407222393 0.5433063484424249 0.27850790268936254 0.1752346468722145
0 0.4281550087125888 0.35062475494805795 0.2752919960216353 0.16733121865896922
0 0.12986350672340646 0.4216058785298145 0.25172722668681724 0.155711757059629
0 0.09919804610913134 0.806520436130804 0.1815965400222717 0.16929087226160816
0 0.08216618212917587 0.9536311168513321 0.14302384134309046 0.07601223370266404
0 0.11486685741563256 0.6093870233569649 0.21751585868872625 0.16877404671392995
0 0.6294593528007211 0.9944105442066477 0.28622840133672706 0.011178911586704744