0 0.22787815929121483 0.5462563347017388 0.3297641544446529 0.2065782946885605
0 0.8731413335874997 0.2761321278381752 0.21722778685347244 0.204361288834828
0 0.8686129152751384 0.5042525826586355 0.24408122758291667 0.21701582493918145
0 0.6194578616072569 0.03537792203575639 0.32045927678548625 0.07075584407151278
0 0.579461455928333 0.4090729346269841 0.3377584924005557 0.21443624648395848
0 0.866204921827743 0.07351775058917519 0.18321515634451407 0.14703550117835038
0 0.8590878724377424 0.7456815585563344 0.25207556553881966 0.22487377673457978
0 0.5411710609829854 0.8795445159108775 0.3537108007211808 0.22858965007475476
0 0.20527188820531186 0.7791688286516146 0.32685735999173626 0.2159351139704011
0 0.5608341700247912 0.638837702679161 0.35047669794763897 0.22388396935659535
0 0.2556258720564928 0.3273745244950844 0.31395731648875025 0.19867489109776432
0 0.5987427052627429 0.18477237139526753 0.33601415444465293 0.20661465612487895