0 0.47236792211208345 0.11367930154542283 0.2439708183886113 0.14795012499835236
0 0.849195446616459 0.6557620669699936 0.23939242116215276 0.1525558043815014
0 0.6143502807726395 0.7739701448904454 0.24724128875333343 0.15425467207625304
0 0.5089808353904516 0.27638780722746564 0.24556968597979179 0.14953989853730273
0 0.8117830995425004 0.4922859480574259 0.23935605357097245 0.1509933043815014
0 0.26692258159072946 0.3869061160731939 0.25189242116215294 0.15277399269310407
0 0.3005377814382296 0.5551379188331375 0.253527656344514 0.15592626623205436
0 0.3365330988769103 0.7248913112846556 0.2550174211621529 0.15282853977100466
0 0.3749449014979521 0.897728793427748 0.25516289152687516 0.159078539771005
0 0.5448852338511809 0.44223494967898375 0.24248105357097227 0.15104785145940197
0 0.23099999933440993 0.22027772362167589 0.256652656344514 0.15598081330995503
0 0.8815299422480558 0.8208415961909867 0.2369401155038883 0.15104785145940197
0 0.7744253038553128 0.3311535791448582 0.2361583183886113 0.14781375730360063
0 0.5814981471295491 0.6049434553610267 0.24415265634451408 0.15576262499835244
0 0.6499637385039244 0.9273172873419633 0.2450605397032639 0.12766489853730292
0 0.7371584271460765 0.17392746023229055 0.23445034802388917 0.1415364837646503
0 0.1977848429898959 0.06923342086173233 0.25123780452090283 0.12464899269310406
0 0.9583609533144273 0.39506825447081745 0.08327809337114545 0.12658186525911974
0 0.9014443583762157 0.9399228327983062 0.19711128324756863 0.05538079545304768
0 0.9769125645888892 0.5478932455423637 0.04617487082222169 0.1306966209411627
0 0.9958820765567363 0.70306198661391 0.008235846886527298 0.13478410308425506