0 0.693810681008002 0.1837498852345658 0.1334785219140972 0.2239841338757694
0 0.4646158790588374 0.04716716983313225 0.12076824188232518 0.0943343396662645
0 0.8471538693196049 0.16322494403185012 0.1334785219140972 0.2239841338757694
0 0.9275196590939048 0.3884905376548435 0.13194329545304767 0.22546474672063965
0 0.689371228089198 0.6616701673467414 0.1367671631477993 0.23352290818602892
0 0.8497183928618505 0.6423392339459418 0.13832966314779932 0.2336047953411587
0 0.5290104265470704 0.681782350747541 0.13062625730360064 0.23944535956550972
0 0.5389049926963994 0.20435671359241123 0.13342397483619664 0.22085913387576941
0 0.3847941911542718 0.22414134837269178 0.13345124837514694 0.2224216338757694
0 0.6130480560096497 0.4283873558359236 0.1335330689919978 0.22710913387576942
0 0.23223225284266907 0.2446253459978426 0.1334785219140972 0.2239841338757694
0 0.3725558750049429 0.7016898162605162 0.1336421631477993 0.2333591338757694
0 0.7694753340128269 0.4100423903229484 0.1350955689919978 0.22719102103089917
0 0.21216779992386506 0.7233644996613158 0.13369671022569998 0.23648413387576941
0 0.060910631901506494 0.7426135459069856 0.12182126380301299 0.23977290818602892
0 0.4558258912369973 0.44755451492646364 0.13509556899199798 0.22719102103089917
0 0.3152743981335609 0.058129003279360346 0.12257620373287823 0.11625800655872069
0 0.6178363364451636 0.03647313065420954 0.11737050649282174 0.07294626130841908
0 0.3009202029253946 0.46816134328430914 0.13353306899199796 0.22710913387576942
0 0.14368440138326705 0.4881097523748492 0.1335876160698986 0.2302341338757694
0 0.9647394208650276 0.6261642780439051 0.04608761606989873 0.22564845318850324
0 0.027758987014356484 0.508518506897405 0.05551797402871297 0.22358798620519008
0 0.07965667776159119 0.2658905936229934 0.13186147483619656 0.22077724672063964