0 0.47668416723114043 0.39895199287545247 0.1944271879233554 0.2906670228399214
0 0.8038143125268705 0.6350244482116623 0.18439709068231736 0.27767569990914287
0 0.6603288268875074 0.3649465643358929 0.1928646879233554 0.29058513568479166
0 0.4475034367917015 0.7043897653766896 0.19097463930283637 0.28425324852966194
0 0.8392859865438744 0.33069547433094415 0.18809530076822584 0.2887769742194025
0 0.2921763704196437 0.4313539778374471 0.1962353493887446 0.29543640999505116
0 0.6280230964480685 0.6702205625268706 0.18768586499257686 0.2809644742194024
0 0.7628395889848367 0.8955702860689044 0.17437363749381413 0.2088594278621912
0 0.3262050531430748 0.14408967322403426 0.18720118611433295 0.24198386137453226
0 0.5847488885098668 0.9135589682265086 0.16969278154634876 0.17288206354698268
0 0.019982708615570225 0.1880322665083434 0.03374199344127931 0.2573145330166868
0 0.2647628578680292 0.7407798874938141 0.1942634136130959 0.2875420228399214
0 0.13183093340079957 0.1666253352552504 0.19912133197589005 0.26130707146044047
0 0.7018324949116174 0.1162501147654342 0.18178998982323477 0.16846447421940244
0 0.9428812980546922 0.597283188034897 0.1142374038906155 0.2758741824962884
0 0.882676381162236 0.1031337183380503 0.15597776232447202 0.12192366689245615
0 0.10853171076327679 0.4653594063770067 0.18365346223361484 0.2932188127540133
0 0.924509174580801 0.877129563544953 0.1509816508383981 0.24574087291009405
0 0.5169185843507392 0.12603679330499373 0.1838371687014785 0.2075269742194025
0 0.9620346715285834 0.3007324146291486 0.07593065694283326 0.27243492198083885