0 0.8250509938955645 0.5753830600330548 0.29798155585660807 0.2066916367772226
0 0.8108302843754831 0.787174545215416 0.3044772173219975 0.2115246071419447
0 0.8396025740624322 0.37216714105510346 0.2848264586155704 0.193900696047778
0 0.8389009684536513 0.17710921419336734 0.25004202283992144 0.18528810904180576
0 0.5121681343300546 0.709073607904444 0.31204405585660827 0.20701894509784752
0 0.5329697144969223 0.5057122185617704 0.30365834577069994 0.19589960714194454
0 0.5526215524657062 0.30940026301468704 0.29551829715018096 0.18946776918604194
0 0.574330535391536 0.11850250608083283 0.2889407485296619 0.18307229882131967
0 0.30269123077812315 0.07804153989388882 0.2721693283578454 0.15608307978777763
0 0.2506761929001963 0.44283623774781233 0.28573386137453227 0.18143706363895867
0 0.2771136194035909 0.25104812804041643 0.2824450870642726 0.17823932845659743
0 0.8381683853461075 0.03829224848138858 0.21116322930778503 0.07658449696277717
0 0.5974957977160079 0.012495427527326191 0.2581334045679842 0.024990855054652383