0 0.1125818124363865 0.5578892471713296 0.225163624872773 0.14359650565734086
0 0.3247965148064884 0.8315347836684666 0.2548561695074462 0.14051695745273882
0 0.3550991176163788 0.6571751331027326 0.2534027969121079 0.1436328670936593
0 0.8400941325925032 0.8379099651721926 0.22802085099579195 0.13254992134838517
0 0.09699896325469314 0.7353057200439665 0.19399792650938627 0.1450135599120669
0 0.43930305826003524 0.12476208802138858 0.2534027969121079 0.14363286709365922
0 0.6343625208817562 0.5782223895456402 0.24391866950744615 0.14045332493918145
0 0.3807960659797655 0.48049900361423725 0.2550198606144388 0.14520445745273883
0 0.6925966946503717 0.23029797395279145 0.25027779691210783 0.14361468637549998
0 0.17269096633473605 0.04362273497288535 0.2639930673305279 0.0872454699457707
0 0.5762920382201333 0.9214593051384888 0.24073910580511537 0.13887264422102205
0 0.6041144817741966 0.7510195401113743 0.2455357332097769 0.14202491529826097
0 0.4096725780454832 0.30224219340758285 0.25652779691210786 0.14365104781181842
0 0.8862548922959682 0.5002099772724412 0.19671628729346083 0.13080561416679296
0 0.08214280037066893 0.9142801477370636 0.16428560074133786 0.14331470452587283
0 0.12630702309715885 0.3781381146577723 0.2526140461943177 0.14840218032537572
0 0.6638020281381504 0.4062110341594459 0.24079366950744613 0.14043514422102224
0 0.8662176668907394 0.6713855405041577 0.2202629146981227 0.1340669695529872
0 0.14468747350631217 0.19599323516927708 0.2645585517214313 0.14994649960721657
0 0.3013540364060348 0.9660188679774219 0.2537450480932343 0.0639635478118187