0 0.5973197189240791 0.5581616420565547 0.2713275103821694 0.16378863399378396
0 0.36709868181002747 0.2607257541338292 0.2614974840738101 0.15553948635114886
0 0.6323680950630292 0.37335214846669545 0.27427049985882573 0.16080918320799578
0 0.29676671110215846 0.6209333540099947 0.26802049985882564 0.1605180847795724
0 0.6664077080477995 0.19241251757328331 0.2709634893354821 0.15753863399378404
0 0.5645240875234572 0.7446427975570726 0.2775775103821694 0.1640797324222074
0 0.3316330767177648 0.4392488604201355 0.26480449459715383 0.1588100355653607
0 0.10306169222749043 0.3309846344080688 0.20612338445498085 0.14768844499482006
0 0.8510600979762138 0.68043486413968 0.23061150512049763 0.16033399420903188
0 0.0850520212584489 0.5068921629441161 0.1701040425168978 0.1481593258882322
0 0.8064939667167662 0.9921020326698764 0.2607246683734992 0.01579593466024711
0 0.2593745849632084 0.8056336856891951 0.26811150512049753 0.16208058477957224
0 0.8272754455289044 0.8736026672828331 0.24990753669052843 0.17058228949430188
0 0.8948673660391293 0.30489120863916197 0.1886060156438411 0.16149407981717356
0 0.40458951848643865 0.0877805597581817 0.2595709630271227 0.14921671174404305
0 0.9175067474397511 0.11793701819245586 0.16444047355046648 0.14790246071058574
0 0.5290661877069839 0.926867599771467 0.2745435156438411 0.146264800457066
0 0.12159849608903969 0.15366015508623324 0.24319699217807939 0.15324924028009032
0 0.8731002399001792 0.4903192863894209 0.21029900512049765 0.15938792431665566
0 0.6976716605515787 0.059129136679871186 0.26394067363517093 0.06371585938667819