0 0.22758211445163612 0.5193055588490235 0.33194329545304757 0.22447744317957152
0 0.8943917390462467 0.5740523709477532 0.1943069277582957 0.2142648717519414
0 0.8575713977298192 0.356792732960462 0.2711421631477993 0.2312262751605081
0 0.7347307723277249 0.9064263145343616 0.32273984496658026 0.14465357548481989
0 0.5950872142894804 0.5394451404262185 0.33830238960884884 0.23083653733537268
0 0.9265382171321495 0.7906125795518953 0.12226828652459361 0.20363528896022592
0 0.8022737918028948 0.12423537744057492 0.3088058043815014 0.24125584009531634
0 0.4401556213481997 0.1140879991892211 0.35718875730360067 0.2281759983784422
0 0.15612154058507893 0.3042766225660157 0.31224308117015787 0.23207175486796866
0 0.5199038023562017 0.3275412041432106 0.3525558043815014 0.24201949918592583
0 0.3084661014659926 0.7178327877457052 0.3161819277582959 0.2163922077900679
0 0.6703660836090851 0.7458803267092262 0.3366035219140972 0.22299676379642258