0 0.5726536455957645 0.7020913602428784 0.22745335518980242 0.1649986374938141
0 0.8077609403825207 0.4541772399347764 0.2415340359079618 0.16886062188998174
0 0.34412971155795546 0.490053948438805 0.21961358411256365 0.15990170171816515
0 0.5675824097391162 0.09617223088966481 0.23358518052176755 0.14501368611433302
0 0.8072579880961432 0.1376481592020817 0.2462397166261212 0.17223128335537105
0 0.8079023618291019 0.2955425463572115 0.24311471662612086 0.1720675090451115
0 0.8099587237563999 0.6137160142450359 0.2399806262670417 0.17034123473485216
0 0.8113888926688981 0.7708700949777304 0.23843630698520074 0.17338434757972224
0 0.13110753679172454 0.4343451017635938 0.20706813231716556 0.1514341044771273
0 0.34560078708631214 0.6401767791714995 0.21648858411256366 0.15973792740790582
0 0.5675228015242515 0.24074442446722966 0.2305783551898024 0.16516241180407354
0 0.5711962056060271 0.5496247795101838 0.22745335518980242 0.1649986374938141
0 0.12972334055547136 0.1349625774533343 0.21026585518980254 0.16409787878738671
0 0.5705381963344491 0.39407414235505406 0.2337124455488823 0.16688868611433297
0 0.3426631812091386 0.3391498677061103 0.22119426483072288 0.1631085888732951
0 0.34276369603986145 0.18754642412854544 0.22118517447164338 0.161546088873295
0 0.34737444886853186 0.06665739201636979 0.2130363311856974 0.10332415309764624
0 0.13039498536566882 0.28816946460846404 0.20863972267624523 0.15307849163225704