0 0.14609375 0.19225619857394424 0.1984375 0.2933419756031115
0 0.4875 0.40517994203284075 0.1890625 0.28234993344863374
0 0.4578125 0.708132225210328 0.1859375 0.2776442527304745
0 0.66640625 0.35387703814745697 0.1875 0.28234084308955404
0 0.70234375 0.09471111640628817 0.1828125 0.18231357201231527
0 0.80859375 0.6054855108237021 0.18125 0.2713669816532356
0 0.84296875 0.3025604987234537 0.1828125 0.2807510720123153
0 0.63359375 0.656029890606785 0.184375 0.274510162371395
0 0.76640625 0.8693025711285525 0.1671875 0.21034766842151917
0 0.3046875 0.4548976200205255 0.190625 0.29017152380771344
0 0.12109375 0.5085170028286703 0.19375 0.28550220452587266
0 0.59296875 0.9093033188890572 0.1609375 0.18139336222188546
0 0.278125 0.762555583916172 0.1890625 0.2760999334486337
0 0.94375 0.5547093268840891 0.1125 0.26471700585373253
0 0.33515625 0.151168632022578 0.1890625 0.2745374334486338
0 0.86875 0.06911673964826745 0.140625 0.12894313231716562
0 0.9265625 0.8264843329342133 0.146875 0.23366699375348396
0 0.0265625 0.23531078610435346 0.053125 0.28937157220870696
0 0.521875 0.11944242993259233 0.184375 0.2338851623713949
0 0.95703125 0.26025534493626584 0.059375 0.2581579336450255