0 0.6856759631100796 0.49615998691779295 0.27916130093507635 0.179743083916172
0 0.9244021198241338 0.9202070618569745 0.15119576035173238 0.09309653590796145
0 0.6925860559050461 0.8782185079950319 0.27917039129415605 0.181305583916172
0 0.6791209152000653 0.30940942066101423 0.27758971057599685 0.1781714935570923
0 0.3975209363755 0.24761690602668313 0.263472668421519 0.1687146803253757
0 0.6772760931877501 0.12659237548147445 0.2775533491396784 0.17192149355709235
0 0.3993430324901162 0.42652770120622285 0.27131243949875794 0.17344763212077385
0 0.6891196465587133 0.6852361224564124 0.28228630093507634 0.17976126463433123
0 0.13128844495970698 0.5444954094445287 0.25563289734428024 0.16398172852997775
0 0.1333680536655509 0.3648260901626879 0.25250789734428025 0.16396354781181843
0 0.40120149004105093 0.6116884963857627 0.2697499394987579 0.17343854176169415
0 0.919373210477801 0.5725280859592754 0.16125357904439816 0.16970448770335977
0 0.9222714723816576 0.7670729714978949 0.15545705523668474 0.17748971662612084
0 0.3973113372358216 0.07730895120622291 0.26337267447164325 0.15152718032537577
0 0.40385483313060505 0.7991975867448422 0.27289312021691714 0.17658172247985354
0 0.1354703882690939 0.18906302088084712 0.24938289734428026 0.1639453670936592
0 0.9011226593463327 0.19820479682985984 0.14938289734428026 0.16336358411256366
0 0.8885221445156098 0.04657411913676268 0.12391928903121965 0.0835306383672898
0 0.9146953217177277 0.38265251970249675 0.16814198770335978 0.16503516842151908
0 0.677416472872637 0.016440670661014282 0.26108294574527396 0.026518089966296156