0 0.8004692927992465 0.7100671845580896 0.21756401550266702 0.3062175516711111
0 0.4134103666038267 0.8454670092149648 0.2058074681476203 0.2919004785328475
0 0.07326683987194445 0.9158951440923262 0.1465336797438889 0.1658821859797918
0 0.4616629399848839 0.5260260249825344 0.2042449681476203 0.29186411094166687
0 0.2310760087395538 0.8816987159963192 0.19426375241907445 0.22765614057694455
0 0.6500876741292811 0.4522033992232286 0.20875045762427646 0.2888482137152085
0 0.281414726887174 0.5934168127859373 0.19735793131591722 0.2807811405769446
0 0.10645325326612046 0.6638053140202083 0.19092592079257362 0.27751067021222225
0 0.605885563916521 0.7824727806821175 0.2111320049793232 0.30294708130638914
0 0.15861978192296694 0.3575364770142359 0.18403888396087065 0.26642769984750014
0 0.040436742248666564 0.4269794208778125 0.08087348449733313 0.2554161582443751
0 0.3321097608056924 0.28562184337114555 0.189090405007558 0.27278680262104177
0 0.9024504798003588 0.8746544017886798 0.09553928413027961 0.08648432028847211