0 0.7001650101429744 0.48927040094789487 0.1477319366867496 0.2348202638537389
0 0.8013628660666032 0.741438676588458 0.15266489853730292 0.24910108767505648
0 0.8580593307598254 0.5013081362655865 0.14466148376465035 0.23779971463952715
0 0.1550100174465751 0.6965026265501859 0.14943080438150136 0.24270553846084475
0 0.6014881822225228 0.24736753721799049 0.14449784253094827 0.22842471463952715
0 0.7570251160698985 0.25851486062502327 0.14293534253094825 0.2283519400324213
0 0.2911819277582959 0.22432802770747778 0.14140011606989855 0.22984166542531542
0 0.1348773806803952 0.21392556699689202 0.14449784253094827 0.22842471463952715
0 0.44748647483619663 0.23473048841806352 0.1428807954530477 0.2252269400324213
0 0.5422979630650738 0.4787951656302032 0.1508842102256999 0.2365283130679506
0 0.3844172792176979 0.4675386803125116 0.1477592102257 0.23638276385373888
0 0.9434223120921391 0.7522949015670675 0.11315537581572173 0.24481169396136265
0 0.31912706452447576 0.7072689602963009 0.14627853084255094 0.24099748924663303
0 0.36100172970746053 0.06521204693790013 0.1202500446422687 0.09146837014004516
0 0.6633863900158861 0.08163768341288355 0.12677278003177223 0.10738446856846859
0 0.07101329829242138 0.4459161215877872 0.13051716314779932 0.2324572431755744
0 0.9118626205341254 0.2743132967285032 0.13819329545304768 0.2250086162111037
0 0.6403435454497524 0.7292553920565548 0.14784103084255093 0.2410702638537387
0 0.4816952483718516 0.7187437694353102 0.1447433043815014 0.24248721463952716
0 0.2257417086008469 0.45546455769126715 0.1477319366867496 0.2348202638537389
0 0.971091570209814 0.5138338691020786 0.05781685958037208 0.22485875889134022
0 0.5110017297074606 0.07219840922006245 0.12200345941492116 0.10247864474715103
0 0.042373649751823395 0.6834503548385642 0.05546261606989862 0.2258390620344933