0 0.17270434342786 0.427522321903993 0.32658654671393 0.22308035619201405
0 0.14062058379444153 0.6682752616835069 0.24859793903379807 0.2259494766329862
0 0.8871255784506722 0.27785344339180484 0.22574884309865553 0.22413240349472244
0 0.5536982791629528 0.35611226206475644 0.3674843313536661 0.23340091356270865
0 0.9168836231195382 0.0763266577726034 0.16623275376092367 0.13357883225631959
0 0.2309557979675712 0.1994505668699998 0.345200154394062 0.21882926728618082
0 0.4234427586424746 0.850101264248958 0.37878554420664745 0.2461554867009724
0 0.8258927021637774 0.7812343229508327 0.34821459567244517 0.2502974728332642
0 0.6188218593294847 0.12240810287045087 0.36721154671392997 0.2240259135627086
0 0.8570098326073072 0.5239478466021869 0.28598033478538554 0.23819620991548654
0 0.790733210212685 0.9525651155038883 0.3798526360516618 0.06817595706569471
0 0.48956053747622297 0.5968294874634719 0.37249008010002493 0.24444751633625045