0 0.16081670805957718 0.5937926846581547 0.2636061966536897 0.14668763392680617
0 0.41950459444687416 0.8496916773512588 0.2493526956651065 0.14175467207625303
0 0.4275041423559771 0.681982025971287 0.24791752965749528 0.14485239853730256
0 0.9022375803223829 0.8427396627374669 0.19552483935523418 0.13504102191409723
0 0.15925816113905744 0.7662989301939278 0.24960736364988398 0.14800467207625304
0 0.4424315336118279 0.16698431736714486 0.24785386266130088 0.14328989853730273
0 0.685625707070994 0.598269093745469 0.23835152866891213 0.14000125730360063
0 0.430657022774594 0.5102843039744642 0.24798119665368965 0.14641489853730275
0 0.6984361358930053 0.2612327439076248 0.2447288626613009 0.14323535145940197
0 0.175584931824942 0.07488872605401257 0.2600355276803289 0.13569558684890543
0 0.671779360264205 0.9290418068138381 0.23678902866891213 0.13997398376465037
0 0.677594325663794 0.7651974951254408 0.24004136266130088 0.14315353084255095
0 0.435372403193211 0.33861385551659173 0.2494163626613009 0.14331717207625302
0 0.9104440459691177 0.5157368319743462 0.17911190806176477 0.13156146590774292
0 0.16222794672805171 0.9329215941558013 0.22891286167271768 0.13415681168839733
0 0.16465533798390253 0.4197648494308071 0.2622346976422728 0.1513478603878557
0 0.6936889219762914 0.43212194236549717 0.23685269566510653 0.14153648376465036
0 0.905942229771226 0.6804442142795945 0.18811554045754802 0.13652170129724617
0 0.1676490509120335 0.24416087743398435 0.25748353064607843 0.14970353977100476
0 0.41222528813481424 0.9732892698855024 0.24454317885919252 0.05342146022899534