0 0.5009623986256899 0.7293985426103785 0.24068454210278442 0.1400558043815014
0 0.26857651767764923 0.9591781540174746 0.24971231252120454 0.08164369196505064
0 0.20556801995508386 0.4759563482129911 0.2531845421027844 0.1402739926931041
0 0.4794990824762884 0.5619383072208751 0.23745041469812272 0.13687625730360065
0 0.522452996626257 0.8976400279998821 0.23755954210278443 0.14000125730360083
0 0.9098139988188738 0.23848853936067238 0.18037200236225245 0.12980805113509045
0 0.9326488420101171 0.5614447982891261 0.13470231597976579 0.1276455332781829
0 0.2479862207655413 0.8186756822225227 0.24704366950744613 0.14328989853730292
0 0.457981202624556 0.3929155718313717 0.24068454210278442 0.1400558043815013
0 0.18324160825218602 0.30613872605401254 0.2501141058051153 0.14178194561520333
0 0.764518956337571 0.8089532236150854 0.2343254146981227 0.1368217102256999
0 0.9203819657865818 0.39721865705542403 0.1592360684268364 0.13109781574558702
0 0.43651788647515444 0.22545533644186833 0.24068454210278442 0.1400558043815013
0 0.7454812357416658 0.6438776485340074 0.235778787293461 0.13372398376465036
0 0.22870296350914718 0.6465688571414449 0.2469891058051153 0.14172739853730257
0 0.6774578558051154 0.14924125851812137 0.2343254146981227 0.13682171022569997
0 0.15999753729346103 0.13240121712555883 0.2501686695074462 0.14334444561520338
0 0.4145461388374071 0.06579396428288976 0.24159227767481414 0.12133307792045167
0 0.7240997651457605 0.478761163144504 0.2343254146981227 0.1368217102256999
0 0.7003745445498553 0.31360376744657514 0.2343254146981227 0.13682171022569997