0 0.12791734163562588 0.8414835180521767 0.2143453428931624 0.3170329638956467
0 0.4802035669441497 0.45124642095560186 0.3152180173648057 0.4690055718159236
0 0.802119473560008 0.4460877849260031 0.32307596916020387 0.47686352361132156
0 0.18018538622599048 0.4526260720123153 0.2964316559284872 0.46264648750696813
0 0.3771270012765463 0.8436732528286705 0.28151466217500315 0.31265349434265916
0 0.6755826819947055 0.8438026013791735 0.28146921037960515 0.3078771742752515
0 0.29231878932580735 0.11342319232742833 0.27150333703943 0.2062601321207739
0 0.6072307170189044 0.10353614968197129 0.2761635659621911 0.2015999031980127
0 0.872892078455223 0.0988315107255063 0.16046584308955403 0.188427216626121
0 0.9210042663036611 0.8264797877546733 0.14988286709365894 0.24930108411256385
0 0.05842557835702707 0.13549713846548567 0.11685115671405415 0.1553692769309713