0 0.2761498264372815 0.5392129099046837 0.13449226594251645 0.2130921095770768
0 0.4834455907979184 0.7986349541432105 0.1382723631835546 0.22564665665497757
0 0.5130301079836302 0.3383832467568844 0.13087594301173802 0.20366256249917622
0 0.8737407994134884 0.6044938474088027 0.134737927407906 0.21777960957707698
0 0.7906915247645447 0.8338597934310433 0.13859991180407363 0.23189665665497755
0 0.6370685577812315 0.816247373787127 0.1399986374938141 0.22879893019392766
0 0.3297816802370402 0.7818037844992942 0.1398348631835545 0.22567393019392784
0 0.1776393260985972 0.7657265913164275 0.141233588873295 0.22257620373287815
0 0.5954685509953682 0.13556616396516877 0.12405273292582972 0.1926159683433748
0 0.3670968102676223 0.32297820941821637 0.13235655585660827 0.20212733603812652
0 0.7240240824301752 0.5868132439175107 0.13769915309764613 0.21470915665497756
0 0.4244268741532894 0.5545770369349262 0.13761726594251655 0.21314665665497756
0 0.8864720092722542 0.16795237541198002 0.13515400723608906 0.19593188311602722
0 0.917751991747858 0.8519358632371155 0.0855567989592032 0.23253185633066592
0 0.5749657847141675 0.5714627536567433 0.1379448145630356 0.21939665665497757
0 0.6589224621220732 0.3545695340955525 0.13260221732199753 0.2068148360381265
0 0.805596066260516 0.37074218466474534 0.13260221732199753 0.2068148360381265
0 0.9341780896662645 0.3895722309318671 0.0998716044771271 0.20780459172016935
0 0.7382359051338112 0.15180699838173747 0.12569712008095948 0.19420574188232517