0 0.3529498215213359 0.5192535193221117 0.17516466822512733 0.30293157095872497
0 0.7511373366466465 0.49019851341648 0.159430583916172 0.2836359339354164
0 0.9297971051898024 0.47384437103569377 0.14040578962039518 0.27527779691210785
0 0.8426128061014377 0.7738046763005041 0.15153627068445558 0.2693006154237622
0 0.6552855229239507 0.7969445320208015 0.15783172247985355 0.27733137023308563
0 0.45858323974646337 0.8197570055271136 0.1609839935570923 0.2821279976377472
0 0.9242314865250094 0.9570561088851581 0.13504768657189176 0.08588778222968366
0 0.5582867613146816 0.5037723961786191 0.16414535499341093 0.2884871250424091
0 0.7493087545771863 0.9671999460011339 0.1442681504675381 0.06560010799773223
0 0.9724075673274284 0.750263027296296 0.05518486534514331 0.26290179328391083
0 0.562689998527062 0.9811136238612826 0.14563066256778665 0.037772752277434665