0 0.3591269589655558 0.3413742865988179 0.18979507750666694 0.30851462903138527
0 0.2531198804120492 0.6821554902800904 0.19190309137437528 0.33202490363849113
0 0.5723893719595836 0.31696940777232036 0.19008601823611143 0.3210146290313853
0 0.07336029844007003 0.7042187731593639 0.12140875341847249 0.3209375463187277
0 0.8364090783596883 0.9095613604201354 0.21123235999173637 0.1808772791597292
0 0.5984187690891327 0.916639652190749 0.19971297853284736 0.16672069561850195
0 0.37058470981857716 0.9250899491309038 0.19120949430041678 0.14982010173819232
0 0.6978134781515977 0.6427763906088126 0.20919969414791684 0.33751292431665547
0 0.9142300734226044 0.625167321335609 0.1715398531547912 0.3396918544242794
0 0.7996779173624308 0.2916570004097755 0.20087804787138913 0.31527405128112634
0 0.47272321238402826 0.6619479598820162 0.20131445896555586 0.33402405128112633