0 0.8032700898934071 0.841885532781631 0.24947545680654812 0.14188060669954367
0 0.23537209746818064 0.4162720793682257 0.22094102103089916 0.1337408426957259
0 0.5684646426977976 0.9337865697008165 0.23524918249628843 0.13242686059836686
0 0.772519136139077 0.682837249442995 0.24478795680654794 0.14182606269890757
0 0.5121448801461831 0.6243049447405875 0.23196040818602892 0.13543061203054396
0 0.5399346082107728 0.7801918654121327 0.23368668249628843 0.1385737933640895
0 0.45426261759456865 0.3117225813971789 0.22875352103089916 0.13383174936345324
0 0.48197045850402853 0.4691720020687241 0.2272729081860289 0.1353760680299077
0 0.3185741853254228 0.8722050007160886 0.22562852103089917 0.13379538669636232
0 0.7441119323847467 0.523816238104677 0.24158106965141818 0.14022720003181668
0 0.2890172393730087 0.720206148710998 0.22406602103089918 0.1337772053628168
0 0.08043283158143497 0.6605204240133631 0.16086566316286993 0.12561926002545326
0 0.26106373699815955 0.5674442280394527 0.22406602103089918 0.1337772053628168
0 0.686639105608781 0.2034213747612684 0.24010045680654776 0.14177151869827131
0 0.7142241157855463 0.3632145454328136 0.23837418249628844 0.13862833736472577
0 0.11135482756893525 0.9464391953373635 0.2087752137039529 0.10712160932527297
0 0.09416226029033661 0.808476666016863 0.18832452058067323 0.1273999360279987
0 0.34491427804390506 0.9782442733529535 0.2165191146538926 0.043511453294092915
0 0.8312578917932865 0.9641605221196308 0.24085737336031982 0.06682606269890741