0 0.6190440167756306 0.8419575366660412 0.24467721662612102 0.16504834422416687
0 0.28988972267624524 0.13545949563159698 0.23527494554888212 0.16014263867708353
0 0.25094137304558756 0.2902931192067012 0.23527494554888212 0.1601426386770835
0 0.17226342378427223 0.5999785501524999 0.23526585518980253 0.1585801386770836
0 0.2096447282353901 0.44440004416857626 0.2337033551898025 0.15854377108590292
0 0.7778260599120669 0.19911280718326324 0.24780221662612084 0.16512107940652795
0 0.5474567829810956 0.08727134308680509 0.24466812626704132 0.16348584422416687
0 0.5085266140685971 0.24522996666190933 0.24154312626704133 0.1634131090418057
0 0.46880610479701906 0.4016442740326037 0.24312380698520056 0.16657447663298636
0 0.09252436416679297 0.19005999591593742 0.1195135901626879 0.13401393692972227
0 0.1333241645126942 0.7563746737276041 0.23527494554888215 0.1601426386770836
0 0.4306571858845206 0.5595847138121177 0.23685562626704132 0.16330400626826408
0 0.6587327097904299 0.6800744792953466 0.24779312626704134 0.16355857940652782
0 0.8153073583130606 0.0607218011993396 0.2475295058537327 0.11824607940652798
0 0.062151583817976086 0.34156859773954856 0.10074540944452866 0.13045252583555564
0 0.7389140717177277 0.3601964307583675 0.24780221662612084 0.165121079406528
0 0.35281048359814327 0.8778457109623261 0.2415249455488821 0.16028810904180588
0 0.6984168576256895 0.5174101719246522 0.2509090359079618 0.16206881458888917
0 0.3917270169720223 0.7175433373872219 0.2415431262670414 0.1634131090418059
0 0.5868814774498232 0.9544400060808329 0.23787270472226432 0.06959037385944455
0 0.32675339754067195 0.030321320004131857 0.22538179508134393 0.060642640008263714
0 0.03805152936685825 0.4968379791984375 0.0710306383672898 0.12507404160312507