0 0.3999467276646965 0.6054675864984458 0.14194786724456102 0.23656602103089916
0 0.7263615243977088 0.5859451390756937 0.138822867244561 0.23640224672063964
0 0.7936045665826073 0.3229338839873111 0.14231174028009033 0.24437852103089916
0 0.5639535696829792 0.5961379313646347 0.14187509263745515 0.23500352103089917
0 0.12284261042013549 0.3618183265488232 0.1452911910658786 0.2414172953411587
0 0.6265091118678775 0.33288101481086274 0.14245728949430206 0.24750352103089918
0 0.340860787837163 0.8595542209400421 0.13718759263745522 0.23475785956551007
0 0.2343773856464139 0.6147153544771273 0.14358314185166687 0.23821040818602873
0 0.6633329472666224 0.8390458056294656 0.13845899420903168 0.22858974672063964
0 0.1784892204259862 0.870528263228983 0.1384589942090318 0.22858974672063964
0 0.8241056273742462 0.827208626185395 0.13675094499482016 0.22538285956551007
0 0.8910768418088857 0.5750939275194474 0.13889564185166706 0.23796474672063966
0 0.9447356882750929 0.3126182609656755 0.11052862344981414 0.24676653663473136
0 0.5968646929233963 0.9855944205105007 0.11817211124870504 0.028811158978998462
0 0.5040863798554456 0.8501836222286661 0.13845899420903168 0.22858974672063964
0 0.29235458974197104 0.35355652645796604 0.14536396567298446 0.24297979534115868
0 0.4617574071531478 0.34295097636710903 0.13933228949430204 0.24733974672063966
0 0.08141720553879003 0.6269619696968467 0.11545814185166689 0.2367364393936935
0 0.958215030188677 0.8150438981208051 0.08356993962264596 0.22785276232447202
0 0.9920184877988909 0.560882020576614 0.015963024402218196 0.22992651741285464
0 0.755803045280761 0.980683931478206 0.12678513192686935 0.03863213704358799