0 0.46342993967141216 0.9021353426086464 0.23336311542376223 0.1553096683123613
0 0.46180049620216695 0.7472841884483337 0.2382143065307547 0.16010627108590292
0 0.2219518340359329 0.38359832247267384 0.23023811542376213 0.15523693313000014
0 0.22204605935634358 0.5376318590418057 0.23190974282842386 0.1583983007211806
0 0.05529759129232703 0.4795797036472223 0.11059518258465406 0.1341594072944446
0 0.22531984837908517 0.6901756307932988 0.23180061542376212 0.15527330072118078
0 0.457854584584087 0.5915972329012504 0.23508930653075472 0.16003353590354194
0 0.7036953303229178 0.8060825326725005 0.24301093393541642 0.16334037385944455
0 0.05398311715304268 0.3326137846692709 0.10796623430608536 0.13710256933854179
0 0.4522792294967619 0.2810591231938545 0.2397768065307547 0.1601426386770836
0 0.2225570131620259 0.23192671969913214 0.23180061542376212 0.1552733007211807
0 0.45549845481717266 0.43516539494534767 0.2383234339354164 0.1632312710859029
0 0.6960366639803326 0.331300085009202 0.24608137023308566 0.1618506090418058
0 0.2292930418483304 0.8450813363403821 0.230292679126093 0.1567994331300003
0 0.7006125142583343 0.6480700109210076 0.24128474282842394 0.15861650626826407
0 0.7035812245178025 0.9411942499515454 0.23690477767481416 0.11761150009690909
0 0.691631939292894 0.05441027668857697 0.23861112141421187 0.08205400626826406
0 0.05498136080369781 0.6312694902163543 0.10996272160739562 0.13256053970326392
0 0.22437002822296837 0.09044773451677102 0.22316965988879928 0.13165396276527797
0 0.6945709116180798 0.17176143084888945 0.24290180653075472 0.16021537385944465
0 0.6991740437472469 0.4877501067606951 0.241230179126093 0.15705400626826407
0 0.4507316315810129 0.12386421903354206 0.24139387023308564 0.1617415062682641
0 0.4540872992743606 0.027770469033542043 0.20745040145127885 0.0391755220358335