0 0.6464361254375861 0.7419926155526883 0.15772378270208928 0.26724053262324465
0 0.82665033676795 0.712764077492236 0.15298173870145285 0.2623620316346617
0 0.9201345180617244 0.4174104737281838 0.1515101453691802 0.2701108646384672
0 0.7414373533974971 0.4426690947924416 0.15781468936981646 0.27505303262324465
0 0.35824359273549683 0.4926743423581647 0.17360332137172546 0.28975220258518863
0 0.555699848066497 0.4674329673395742 0.1672805960375438 0.28324753460041113
0 0.4577008894414041 0.7778213220922096 0.1624840080362711 0.273681533611828
0 0.9620618393737935 0.6813482983290324 0.07587632125241299 0.2516208498097196
0 0.9070025501272669 0.9009869776825165 0.1405170066836355 0.13066636266130088
0 0.7352911821291759 0.9220528472638996 0.14018974267981754 0.1025413626613009
0 0.5557673141310848 0.9434370518262545 0.13986247867599957 0.07441636266130089