0 0.10591480925276531 0.0698123948271505 0.1430796185055306 0.139624789654301
0 0.387067172076253 0.23261129387744311 0.16096832223840885 0.27485891066226814
0 0.6953780986167329 0.4761122751393317 0.173713784088962 0.2892851235152495
0 0.20009900608578465 0.2685357366721649 0.1561717280826075 0.26847251834240005
0 0.3010474460189452 0.5438646941148699 0.1641478693163095 0.27807483887551354
0 0.1116946197200513 0.5775135830695257 0.1547728693163095 0.2778020542357774
0 0.2845346870937867 0.050814690749657686 0.14406937418757346 0.10162938149931537
0 0.58251999391092 0.19018679849629663 0.1656012751605081 0.27187030298213616
0 0.4951150458567894 0.5116419128403462 0.1688899163942102 0.28133623119538154
0 0.05069902394269214 0.30727529090794226 0.0920001339268061 0.2603584899708701
0 0.47329717816533295 0.030922076405608158 0.14971935633066594 0.061844152811216316