0 0.5821417876507843 0.8205204556748942 0.2365195126631562 0.35052670171816513
0 0.6440576164629148 0.1288043464480685 0.22561523292582972 0.20192542740790573
0 0.8609651554724955 0.10511229816623377 0.18755531094499106 0.12981140999505122
0 0.1690786278828756 0.1935087398232347 0.2551123824054314 0.3187787347348521
0 0.4100854081860289 0.15393938602347598 0.23892081637205784 0.2774167503386843
0 0.7928502363167317 0.752873689505235 0.23430191542211815 0.3379448145630356
0 0.8211844397323776 0.37181844131425734 0.23544833559393474 0.3598198145630356
0 0.3547438059681499 0.8558582536180446 0.24845294662978262 0.28828349276391096
0 0.026881161804073524 0.23046542797373265 0.046720028266988387 0.3265558559474653
0 0.3816350180902231 0.5030452713695834 0.2564159328349726 0.3733843475797222
0 0.14983281942427554 0.5695865609449908 0.2598684814554917 0.37979812188998174
0 0.6057066039113004 0.43765704601852723 0.24992027136958334 0.36836929895920323