0 0.6926874264620967 0.83671875 0.2625530326232447 0.1546875
0 0.6115250207974278 0.49375 0.2611178666156334 0.1578125
0 0.6498420573750051 0.6671875 0.2611178666156334 0.1578125
0 0.4113618306067098 0.77734375 0.2515518656270503 0.153125
0 0.2852331403416297 0.2703125 0.25786553262324485 0.1546875
0 0.5685204842198502 0.3203125 0.2626803666156336 0.1578125
0 0.36942504551200706 0.6109375 0.2514881986308559 0.1515625
0 0.5278278641441756 0.14609375 0.2610541996194392 0.15625
0 0.7824105933839289 0.04765625 0.27107118676785796 0.0953125
0 0.3257984264249156 0.44140625 0.25311436562705036 0.153125
0 0.4528847802261489 0.93359375 0.2507241946765232 0.1328125
0 0.9045216512160448 0.7234375 0.19095669756791053 0.159375
0 0.8837687994291586 0.5484375 0.23246240114168265 0.159375
0 0.8227066240300074 0.19296875 0.2739362015966055 0.165625
0 0.15034873475132288 0.71796875 0.223044863649884 0.14375
0 0.1185681996566202 0.5515625 0.19791752965749523 0.140625
0 0.18515876935173398 0.88203125 0.2387335306460784 0.1453125
0 0.924556919999125 0.89765625 0.15088616000175 0.1515625
0 0.8625457388970299 0.37109375 0.2749085222059403 0.1625
0 0.725905786157648 0.96171875 0.25436384783255334 0.06875