0 0.10404485042264726 0.7499920242202878 0.20808970084529452 0.17635554745199222
0 0.4394559904330886 0.24630192741349877 0.2987510517284949 0.18384439528454558
0 0.4122245860390266 0.4563799229648745 0.30013169530200423 0.17765806228073994
0 0.12701347789667622 0.32875369418223166 0.25402695579335244 0.18250738836446337
0 0.3898625380714554 0.6603989195048333 0.29213733887551346 0.17108972729976807
0 0.11452418659302258 0.5408716922050653 0.22904837318604515 0.17861838441013056
0 0.09207121041220598 0.9337210839923887 0.18414242082441196 0.13255783201522248
0 0.36297211447706357 0.8587581650562092 0.2920464106622681 0.16796472729976805
0 0.7100052050019297 0.5717608197322949 0.2763759465556454 0.1657655573378241
0 0.6792085314075378 0.7699608977931847 0.2763759465556454 0.1657655573378241
0 0.6503153386128161 0.9404067658359214 0.26815426959604133 0.11918646832815724
0 0.1388351794668866 0.10957261266130085 0.2776703589337732 0.1878952253226017
0 0.3370962730942676 0.9850846072240934 0.27926160266556704 0.029830785551813222