0 0.365625 0.14259909430036194 0.240625 0.1719856218899818
0 0.67265625 0.8665024202833582 0.23125 0.1652442989592032
0 0.7140625 0.7178911798942966 0.2328125 0.16688868611433313
0 0.79921875 0.4207915298488681 0.2328125 0.16688868611433297
0 0.75859375 0.5702249638154946 0.2296875 0.16516241180407362
0 0.19453125 0.7601949508136541 0.2453125 0.17379378335537102
0 0.41875 0.8906957575747736 0.2421875 0.17206750904511167
0 0.46015625 0.7381782671857119 0.2390625 0.17034123473485216
0 0.503125 0.58886766395178 0.2390625 0.17346623473485218
0 0.88828125 0.8348340976912638 0.159375 0.1458524898232348
0 0.840625 0.27139903945980653 0.2328125 0.16688868611433297
0 0.54453125 0.4371314235627185 0.234375 0.17009557326946273
0 0.32265625 0.2981596975342938 0.24375 0.17214939620024125
0 0.153125 0.9056811912027157 0.246875 0.15356317051050078
0 0.92109375 0.6896787279489887 0.1390625 0.14010045680654795
0 0.23671875 0.6053746540021574 0.2453125 0.1722312833553712
0 0.628125 0.13213738636216027 0.2359375 0.16705246042459257
0 0.2796875 0.45372030076822556 0.246875 0.16918817051050078
0 0.58515625 0.2853542395960921 0.2375 0.17025934757972222
0 0.39921875 0.044359668135651606 0.2328125 0.05907618611433303
0 0.63046875 0.965896074173974 0.2265625 0.06820785165205194
0 0.94609375 0.5394264224310648 0.1078125 0.135337713703953
0 0.3828125 0.9774366824962885 0.221875 0.04512663500742313