0 0.18952696104306946 0.6046550516711113 0.1941081047058129 0.29346297853284736
0 0.15977087175523677 0.2944617808695488 0.19235468993316046 0.28248911094166684
0 0.5197441152624149 0.4028808782278476 0.18758536931630942 0.27769250816812524
0 0.5565314545502477 0.7132378031897227 0.18629560470581286 0.29328114057694454
0 0.6954338620160041 0.45699041603125057 0.17969104869945837 0.27282317021222247
0 0.7377172248427872 0.7659121275622576 0.19084673701106106 0.2855777433504862
0 0.34091573173935075 0.34947985524208364 0.1860774163942102 0.2807811405769446
0 0.6567840137997176 0.163784623478195 0.16856263392680618 0.2616310970739585
0 0.3769218210271834 0.6598185964083684 0.19090128408896181 0.2887027433504864
0 0.304722681818781 0.09462804787138915 0.17805463636243807 0.17907317021222235
0 0.13017269521146158 0.06477362765916678 0.15840460957707686 0.1270742591180557
0 0.048757279628030295 0.5535620643045487 0.09751455925606059 0.28524912860909735
0 0.48317891842610033 0.12457338706156292 0.17739216314779932 0.23059930262104184
0 0.036974299920569755 0.2548699911662847 0.06384786038785575 0.25763196846486114