0 0.773034988104677 0.7444120995602115 0.14943856802990788 0.22544148801910052
0 0.2833526807367695 0.5067211928362731 0.1525999306969986 0.22867561542376222
0 0.6252878314369498 0.7417558694304773 0.1510010680299077 0.22549605172143145
0 0.5835890380728603 0.5165574619887489 0.15576129336408934 0.23190974282842375
0 0.8435709233768162 0.290984509997165 0.15737833736472595 0.2366518065307547
0 0.4334799500715876 0.5124205774125109 0.1557249306969986 0.22878474282842376
0 0.7313543760741329 0.5207761921184829 0.1525999306969986 0.22867561542376222
0 0.6695025501272669 0.9145013994675442 0.13739200668363552 0.1297470421027846
0 0.1332254114019514 0.5010218082600353 0.1510374306969986 0.22862105172143127
0 0.8822538047421784 0.5256670448435553 0.15419879336408968 0.231855179126093
0 0.4783128341024499 0.7382911074495778 0.1494022053628168 0.22231648801910034
0 0.23529479937140732 0.2723660402038679 0.16050333736472577 0.23676093393541642
0 0.3313287461011772 0.7340450954686782 0.1494022053628168 0.2223164880191005
0 0.5264792561266305 0.9148064782308175 0.13281359468490822 0.13895835099579196
0 0.5386470660407253 0.28131193195168186 0.15427151869827113 0.238105179126093
0 0.3862033187062255 0.27803814292894036 0.15581583736472576 0.23659724282842384
0 0.6895646760423162 0.2877652846767543 0.15741470003181668 0.2397768065307547
0 0.18511681743313177 0.7289905516366133 0.1525635680299077 0.22555061542376223
0 0.08908287070336195 0.26731149637180296 0.14331583736472583 0.23616073320977699
0 0.957495421347863 0.2962945141735162 0.08500915730427394 0.23430556733052788
0 0.3834377807924487 0.913549056994091 0.13123291335136286 0.13734128729346082
0 0.9145230541056314 0.7465053344992689 0.14000902402927123 0.22042660580511536
0 0.9768459526973168 0.5206670315967115 0.046308094605366536 0.20805060217691818