0 0.21293761141982567 0.855260713502863 0.17998366641250022 0.28225902985783763
0 0.4388351495075691 0.48230552341492994 0.18147343123013898 0.2791431202169171
0 0.7717346492232287 0.6819252909761273 0.1911030043684029 0.290135162371395
0 0.26089068104270785 0.540653312838933 0.17664046086541685 0.2728658491396782
0 0.3924082122935063 0.7984845144379393 0.18630640159486136 0.2854203912941561
0 0.08917802878225643 0.5998187136992548 0.17180749050069466 0.26658857806243946
0 0.6247194045415622 0.4185344357863248 0.19088479882131965 0.2807601623713948
0 0.5789100631671869 0.7417492219888742 0.19117573955076422 0.29326016237139496
0 0.31093292752732615 0.2369970477136226 0.171698387727153 0.26190107806243945
0 0.13989242249333306 0.3008544937534841 0.16697452013597242 0.26031130698520066
0 0.06844207580062425 0.8860284035907963 0.1209346683123613 0.22794319281840741
0 0.028467879274687403 0.36033805718159234 0.056935758549374806 0.24255111436318472
0 0.9029443623697562 0.8858411522160541 0.15672539152687506 0.1555783551898024
0 0.7144260698167006 0.9285003091265001 0.16995143692972228 0.11972266842151882
0 0.5190401814239575 0.9622828731437835 0.15963087955902786 0.07543425371243302
0 0.3317031823738881 0.9883181323171655 0.14745688145888886 0.023363735365668957