0 0.0829221353437268 0.0765625 0.1064692706874536 0.153125
0 0.41697950934913564 0.11640625 0.1683340186982713 0.2328125
0 0.16267764875076884 0.61953125 0.17981695870463463 0.2796875
0 0.47411294605345206 0.39375 0.1702237827020893 0.2609375
0 0.5338992154280412 0.69765625 0.17040559603754382 0.2765625
0 0.7147497734324955 0.73046875 0.16880673337045274 0.2734375
0 0.8289373533974971 0.47265625 0.16242946403563466 0.2625
0 0.5923067733529537 0.14453125 0.16386469470081658 0.2515625
0 0.23704656134627214 0.0953125 0.16471812269254427 0.190625
0 0.1075970607097253 0.3171875 0.17498400803627107 0.2671875
0 0.29320784404836137 0.35625 0.17340332670272557 0.265625
0 0.6519021387253154 0.43203125 0.1686976453691802 0.2640625
0 0.7646635786919079 0.1859375 0.15757833203372584 0.2484375
0 0.35217650075585955 0.65703125 0.16724423337045283 0.2734375
0 0.8980440787714498 0.771875 0.17194991470399829 0.275
0 0.03336231874599635 0.584375 0.05617946403563473 0.2625