0 0.1285966569104459 0.1905185100679862 0.19542262607064967 0.2920095813063891
0 0.8201023799794745 0.32381685296097296 0.1812964935570925 0.28074477298576406
0 0.6416864884889268 0.3696709475663894 0.1860021742752515 0.2839788757593057
0 0.4609359373574586 0.4139079907850351 0.18598399355709247 0.2808538757593057
0 0.7769416906771083 0.6244156117946881 0.17967945140261463 0.2713334053945836
0 0.42480195287555256 0.715451653779063 0.18125104176169432 0.2729322729857639
0 0.27862743140553026 0.4573274164125003 0.18758285499341082 0.2871402433504862
0 0.6024365943661004 0.6695793753780561 0.17967945140261463 0.2713334053945834
0 0.09551949473544272 0.5038536582443751 0.18598399355709233 0.2808538757593057
0 0.8644528645595765 0.08731696171843821 0.1617192708808471 0.13812086189159736
0 0.3163239158874363 0.15582012100965303 0.18750104176169424 0.2730777433504863
0 0.6861824188143025 0.10817105632385474 0.18076016237139497 0.18855727298576402
0 0.9288132628858154 0.5748182681392022 0.1374828610435351 0.2687889804327085
0 0.24560935656454466 0.7605063145888891 0.18440331283893308 0.2776925081681251
0 0.5548792965542819 0.9126318590418059 0.1588942527304745 0.17473628191638824
0 0.017714219945770705 0.22932447729857638 0.03542843989154141 0.2836489545971528
0 0.9006326789696434 0.8523250190891327 0.16700673458010193 0.241354964665139
0 0.5040057230690287 0.12893423195131987 0.18261355386194253 0.2385936405769446
0 0.7285349651721928 0.8866058340592715 0.1653169695529872 0.21944359707395833
0 0.9461154341360046 0.28690069405100777 0.0827589996072163 0.261266114741389