0 0.42198602508425953 0.6498666271508042 0.13728287314378348 0.2320408612399268
0 0.49009008870875964 0.8947746061717613 0.12619083703942985 0.2054147287263696
0 0.6873484464326449 0.4248928564663488 0.13731923458010192 0.23829086123992677
0 0.18303365115490927 0.3637665424490653 0.1341851442210223 0.23671018052176745
0 0.10406935558258598 0.10614546087058441 0.13873628883482803 0.21229092174116881
0 0.27822447306902864 0.11657844594166562 0.1404260538619427 0.23315689188333125
0 0.25648829011137425 0.6289552052132437 0.13413060206654456 0.22733518052176754
0 0.3292344019404762 0.8816484131569619 0.1293885599120669 0.21793290944452864
0 0.7903881297830828 0.17039573312617362 0.1420521863754999 0.24613063231716562
0 0.8551899314055303 0.44579064286528985 0.13730105386194252 0.23516586123992678
0 0.7514189950300303 0.6916985613850049 0.1357203731437835 0.2320317708808471
0 0.3500984313073344 0.38388762402754617 0.13731014422102222 0.23672836123992677
0 0.5179490066392993 0.40322291042648734 0.13731014422102222 0.23672836123992677
0 0.168419621788051 0.8614909701421624 0.12780787919390768 0.21479881908544912
0 0.09256214549756851 0.6064721929166035 0.1341487827847038 0.23046018052176756
0 0.5851354648776051 0.6715729346269841 0.134166963502863 0.23358518052176755
0 0.9457432502945876 0.18902249239775165 0.1076953670936593 0.24905564441741398
0 0.6194170996306576 0.15029737744539176 0.1405078670936593 0.24924654195808596
0 0.042318789325807335 0.34428126512531054 0.08463757865161467 0.24268746974937896
0 0.44766481947823245 0.13020356694414972 0.1373828670936593 0.24922836123992673