0 0.40390625 0.7453248747214974 0.23125 0.15425333736472596
0 0.51640625 0.2958526807367695 0.228125 0.14952947469763495
0 0.77421875 0.2597901007717679 0.2359375 0.15430788136536222
0 0.73515625 0.41246056743313175 0.2390625 0.15434424403245312
0 0.43984375 0.5933992953930427 0.2265625 0.1510737933640895
0 0.4796875 0.4454254193984516 0.23125 0.15269083736472594
0 0.30703125 0.1848226320416799 0.2203125 0.14787606802990774
0 0.55546875 0.14630721407540562 0.2296875 0.14954765603118036
0 0.36484375 0.8964328413828614 0.228125 0.15265447469763488
0 0.1921875 0.6248925540260897 0.2234375 0.1479124306969986
0 0.6203125 0.8697179894175415 0.2359375 0.1574328813653622
0 0.26953125 0.3312612800365892 0.2234375 0.1494749306969986
0 0.69765625 0.5628054654280412 0.2390625 0.15121924403245296
0 0.2296875 0.4768914060311804 0.2203125 0.14943856802990768
0 0.10078125 0.2269539460136812 0.146875 0.13139654535327186
0 0.15625 0.7721306333545445 0.2203125 0.1510010680299077
0 0.5875 0.9722857220321348 0.228125 0.05542855593573037
0 0.05 0.5169880526734543 0.1 0.12460110534690845
0 0.65859375 0.717038432089405 0.234375 0.1542897000318167
0 0.8125 0.1086730434436313 0.2421875 0.15281810669954393
0 0.071875 0.3703675913430905 0.1296875 0.12807155068427195
0 0.34609375 0.05715216538031601 0.2203125 0.10881356802990771
0 0.5890625 0.03966686274663268 0.215625 0.06813402402927139