0 0.031166117313550408 0.6179660914067625 0.062332234627100816 0.25780718281352505
0 0.16166934191152132 0.6534472880604522 0.16384250580598775 0.26730419961943924
0 0.5130439738065482 0.7279922792003847 0.15750157759274241 0.26392453163466173
0 0.6283580513992906 0.4745728019377977 0.15401286473976086 0.25129719764227276
0 0.7336833635526266 0.2418650726980444 0.1443196159934022 0.23997769566510643
0 0.6864898339939625 0.7616536492760593 0.15593907759274223 0.26386086463846714
0 0.7969345551602143 0.5142931710248891 0.15396740063313813 0.2497346976422728
0 0.402825820137402 0.161116502508639 0.15695600831327017 0.24517453163466157
0 0.33817200593900176 0.6895797421285156 0.1605811134861197 0.2624893656270505
0 0.5721835738983257 0.20086870509382765 0.15066054420664762 0.24335736364988403
0 0.4581735835317441 0.4363512658545119 0.1570924006331383 0.24986203163466172
0 0.23413565610992162 0.12530238342154748 0.15672868778015675 0.23736203163466157
0 0.07360733306952573 0.10468218281352519 0.12778533386094854 0.20809102570316257
0 0.8605578198081976 0.8008156028498312 0.15745611348611988 0.2623620316346617
0 0.2855544374509524 0.4011592292769343 0.16035379295300628 0.2546768656270505
0 0.11070520163671735 0.3619654422050654 0.1587458288463836 0.25305069863085594
0 0.0069510304831009815 0.3395081689733607 0.013902060966201963 0.23826400395433273