0 0.19794609972885352 0.21179312795281588 0.1497828731437834 0.23643355172143127
0 0.07323490769601279 0.7035490967346225 0.13889991529826112 0.24542660580511538
0 0.42160683440715124 0.03981892423195158 0.1255363311856975 0.07963784846390316
0 0.39278888359371184 0.6884845696079627 0.15297150565734077 0.247480179126093
0 0.22870820287555257 0.6973387583527024 0.15452491529826115 0.24597224282842375
0 0.35578587080609236 0.20159469401739946 0.14820219242562419 0.2332539880191004
0 0.8811019498504905 0.6659646626295702 0.1529805960164204 0.249042679126093
0 0.5553025191323313 0.6804661945655536 0.15140900565734067 0.24742561542376224
0 0.9278689073032294 0.41438231526197533 0.14044423458010194 0.24235616950744615
0 0.7162536546709507 0.6725023832254754 0.1545521863754999 0.25065974282842374
0 0.8261210967037915 0.18126476961581184 0.1482021924256241 0.2332539880191004
0 0.7731632265850701 0.42290912179273005 0.15137264422102242 0.24117561542376223
0 0.5136120063447118 0.193740010081983 0.1497737827847038 0.23487105172143127
0 0.6145740217646098 0.42766608757931196 0.15293514422102242 0.241230179126093
0 0.5770755844071512 0.037145302817739645 0.1302238311856975 0.07429060563547929
0 0.1332785699692118 0.4522842078972156 0.15137264422102228 0.24117561542376223
0 0.9810974046709507 0.6632538356803954 0.031060144221022056 0.23697421034428637
0 0.6706478015242516 0.18747510799773198 0.14975560206654456 0.2317460517214313
0 0.45361379586691086 0.4371923989193901 0.149791963502863 0.2379960517214313
0 0.29422970550783123 0.44432039655713745 0.15136355386194272 0.23961311542376224
0 0.7294193344071512 0.03452624510585857 0.13491133118569748 0.06905249021171714
0 0.945615985267473 0.18334064638750136 0.0715851502711466 0.22120536660488854