0 0.8911537479338614 0.556808554754823 0.14077473137238705 0.22240819368794007
0 0.38159382131491865 0.2595779994685274 0.14306527346576187 0.23497186068413445
0 0.7370045742281033 0.540487170876165 0.14261024715740261 0.22715936068413461
0 0.5366152502823487 0.2743050498490882 0.14306527346576167 0.23497186068413453
0 0.5835911478915091 0.5249152034994097 0.1425192418957307 0.22559686068413462
0 0.27837229784915685 0.49292635174970484 0.13948524715740254 0.2270320266917457
0 0.22679990550166823 0.24094469908796654 0.14306527346576187 0.23497186068413445
0 0.43017772155491507 0.5093432361226545 0.1440817418957307 0.22566052768032882
0 0.12426862677423456 0.4758237178710468 0.14270125241907441 0.22872186068413464
0 0.3274112243975124 0.7348790884038321 0.1405927208490434 0.21928319368794008
0 0.07140143952606733 0.22318814920169724 0.14280287905213465 0.23822419467652328
0 0.8518538424321932 0.30822381612352956 0.14582625241907438 0.2288491946765232
0 0.778921245514787 0.7842889090131668 0.14215522084904322 0.21934686068413461
0 0.1772138033225902 0.717617287034688 0.1389392155873715 0.21765702669174553
0 0.6931081739881069 0.2905309332334547 0.1460082629424182 0.2319741946765233
0 0.5273902956418439 0.927814710419492 0.12439232622365459 0.1017136917107738
0 0.6271613244398647 0.7670907746402172 0.1390302208490434 0.2192195266917457
0 0.4760916481032707 0.7514233067691705 0.1390302208490432 0.2192195266917457
0 0.3772460824735469 0.9230210755522507 0.12401289462538863 0.12196252471457925
0 0.2320168824594294 0.9141301896964263 0.12675846302712265 0.1423386917107738
0 0.021148415954424755 0.45575791007611216 0.04229683190884951 0.22285917984777565
0 0.9602732871846389 0.3201733763899221 0.05051375241907437 0.22496550790866543
0 0.04872462528234868 0.6979480686693496 0.09744925056469736 0.21915585969555132