0 0.04429506533854997 0.3456451206122557 0.07920012499835236 0.24280727711788871
0 0.6199654468330194 0.2218418400626477 0.1510205779204517 0.241773626022532
0 0.45530292897611185 0.1826931088672662 0.15420012499835245 0.2449895542357774
0 0.34851100689656356 0.4169651572970558 0.1574342191541538 0.2513304824490227
0 0.7505912986961631 0.7714590583259054 0.15288308684890542 0.2590065901291549
0 0.07414975527171049 0.6244975463182186 0.13100808684890541 0.25837009263643723
0 0.5170252276755704 0.45310254875899403 0.15425467207625304 0.24811455423577744
0 0.6832366087630026 0.4915154940609982 0.1527467191541536 0.2511940901291547
0 0.4096429703686744 0.6982893651354724 0.1560353603878557 0.2606600183424
0 0.28829666111920443 0.14347618151195066 0.154172851459402 0.24342705423577735
0 0.17684451257860642 0.37917433762187225 0.15584444561520336 0.24972251834240017
0 0.5820770779171565 0.7353216668639673 0.15444558684890541 0.25905205423577726
0 0.8509695795420095 0.5276301534696252 0.14953989853730257 0.24641566191590947
0 0.7799404646899268 0.26085417893816115 0.14156375730360066 0.2368133413827959
0 0.23644124958966764 0.6620155813536661 0.1575978603878557 0.2607054824490227
0 0.12068642126547413 0.11439277210332374 0.15387284253094827 0.2262395542357774
0 0.9209618181795716 0.810031128001089 0.15807636364085695 0.25923391066226814
0 0.5528483104705814 0.04497781169111778 0.1306966209411627 0.06158602084968253
0 0.3916108015421275 0.02310750870898162 0.13947160308425505 0.027483805489418617