0 0.9242744079817173 0.08640233095983725 0.15145118403656532 0.1728046619196745
0 0.6399701443328663 0.23821605721540462 0.1830480562435252 0.282363199909143
0 0.3228683432566277 0.45845547263752273 0.1976927531003719 0.2956001843053109
0 0.8191161428851241 0.28443155868574266 0.17487168320799568 0.27414126413349427
0 0.701290903843379 0.5459156925615121 0.1847561054577369 0.28557008706427267
0 0.881890240484978 0.5897055568767204 0.17679805624352482 0.28203565128862385
0 0.7549294026050338 0.06237002770319115 0.15662248924663302 0.1247400554063823
0 0.4535381846557378 0.18690029794315047 0.18602750702931328 0.27940197421940244
0 0.5153319791124386 0.504756183289258 0.1895163800648426 0.28737824852966193
0 0.9519521058720215 0.33088607756893523 0.09609578825595691 0.2634627137039529
0 0.5718600374273874 0.03702088591193433 0.1530950748547749 0.07404177182386866
0 0.9835296495024075 0.626532770241989 0.03294070099518507 0.25607293758467103