0 0.2992459726458329 0.45791910508732514 0.24738675911805572 0.16476193756361343
0 0.5971892441129855 0.6364235286863045 0.23797539152687505 0.1628720553496283
0 0.6318882863817008 0.7889929679791985 0.24269925911805573 0.16459824645662097
0 0.4095930994519784 0.9154091681566838 0.24386171561506947 0.14746531015895173
0 0.523866725779965 0.3322023093563436 0.23634015634451408 0.15969249164729754
0 0.37165995440972155 0.7676363562684514 0.2458606267092362 0.16626987386128284
0 0.26225773176388867 0.30308776134792736 0.24738675911805572 0.16476193756361343
0 0.8480243922893743 0.6588887726110367 0.23634015634451408 0.15969249164729754
0 0.8140702324294787 0.5078545514669772 0.2316526563445141 0.15952880054030488
0 0.560964069435451 0.4823461530957413 0.23641289152687506 0.16281749164729753
0 0.3347262649145481 0.6104612625290537 0.24575152393569458 0.16158237386128266
0 0.87649161835368 0.8108952167132542 0.21130378875333342 0.15725697241000383
0 0.7382221261405555 0.21152767769051262 0.2284912887533334 0.15785717313564324
0 0.4883864335112499 0.17966015191461499 0.23950152393569457 0.16136411905195924
0 0.22292574088194433 0.1483382631620259 0.2505117591180556 0.16487106496827525
0 0.7745745873872218 0.3601363032810758 0.2284912887533334 0.15785717313564324
0 0.6663697763137145 0.917370939123258 0.2289627610179167 0.1110367368379741
0 0.9237225618360068 0.2573510652619754 0.10436280452090259 0.12385914065150558
0 0.45016234773954855 0.05429065199943299 0.23405030452090295 0.10858130399886598
0 0.7002344297115277 0.07093746025946826 0.22678331838861113 0.14187492051893652
0 0.9493557286297566 0.3969666367688545 0.08405030452090294 0.12314981252120445
0 0.9653411384896522 0.5486283404897188 0.04509690729444458 0.1264732199629332
0 0.1925498694910416 0.04479660091097388 0.2184603656913195 0.06227185462398895