0 0.6611635058724947 0.21091283332699678 0.12796719028743925 0.21008404800821018
0 0.43191157805496083 0.06033507464459391 0.11738137978345567 0.11472609621281209
0 0.8124903251519668 0.1930400529781799 0.12948422618081673 0.2085306383672898
0 0.8998526181714801 0.41311672452295695 0.1280126543940618 0.2116465480082102
0 0.6772117738856904 0.6798355501495095 0.1314104390337981 0.2210397287263694
0 0.8340300752184738 0.6612133360574713 0.13292747492717538 0.2194863190854491
0 0.5203934725529069 0.6984577642415477 0.12525136724704336 0.22412836729005114
0 0.5105724724863998 0.23035265885535344 0.1279217261808167 0.20852154800821018
0 0.36076268910030507 0.24979702956324998 0.12792172618081654 0.20852154800821018
0 0.5924432834526019 0.4511787641433519 0.12810358260730723 0.2147715480082102
0 0.21177961982083288 0.2676834454506863 0.12796719028743925 0.21008404800821018
0 0.3675041532734347 0.716321454231285 0.12828543903379802 0.2210215480082102
0 0.746113852732074 0.4333196193331544 0.12966608260730722 0.21478063836728972
0 0.2114216378340285 0.736510713502863 0.12989340314042072 0.22259313836728972
0 0.06136025108903903 0.7559141775949013 0.12272050217807806 0.22731699980360834
0 0.439576696226441 0.46826120413308914 0.12966608260730722 0.2147806383672899
0 0.28545411520197933 0.07198512607064966 0.11797241316955062 0.13503859621281208
0 0.5814258447480082 0.05104695393669741 0.1152733105039836 0.09596700585373248
0 0.28820441284034615 0.487696484481906 0.1281035826073073 0.2147715480082102
0 0.13451111150756265 0.5063368792921035 0.12971154671392998 0.21634313836728972
0 0.954819948338012 0.6455070437066018 0.0595354390337981 0.22062157220870696
0 0.02359530971256073 0.5267352168225127 0.04719061942512146 0.21597043364502538
0 0.06331051065595047 0.2894761113381226 0.12662102131190095 0.2069590480082102