0 0.6078350600731784 0.5460623134149962 0.1653362880330894 0.24564085868872637
0 0.41842985144808564 0.8500669187221337 0.16213856269890758 0.2393544960216353
0 0.5741707741088131 0.8081350520766784 0.15901356269890776 0.23931813335454458
0 0.7291577187698589 0.7685378447644501 0.15741470003181668 0.23617495202099903
0 0.12960206675681402 0.6654806440165447 0.1653362880330894 0.2456408586887262
0 0.6437158267027255 0.2730793467536324 0.1654453760343621 0.2550158586887262
0 0.3220595500477251 0.355262401376498 0.159195376034362 0.25494313335454455
0 0.7667282547342242 0.5065105594366316 0.1606487880330894 0.24558631468808995
0 0.9226485276893627 0.4661593741247215 0.1547029446212747 0.24398745202099903
0 0.8057612933640895 0.23590770544235862 0.16546355736790766 0.2565783586887263
0 0.11600483278958526 0.9057051073360908 0.13188744135899882 0.1885897853278184
0 0.15847885538667936 0.3947596113542263 0.16855219470081662 0.2534897213558171
0 0.4520850467456782 0.5872129300604518 0.1653362880330894 0.24564085868872637
0 0.04018338872531548 0.43244033000477256 0.07313060669954394 0.2430056600095451
0 0.29006685208463245 0.6267283213717254 0.16219310669954395 0.2440419960216353
0 0.4809527447087708 0.31571064739813337 0.16855219470081656 0.2534897213558171
0 0.2610537034531763 0.8838124733449995 0.16053970003181667 0.23237505331000108
0 0.8802111414305864 0.7265514341183582 0.15114651869827114 0.23453972668681722
0 0.9326596006922261 0.19910823412631237 0.0949874253659985 0.24169769867918123
0 0.6789411847946759 0.9507412700906777 0.12292951734563573 0.09204314401654479
0 0.5269156081317212 0.9729578840308623 0.12256589067472685 0.054084231938275454
0 0.38340196546781197 0.9923885893539082 0.13771817600254535 0.015222821292183752