0 0.5457484711827487 0.36027819718516224 0.1784285576279121 0.2930045365775774
0 0.7458536111986346 0.4191769891999472 0.18160810470581304 0.2962568705699663
0 0.3526473076279122 0.3001034066532521 0.16592855762791228 0.29249520060802225
0 0.8804432508107789 0.16859335186124802 0.18221603084255095 0.24163303756616067
0 0.6107827305149442 0.6869162930405491 0.17196036931630942 0.2802498685927999
0 0.6767864168012473 0.12984789235597713 0.17372169236879245 0.20225220258518867
0 0.8078174176087309 0.7488127510629453 0.17524901055001152 0.28975220258518863
0 0.9283585994308071 0.4791289452451769 0.14328280113838582 0.2982358646384672
0 0.9586547100221814 0.8105845336861901 0.08269057995563714 0.2801278517868859
0 0.4747739034085667 0.09585359984690062 0.17142280681713337 0.16000103558899428
0 0.27590002678536124 0.0627678913302129 0.16742505357072252 0.1098737015966055