0 0.673630929041275 0.2011326433445603 0.169196466419554 0.2877440336118279
0 0.8635118845762377 0.18539884988408167 0.15825896641955417 0.2872983646384672
0 0.47841763276213933 0.21273735231835858 0.1678522212288776 0.29393036661563354
0 0.07961308893007432 0.24159193380210836 0.15922617786014864 0.2956838676042167
0 0.18750736824935102 0.5451227934976597 0.17054071161023066 0.2815577006080224
0 0.38528266933781014 0.5273635850181531 0.16418158420556894 0.2781780326232447
0 0.5783704704262693 0.5094133755500632 0.16261908420556886 0.2781143656270505
0 0.2784349909295073 0.22649481030357363 0.1709772212288775 0.2940577006080223
0 0.48190217587641404 0.8074741907593715 0.15889388347992953 0.26079953163466174
0 0.9308977589008567 0.47370661619570403 0.11703376569391466 0.26845552273741297
0 0.8518352191603249 0.7662177683631508 0.14930062867060592 0.2541675296574951
0 0.6711928543695349 0.7862398138007958 0.15269844718226047 0.2621073636498842
0 0.7667707715147284 0.49127216509339017 0.16089289309857654 0.2733631986308559