0 0.21298955479183374 0.4297924696019259 0.14781375730360063 0.2395077638537389
0 0.5675956396154396 0.764535766539826 0.14298988960884884 0.2314769400324213
0 0.16214366964391635 0.16236522104966794 0.1526648985373027 0.24910108767505648
0 0.41423486039444624 0.726117467739899 0.14455238960884884 0.23154971463952734
0 0.10910307549141027 0.647791144747151 0.14455238960884892 0.23154971463952717
0 0.2616689679429283 0.686954306243525 0.14298988960884892 0.2314769400324213
0 0.720202442375383 0.8013551780362 0.14455238960884884 0.23154971463952734
0 0.36789919724335174 0.4690647930089587 0.14778648376465037 0.23794526385373888
0 0.5236173632338201 0.5068110037195445 0.1477319366867496 0.2348202638537389
0 0.9382407451320314 0.35958086269193784 0.11664557792045152 0.2427397717116218
0 0.7966123526805133 0.32092712344530483 0.1478955779204517 0.24419526385373888
0 0.680075868915863 0.5469373517336831 0.14778648376465037 0.23794526385373888
0 0.4636097487887746 0.930772772745079 0.13087962743398443 0.13845445450984215
0 0.32249478855648406 0.20345475558157125 0.1527194456152034 0.2522260876750565
0 0.15964499757095857 0.887838255995856 0.13624896590774283 0.20306084160399784
0 0.06482833888079559 0.38984805810555184 0.12965667776159118 0.23907111621110372
0 0.6385367999205698 0.28385300082406034 0.1478955779204517 0.24419526385373888
0 0.3108256680256538 0.9123448733451156 0.13279668344033874 0.17531025330976888
0 0.8357803981368562 0.5854648124442688 0.1445796631477993 0.23311221463952717
0 0.4797345442385269 0.24361749089926285 0.1478955779204517 0.24419526385373888
0 0.04772265949764661 0.13279753742738742 0.06343875730360064 0.2355779350700226
0 0.013550436690044923 0.6164619079817173 0.027100873380089846 0.2204238159634347