0 0.17057015973783127 0.7823437301297341 0.2749043747688908 0.1672520205032381
0 0.5185062399043632 0.5379265197006299 0.27177937476889086 0.16714289309857638
0 0.2990525801000249 0.22573408766412997 0.2799101235152496 0.17835321161023066
0 0.4744476660060375 0.7169890263240518 0.2638759465556454 0.163745074586922
0 0.21228498363615697 0.6033630690598084 0.27655780298213617 0.17043158420556886
0 0.429357789521287 0.8874850647986392 0.26061455423577745 0.15894844718226048
0 0.5678971714828208 0.35398554011904987 0.2720521594086268 0.17651789309857638
0 0.25459920110799195 0.4181051261387173 0.28298965940862686 0.17689983901489229
0 0.7680552620076869 0.6480827365835201 0.25592705423577744 0.15878475607526782
0 0.7174966355229364 0.8187697480162655 0.2526656619159093 0.1539881286706059
0 0.14350285754711795 0.9271850041763512 0.23572220282385156 0.10812999164729753
0 0.6703297819994397 0.9447618183420182 0.2362844924781527 0.0738095553496283
0 0.09194947077054025 0.09610861896714121 0.14089308762187222 0.17505954210278446
0 0.06651887641824343 0.2971998930137583 0.1045918747688908 0.16130457694917483
0 0.044789943586144555 0.4911235078045483 0.0653020542357774 0.1521279843909035
0 0.028256976114309586 0.6754811496371802 0.021324733702663988 0.1427877007256395