0 0.030647856939766543 0.6639297031885032 0.06129571387953309 0.19504690637700647
0 0.7962980439547701 0.22884969131425734 0.3909618755128822 0.2200623530067892
0 0.8150201635361534 0.05758884497773048 0.34495967292769336 0.04770267412854541
0 0.3037697153624078 0.5764894154221182 0.37103137749004844 0.22837281999010237
0 0.36268043623638524 0.32199666723114045 0.3643993755128821 0.21867027136958345
0 0.6933057647543855 0.7581853092475102 0.39966571345960367 0.24234678878243798
0 0.2482559085188753 0.8436868815009202 0.38222354547482595 0.23519603007601084
0 0.06267842488626926 0.416143978403274 0.12535684977253853 0.1978310696514182
0 0.7481656555903069 0.4878218995911433 0.3993473784786318 0.23453428878243798
0 0.0922538255894318 0.1721007293077851 0.1845076511788636 0.19732645861557022
0 0.4204769846769608 0.09484766904016276 0.358982363649884 0.16225649705932393
0 0.634887133804296 0.9585815411572872 0.398143022737413 0.0828369176854256