0 0.13106238005249757 0.38156172330825433 0.13535788669636223 0.2241616946765232
0 0.2829521440563156 0.4035110246773983 0.1385010680299077 0.22585152866891214
0 0.6818334447008165 0.2238991901535369 0.13530334269572605 0.2194741946765233
0 0.5322874306969986 0.2018543882901013 0.1353033426957259 0.2194741946765233
0 0.6218210033418178 0.049118649183106725 0.12167610001590834 0.09823729836621345
0 0.3827595980267261 0.18137208642666566 0.1337772053628168 0.22253552768032886
0 0.4348146360598154 0.4231165760465423 0.13848288669636233 0.22428902866891215
0 0.18007423408654147 0.6304647969205197 0.1432612933640895 0.23229252965749508
0 0.7689141793443631 0.05940755036197033 0.12185791335136269 0.11881510072394066
0 0.7385668920671332 0.4646714287848305 0.1385374306969986 0.22897652866891213
0 0.8306163900381801 0.24753832551506968 0.13533970536281678 0.22259919467652328
0 0.5874765593968607 0.4442527939175891 0.14008174936345305 0.22747769566510634
0 0.6435469354312228 0.6952131160469799 0.1386101560311804 0.23522652866891214
0 0.23090619668999893 0.16254778505752165 0.13530334269572597 0.2194741946765233
0 0.3342986574235868 0.6515373477953721 0.13701129336408951 0.2320378616727176
0 0.05009583274981435 0.6107491576046542 0.08855561203054405 0.2285016847906915
0 0.9417405223782479 0.7369908032719483 0.11651895524350415 0.23121019072219048
0 0.47396475867281784 0.036876623004243124 0.11980451734563573 0.07375324600848625
0 0.9558692866804538 0.2689119653252268 0.08826142663909238 0.21306768577927465
0 0.7985616994350407 0.7170350834237351 0.1401362933640895 0.23216519566510652
0 0.4900946714274047 0.6733274816740302 0.1354487933640895 0.2319741946765234
0 0.8912288154041785 0.4858076466558773 0.1385374306969986 0.22897652866891213
0 0.9869476586966804 0.5052022923975333 0.026104682606639073 0.20752333992388775