0 0.19723964407637112 0.25117453652459387 0.251246674511885 0.16527399269310408
0 0.697565152194046 0.37556797929712815 0.24173530681713337 0.15729785145940206
0 0.9059310312528833 0.4370351335164737 0.17586484496658022 0.14208986282348768
0 0.6948783031669806 0.21609752191080198 0.24176258035608367 0.15886035145940197
0 0.699443477682161 0.5365872999139791 0.24020008035608348 0.1588330779204517
0 0.6982104399397511 0.6967708234529295 0.24020008035608367 0.1588330779204515
0 0.2036171400224766 0.9155506822225228 0.255934174511885 0.16535581330995514
0 0.7016785389668164 0.8562549176087308 0.24020008035608367 0.1588330779204515
0 0.45781371632137047 0.9429256599013884 0.24428756249917621 0.11414868019722313
0 0.9035876866933403 0.7503709305943744 0.16975121266133186 0.14979326866768652
0 0.4490669711860439 0.15085080275664825 0.24020008035608367 0.1588330779204517
0 0.19983103571711025 0.41611374391092004 0.252727353895034 0.16061376623205437
0 0.19447097443245479 0.09639157913826767 0.24776711850553063 0.1449069456152034
0 0.457211518674277 0.8035354719935274 0.248121674511885 0.16521944561520313
0 0.2008462905883742 0.5818069277582959 0.2512194009729347 0.1637114926931041
0 0.20186154545963814 0.7475001116056716 0.2559614480508353 0.16691831330995513
0 0.9047525405883743 0.594093657055424 0.1728216655834313 0.1467228157455871
0 0.453536688314898 0.47680933075982546 0.24020008035608367 0.1588330779204517
0 0.4561417167251123 0.6409672881461516 0.24809440097293473 0.1636569456152035
0 0.45168563636573333 0.31422751014297445 0.24332508035608366 0.15888762499835235
0 0.6934375706234416 0.9677160643242525 0.2261454886359143 0.06456787135149504