0 0.8249040303488169 0.15078125 0.20019193930236626 0.3015625
0 0.06236818979334554 0.1640625 0.12473637958669108 0.2375
0 0.738742774789672 0.4578125 0.1907533067888089 0.290625
0 0.5387882265850701 0.45 0.18292262607064966 0.2875
0 0.6178818707078965 0.14921875 0.19548625858420704 0.2984375
0 0.34741379284184876 0.44453125 0.178180583916172 0.278125
0 0.4186813014260558 0.14609375 0.1876373971478884 0.2921875
0 0.22644380445111784 0.1546875 0.18123286104353503 0.265625
0 0.10213206733693318 0.7078125 0.16088399960721653 0.259375
0 0.16074503981678664 0.4359375 0.17347490319801273 0.275
0 0.4660445764121195 0.73359375 0.17187604176169416 0.26875
0 0.2801752541052166 0.721875 0.1671612706844554 0.2640625
0 0.032739256246515934 0.42421875 0.06547851249303187 0.2609375