0 0.8524786821291759 0.9172778225493202 0.26206474267981755 0.10750738836446345
0 0.7894475920591791 0.4039766679104154 0.2816147213558171 0.177021392318796
0 0.7652999253659984 0.20955550585713695 0.2754010840229082 0.17989172433401848
0 0.48598569004613423 0.3202024816740302 0.2691147213558171 0.17651205634924097
0 0.8320378181094494 0.7727293265036529 0.2705681333545442 0.16720072334543518
0 0.8103702614178598 0.5899314139560827 0.2737294960216353 0.1704530573378243
0 0.5657230221196309 0.8586163828528939 0.25645108935390815 0.16194022037968595
0 0.5379236440960865 0.6862293882901012 0.26117495202099905 0.1652562213682689
0 0.5131583594048148 0.5059025597349199 0.26589881468808996 0.1685722223568522
0 0.2547469700827235 0.5992837811031889 0.24860222668681722 0.15849688539871387
0 0.28568043877304056 0.7723246916735926 0.24698518268618094 0.1537457184025195
0 0.3179491407940396 0.9257706852478021 0.23726473734881742 0.12367621642535305
0 0.9573039700031817 0.0922539648309352 0.0853920599936366 0.17225168479069153
0 0.9694505286839536 0.29649579585757446 0.0610989426320927 0.16511034684397002
0 0.9776272026973167 0.48839679437469974 0.044745594605366534 0.15516234387822045
0 0.5888434434674938 0.9647562949061722 0.2549602200031817 0.03381522037968594