0 0.4528869776103045 0.7057857130496183 0.16433689620024125 0.2472776563445139
0 0.7006406456344144 0.46029660077677137 0.1607205732694627 0.23782992116215293
0 0.8623184520568495 0.4632793964639591 0.16417312188998173 0.24415265634451408
0 0.9321933211775271 0.7141710556582647 0.13561335764494586 0.24418902393569475
0 0.3781891135222388 0.4566929431979864 0.1591580732694627 0.23779355357097226
0 0.7809300904551747 0.7118604071975353 0.1658175090451115 0.24575152393569474
0 0.2889473083429991 0.70431086597566 0.16433689620024125 0.2472776563445141
0 0.7809987737444326 0.22183547245201454 0.15751368611433314 0.2361946859797918
0 0.6208834673219975 0.21888904435600748 0.1588305246489437 0.23154355357097237
0 0.5374412827895442 0.4580586874984032 0.16228307326946273 0.23786628875333343
0 0.6137835340327396 0.7087503249412157 0.1595675090451117 0.24560605357097226
0 0.9311990903436331 0.22240178295684104 0.13760181931273366 0.22987195079743064
0 0.3064082095200814 0.21859222473312526 0.15874863749381402 0.22998105357097237
0 0.21729255709980366 0.45372833130638907 0.16080246042459256 0.23939242116215292
0 0.1242673326532586 0.7035990851061111 0.16450067051050082 0.2504026563445141
0 0.4640978787873868 0.2199216014423615 0.1571861374938141 0.22994468597979179
0 0.9725378205559293 0.4599388037584037 0.05492435888814136 0.22979790919430557
0 0.3929997274987628 0.05440439779513921 0.1266244549975256 0.09346167211208342
0 0.07699510572032267 0.4567052481001389 0.11828741180407354 0.23216049620027784
0 0.15040387098547062 0.21964296561506957 0.15085425033868427 0.22823671561506959
0 0.5420547031885032 0.054752502752882404 0.12473440637700647 0.08717530452090287
0 0.7001538082314575 0.06389437946211864 0.13189180913596843 0.07485714247680567