0 0.4516589905320302 0.26157274932263147 0.23833631303532493 0.15619684757972233
0 0.18146622784260663 0.6992995578927731 0.24616699375348405 0.15973128335537118
0 0.4463680234149299 0.42674404794315046 0.23677381303532474 0.15611496042459247
0 0.2042653191836449 0.05362795002271427 0.23808178298109556 0.10725590004542854
0 0.4350002940011894 0.7563463387617533 0.2367556323171655 0.15298996042459265
0 0.6920986799325923 0.48576276458777945 0.23050563231716553 0.15266241180407364
0 0.4395191014773694 0.5927784837187993 0.23833631303532474 0.15619684757972224
0 0.18675264978016717 0.5333470092722542 0.24614881303532482 0.15660628335537102
0 0.6974123729473917 0.32449771596726046 0.23361245159900648 0.14970118611433297
0 0.1723053721618248 0.8709255744011166 0.24930108411256371 0.1614575576656307
0 0.4569590480082102 0.09796395070211246 0.23521131303532475 0.15603307326946275
0 0.1928066861791083 0.36500976707417027 0.24615790339440444 0.15816878335537102
0 0.7019357256031115 0.1617111109243063 0.2305056323171657 0.1526624118040735
0 0.6844457820973326 0.647931893940993 0.2289431323171655 0.1525805246489437
0 0.19808401775758916 0.19749471845365127 0.24304199375348406 0.15956750904511155
0 0.6767928842620732 0.8101010232942066 0.23050563231716553 0.15266241180407364
0 0.9112220946020851 0.38511323213691956 0.17755581079582966 0.14222952283992152
0 0.9035487434588966 0.7035323614901332 0.1929025130822069 0.14625528154634876
0 0.42888262508869107 0.9137460809598373 0.23824540944452863 0.14057184757972224
0 0.9062146803253757 0.5439935871798737 0.18757063934924859 0.14280273292582973