0 0.08076400443080528 0.8597756967133681 0.11067463828925292 0.26330139342673603
0 0.6058061552491119 0.7837866925323963 0.16278277531256152 0.28012652393569437
0 0.8007813493513293 0.7563195752255563 0.16412702050323807 0.27391289152687526
0 0.6754712921876024 0.476284623478195 0.1638542019915839 0.26610039152687504
0 0.23678582593768444 0.834524389627014 0.1530258293962455 0.26897081838861114
0 0.4185343337422328 0.8083106477951393 0.15782245680090715 0.2722049211621531
0 0.13685771469027352 0.5660088193385417 0.1493551923729369 0.25327308320625014
0 0.3090675313878293 0.5348893719595835 0.15113594718226037 0.25955945079743065
0 0.48995294363888126 0.5063136963321184 0.155932574586922 0.2627935535709723
0 0.38410221460545546 0.24702765567892393 0.14595737386128266 0.245387848023889
0 0.21043902531256148 0.28123573546670155 0.14283237386128267 0.24531511284152793
0 0.06102186787083288 0.31678876291777786 0.10662205534962839 0.23666615824437506
0 0.921019405164294 0.9547498899113546 0.15796118967141198 0.09050022017729091
0 0.7218652087846419 0.9687922464846184 0.16361112141421189 0.06241550703076335
0 0.5285244365521231 0.9783107572181947 0.15341766587924913 0.04337848556361053
0 0.02846486133222893 0.5915880879559028 0.024518883479929497 0.2550511759118056