0 0.44000795127558956 0.9003686804235717 0.13594141926229178 0.19926263915285675
0 0.3831631117041661 0.6585680415653025 0.1460801386770835 0.23519313231716552
0 0.3260643522048608 0.392574882022578 0.1493506090418057 0.24146131303532475
0 0.6584579716959024 0.44607817368607633 0.1493506090418059 0.24146131303532492
0 0.8241914212590622 0.47595254692805566 0.14622560904180587 0.2414431323171657
0 0.1626564688461108 0.3634953943192182 0.14622560904180576 0.24144313231716552
0 0.43658885058934016 0.1424026860809124 0.14964154977125013 0.2539613130353248
0 0.2698741292746874 0.1211175176593933 0.1508767414506252 0.2399079033944045
0 0.9331534196435415 0.22577126062731043 0.12925631458888914 0.2507181383672898
0 0.7084709298084368 0.7143741766129427 0.14608013867708358 0.23519313231716552
0 0.6046842339480902 0.1715094448615111 0.15269381458888914 0.25085449375348406
0 0.22208079454982585 0.6302834394005621 0.144481271085903 0.233621541958086
0 0.49188872074597184 0.41854300526455723 0.14775174145062522 0.23988972267624523
0 0.7751597348980207 0.19906733918072925 0.1542199469977085 0.24930108411256366
0 0.28103299477857563 0.8837856893023662 0.13797669794763906 0.22264768052176756
0 0.5450084950629162 0.6876384389095828 0.1429551386770836 0.23517495159900648
0 0.09912587139090269 0.10527837334017516 0.15174825721819463 0.21022949375348404
0 0.12309386141982567 0.854738017855785 0.13790396276527797 0.21952268052176754
0 0.06661955646921855 0.6012175872358216 0.1332391129384371 0.232059041958086
0 0.036516768617361015 0.3392943041565303 0.07303353723472203 0.2410704275949013