0 0.19900476748447024 0.31153001501753363 0.17969482633910117 0.27175008928453737
0 0.5500564536152744 0.39529176583160786 0.18121186223247854 0.2702148628234878
0 0.3714397086298393 0.35463731250247144 0.18277436223247853 0.27024213636243805
0 0.2535321092629776 0.6005691956184986 0.1762515775927424 0.2607580422066366
0 0.7715499865391509 0.7275337013038368 0.1779959340192331 0.2670353157455871
0 0.7263521806540207 0.4367683794691698 0.18438232633910126 0.27183190990138845
0 0.42284205040834666 0.6437310401813372 0.1762515775927424 0.2607580422066366
0 0.9050143897460785 0.4789853327983062 0.18121186223247818 0.27021486282348767
0 0.9755826731986804 0.21346369846446303 0.048834653602639125 0.2743375267853613
0 0.596080973607027 0.6876059508967997 0.17790500580598767 0.2639103157455871
0 0.09127615017091985 0.5580658701303837 0.1574561134861197 0.2588682597392326
0 0.3200517387172289 0.09641925811767485 0.17760347743445778 0.1928385162353497
0 0.49646948620994646 0.11676693993645579 0.18043897241989287 0.23353387987291158
0 0.8633363889546558 0.17487057711626336 0.1893880750854599 0.28285123051823946
0 0.3073774894421447 0.8661708762194638 0.1626604390337981 0.22303985389503395
0 0.47784075362790973 0.8952429472433516 0.15876254922121244 0.19642280681713337
0 0.1399482970431344 0.8339192581176749 0.16959240063313824 0.24658644805083546
0 0.13816524122451138 0.07611248660731938 0.17320548244902273 0.15222497321463876
0 0.6801458042357774 0.13862939306207367 0.18612668276559177 0.27725878612414734
0 0.06516932508545992 0.2786920158283126 0.10290500580598776 0.2626011858759708