0 0.8486627847661801 0.591029381835467 0.280344729482778 0.17215777531256152
0 0.5589625454997564 0.6755209106065896 0.27075152393569457 0.16245539309857637
0 0.8283581232907637 0.18686767149118072 0.29462543502986127 0.1820238486335392
0 0.8512208210509715 0.7834624184959559 0.2536367591180557 0.16498019237293704
0 0.8525618494519784 0.9437822933687288 0.22667421561506948 0.11243541326254239
0 0.524195340521354 0.2880556269413256 0.277292464665139 0.1751736479078998
0 0.5430505240326038 0.4857490824762884 0.27714699430041667 0.1689236479078998
0 0.311391988794652 0.9286694089817502 0.24858558320625015 0.14266118203649966
0 0.5773092359448604 0.861468334290387 0.2675537887533334 0.15922126569391465
0 0.2658684685617704 0.5698958708660578 0.26126742116215296 0.15744051088459124
0 0.2873765265980549 0.7543899219545169 0.25487195079743064 0.15097225607526782
0 0.8407814688461108 0.3921553722168202 0.291354964665139 0.1756647212288775
0 0.5968924244901034 0.9812227512659444 0.25908536569131935 0.037554497468111236