0 0.564130513407042 0.5332320965947286 0.048982940006363405 0.047720479707460586
0 0.5532010093889065 0.3998019878284307 0.04115225867281787 0.04602161201270878
0 0.6343713827577686 0.6601570608809137 0.042842028007635945 0.056986385551659066
0 0.4880123613939972 0.438447476464345 0.041243165340545215 0.053834112012708955
0 0.6940998240769964 0.5551871428618504 0.04760225334181776 0.06331820616851011
0 0.6289293574156326 0.5953951314977648 0.04118862133990877 0.04914661201270896
0 0.5586703067313606 0.4669076672115796 0.04903748400699968 0.052407979707460584
0 0.6235146040738149 0.5329769521146157 0.044349984006999674 0.05232615909060954
0 0.609395918045816 0.3269315036567432 0.04436816534054522 0.05388865909060954
0 0.6886487080680878 0.4896439634787015 0.04122498400699968 0.052271612012708954
0 0.7616498560629971 0.4508621071480355 0.04436816534054522 0.05388865909060954
0 0.7374589254057694 0.5208297337712409 0.04282384667409058 0.05542388555165907
0 0.7019219620862234 0.6230331619365739 0.045948846674090583 0.05547843262955983
0 0.6195714440642698 0.46271899919251636 0.04752952800763595 0.05706820616851012
0 0.5445698020369074 0.26242471875370715 0.04127952800763594 0.05695911201270878
0 0.5516106900461342 0.3302843745979058 0.044404528007635946 0.057013659090609535
0 0.6038993487030437 0.25748207427359426 0.04745680267345431 0.050818206168510204
0 0.478636266709089 0.3042088441590966 0.04131589067472685 0.06008411201270878
0 0.4833061327179976 0.3697656603117208 0.044404528007635946 0.057013659090609535
0 0.4415549847230883 0.40800204586338007 0.04131589067472685 0.060084112012708954
0 0.4212612133990879 0.4771202386392096 0.04124316534054504 0.053834112012708955
0 0.4525026700747693 0.542994654629678 0.042769302673454135 0.05073638555165907
0 0.4903475680696786 0.5048264529253946 0.03964430267345413 0.05068183847375849
0 0.49973220607890545 0.5726451984611678 0.038099984006999675 0.0522170649348082
0 0.5028213907542687 0.6366667881527422 0.04436816534054522 0.05388865909060954
0 0.5765952454248595 0.6642911818220762 0.041243165340545215 0.053834112012708955
0 0.6863135013924063 0.4232649870176518 0.041243165340545215 0.05383411201270878
0 0.7288458993873157 0.3850149646965174 0.04436816534054522 0.05388865909060954
0 0.683941932049634 0.35376101055660214 0.04280566534054522 0.05386138555165916
0 0.6776641127068619 0.2843252179429283 0.04280566534054522 0.05386138555165916
0 0.6140748747214975 0.39326956980936745 0.044404528007635946 0.057013659090609535
0 0.5703810607494961 0.6003241392084024 0.04118862133990877 0.04914661201270896