0 0.553125 0.62265625 0.05078125 0.03984375
0 0.615625 0.62109375 0.05 0.0390625
0 0.49296875 0.6234375 0.04609375 0.04140625
0 0.4296875 0.62265625 0.05 0.03984375
0 0.4640625 0.5046875 0.046875 0.03984375
0 0.36953125 0.56875 0.04765625 0.0359375
0 0.521875 0.503125 0.0484375 0.03984375
0 0.5234375 0.68671875 0.04609375 0.0390625
0 0.46484375 0.68671875 0.0421875 0.0390625
0 0.36953125 0.621875 0.05078125 0.0390625
0 0.55390625 0.5671875 0.05 0.0375
0 0.43203125 0.5671875 0.053125 0.034375
0 0.4921875 0.5671875 0.05234375 0.0359375
0 0.4328125 0.4640625 0.05078125 0.0375
0 0.49609375 0.74921875 0.04921875 0.03203125
0 0.49296875 0.440625 0.04921875 0.0359375
0 0.55234375 0.46171875 0.05234375 0.03984375
0 0.58359375 0.50234375 0.0453125 0.03828125
0 0.64609375 0.503125 0.0515625 0.0390625
0 0.4015625 0.50703125 0.04453125 0.0390625
0 0.34140625 0.50703125 0.04609375 0.03671875
0 0.61484375 0.56640625 0.0515625 0.03984375
0 0.34296875 0.684375 0.05390625 0.034375
0 0.6828125 0.61953125 0.0578125 0.03671875
0 0.6765625 0.5671875 0.0609375 0.0421875
0 0.58984375 0.6859375 0.05 0.034375
0 0.64921875 0.684375 0.05234375 0.034375
0 0.559375 0.72734375 0.05625 0.0359375
0 0.4375 0.72734375 0.05 0.0359375
0 0.31640625 0.621875 0.05390625 0.034375
0 0.31640625 0.56796875 0.04609375 0.0359375
0 0.40703125 0.684375 0.05625 0.0375