0 0.4296875 0.56796875 0.040625 0.0421875
0 0.55390625 0.56796875 0.0390625 0.0359375
0 0.30625 0.6234375 0.0484375 0.03671875
0 0.52421875 0.5046875 0.046875 0.0359375
0 0.3984375 0.68671875 0.05625 0.0390625
0 0.36640625 0.6234375 0.0421875 0.03515625
0 0.49140625 0.56796875 0.0453125 0.0421875
0 0.42578125 0.6234375 0.0453125 0.0375
0 0.6171875 0.62578125 0.046875 0.03828125
0 0.46015625 0.68671875 0.0453125 0.0359375
0 0.48984375 0.75703125 0.04609375 0.03671875
0 0.42734375 0.7296875 0.04765625 0.0359375
0 0.33515625 0.6890625 0.04765625 0.0390625
0 0.490625 0.625 0.0484375 0.040625
0 0.6828125 0.5703125 0.05 0.03515625
0 0.61953125 0.571875 0.05078125 0.0375
0 0.68203125 0.625 0.04375 0.03984375
0 0.64921875 0.50625 0.05234375 0.0359375
0 0.5875 0.50546875 0.05 0.03671875
0 0.55546875 0.4640625 0.0515625 0.0359375
0 0.49296875 0.43984375 0.046875 0.0359375
0 0.4296875 0.4640625 0.04296875 0.03671875
0 0.46171875 0.5015625 0.04296875 0.03359375
0 0.3984375 0.50546875 0.04609375 0.03203125
0 0.33828125 0.503125 0.046875 0.03828125
0 0.30703125 0.56953125 0.04609375 0.03359375
0 0.521875 0.68984375 0.046875 0.0359375
0 0.55390625 0.73203125 0.046875 0.03671875
0 0.5875 0.6921875 0.046875 0.0359375
0 0.6515625 0.6921875 0.0453125 0.0359375
0 0.55625 0.625 0.0484375 0.03671875
0 0.3671875 0.56875 0.0421875 0.03515625