0 0.44296875 0.38023538320092837 0.0609375 0.050354524004105096
0 0.375 0.38922456382089177 0.0578125 0.047211343285945874
0 0.50703125 0.37205017847866406 0.0546875 0.04875566256778665
0 0.575 0.3654047478587007 0.0578125 0.048773843285945875
0 0.5515625 0.49679110324489495 0.0546875 0.04875566256778665
0 0.64609375 0.4165536365205781 0.0546875 0.04250566256778665
0 0.48984375 0.5049626724285399 0.0578125 0.048773843285945875
0 0.46640625 0.3066615278147341 0.0546875 0.04719316256778665
0 0.53046875 0.3000388230924698 0.0515625 0.04717498184962743
0 0.640625 0.35799170277735676 0.0609375 0.050354524004105096
0 0.44765625 0.44036436212368957 0.0578125 0.04564884328594587
0 0.5796875 0.42553372678146184 0.0609375 0.0441045240041051
0 0.5140625 0.4329467718628058 0.059375 0.04565793364502539
0 0.58984375 0.5364121394474444 0.0609375 0.04722952400410509
0 0.48984375 0.23699392242853987 0.05625 0.039389752926866174
0 0.528125 0.5695837086310892 0.05625 0.04407725292686635
0 0.46171875 0.552782548891973 0.0609375 0.050354524004105096
0 0.4234375 0.5131615126894236 0.053125 0.045621572208706954
0 0.35625 0.5198023981298472 0.0609375 0.048792024004105095
0 0.61875 0.4862439678044714 0.0515625 0.04873748184962743
0 0.684375 0.47961217272312745 0.0546875 0.04563066256778665
0 0.38203125 0.44777740720503345 0.0609375 0.050354524004105096
0 0.66171875 0.2875564829297819 0.0625 0.04411361436318471
0 0.30234375 0.39902226551809394 0.065625 0.04725679508134393
0 0.315625 0.4544137474659172 0.0703125 0.05353406615858276
0 0.39609375 0.3164455939733169 0.05625 0.04251475292686617
0 0.33203125 0.32463079869558126 0.059375 0.04409543364502548
0 0.42421875 0.2678444675098838 0.0640625 0.04568520472226432
0 0.55546875 0.2530183773471959 0.05625 0.04407725292686626
0 0.69765625 0.3529724046709507 0.0625 0.04411361436318471
0 0.70390625 0.4107485432346323 0.053125 0.04405907220870695
0 0.59296875 0.2957689587292851 0.065625 0.04725679508134402