0 0.5075458970496927 0.3864714521508432 0.061246572208706954 0.0566742052052021
0 0.5746697645361353 0.3794471784027327 0.059665891490547907 0.05345819994353027
0 0.4443237343837102 0.39294198905313327 0.05654998184962743 0.05483868942018662
0 0.3787714572563471 0.40161976806291566 0.059674981849627426 0.05502069994353036
0 0.4372702793668582 0.5229557127447741 0.05654998184962743 0.05483868942018653
0 0.32526063787631043 0.46644883653523683 0.056513620413308985 0.04858868942018653
0 0.4981577823919204 0.5179111679499762 0.05811248184962743 0.054929694681858265
0 0.4642089875069681 0.3206875574548674 0.05653180113146803 0.051713689420186525
0 0.40255387002052545 0.3280303496188293 0.051844301131468026 0.05144067363517095
0 0.31477713494944426 0.4096073023343698 0.06123748184962743 0.0551117052052021
0 0.5196009903356386 0.444966491613382 0.059665891490547907 0.05345819994353036
0 0.3908310957218328 0.4608960575254545 0.06277271077238851 0.050515210466874017
0 0.45482541802873566 0.45290852325400033 0.06278180113146803 0.05207771046687384
0 0.4117708304983264 0.5698916259271886 0.06122839149054773 0.0535492052052021
0 0.42323400868240285 0.2581651706513992 0.058067030054229286 0.047117194681858446
0 0.4798168485505032 0.5871316048099139 0.059656801131468026 0.05189569994353036
0 0.5382197010098311 0.5577318021226083 0.06280907220870695 0.056765210466874015
0 0.5629378998783631 0.5107503863093579 0.05496930113146803 0.05162268415851479
0 0.629271427005726 0.5021181099304115 0.06279998184962743 0.055202710466874014
0 0.37013732152133594 0.5284174864928846 0.05341589149054773 0.05309417889684287
0 0.30692424921443306 0.5364505233951746 0.056522710772388504 0.05015118942018652
0 0.5843856530016209 0.43858695997276376 0.06280907220870695 0.056765210466874015
0 0.27535556576579934 0.34561342079257357 0.0643352107723885 0.050606215728545755
0 0.6457044272021178 0.3734316678088018 0.06904998184962743 0.05556673151356133
0 0.6491566801289841 0.42986367833214556 0.07220225292686618 0.06043624203690499
0 0.5344578549934108 0.31384529423010055 0.05964771077238851 0.05033319994353027
0 0.5976845628389331 0.3081560073278104 0.06277271077238851 0.050515210466874017
0 0.4943959363755 0.2740246600574684 0.06589771077238851 0.05069722099021767
0 0.36640274658215444 0.28921847860037675 0.06121021077238851 0.0504242052052021
0 0.25858622228346173 0.4164873629141832 0.0643352107723885 0.050606215728545935
0 0.2690742703898678 0.47411014711505023 0.056513620413308985 0.04858868942018653
0 0.342479433252242 0.3385891470444631 0.06747839149054773 0.05391322625188959