0 0.4630649575652856 0.606952925930624 0.04872134288963732 0.047222509885831696
0 0.4484374303792483 0.4776646739534577 0.042407675893442943 0.045405341901054184
0 0.4191942352456145 0.7361974155505007 0.04278967787060921 0.054780341901054186
0 0.517488519314553 0.5069966882879137 0.04272601087441501 0.053217841901054184
0 0.34365838296443696 0.6434249837255587 0.04785917984777566 0.0643463428896375
0 0.41277313889593603 0.6743194980600147 0.0425350098858317 0.04853034190105419
0 0.4557671107213155 0.5426994249420408 0.04891234387822045 0.0519100098858317
0 0.4055707925462576 0.6124097470714316 0.044224843878220454 0.051719008897248564
0 0.38189191752766705 0.4141168271094876 0.04585101087441492 0.05334517589344294
0 0.3363605361204669 0.5791714827369755 0.04266234387822054 0.05165534190105418
0 0.2603100306832594 0.5503342169196447 0.042726010874414924 0.053217841901054184
0 0.2948879605310351 0.6141393903416297 0.04278967787060939 0.054780341901054186
0 0.3486443133065042 0.7083642342198503 0.0459146778706093 0.05490767589344294
0 0.3965831117098987 0.5449675790866539 0.047477177870609386 0.05497134288963732
0 0.43130698570272497 0.3443746714819997 0.04129084486680377 0.056279174904859806
0 0.4371059995428895 0.4101270054743885 0.04291701186299814 0.05790534190105419
0 0.374434903193211 0.3459570761209044 0.045787343878220546 0.051782675893442945
0 0.5012666586304185 0.376863519314553 0.04291701186299797 0.05790534190105419
0 0.5093139219762912 0.44036760380123335 0.04285334486680377 0.05634284190105419
0 0.5558997619001792 0.47346394669087066 0.04291701186299797 0.05790534190105419
0 0.5873526917479548 0.5371417861204669 0.04272601087441501 0.053217841901054184
0 0.5697778725843137 0.6035016151699398 0.0425350098858317 0.04853034190105419
0 0.5279431996566202 0.5721587732688856 0.03934634288963732 0.04684050790866543
0 0.5305853799986874 0.6370025232688856 0.037911176882026255 0.04990184091247087
0 0.540131476348366 0.6990077747517605 0.04585101087441501 0.05334517589344294
0 0.4752532342570313 0.7338019274134988 0.039473676882026076 0.04996550790866543
0 0.32668710577839966 0.5140412312541007 0.042726010874414924 0.053217841901054184
0 0.27860243285070624 0.48244372136826896 0.0427896778706093 0.054780341901054186
0 0.31695000844013804 0.447348479771226 0.042726010874414924 0.053217841901054184
0 0.3095248276037792 0.37996997878264277 0.04266234387822054 0.05165534190105418
0 0.3891260973754427 0.4768078280980708 0.0427896778706093 0.054780341901054186
0 0.46883213790735284 0.6719240099230128 0.0425350098858317 0.04853034190105419