0 0.93203125 0.251940888587258 0.0484375 0.0668836631118273
0 0.83828125 0.24491807288694703 0.0484375 0.0575086631118273
0 0.97421875 0.2872105306523979 0.0515625 0.06081567363517095
0 0.92734375 0.3196366228022424 0.0453125 0.05107665258848364
0 0.8828125 0.28188672284459476 0.0484375 0.054383663111827296
0 0.8828125 0.34751172284459475 0.0453125 0.05263915258848364
0 0.92578125 0.3843893675405706 0.0453125 0.05263915258848364
0 0.925 0.44996886490973464 0.0453125 0.05263915258848364
0 0.87890625 0.4129092096904151 0.0484375 0.054383663111827296
0 0.83828125 0.31757432288694704 0.05 0.054474668373499124
0 0.79296875 0.27821642029846344 0.0453125 0.05263915258848364
0 0.75078125 0.31091552823332347 0.0453125 0.04951415258848364
0 0.79453125 0.34315117556013525 0.0484375 0.05125866311182729
0 0.79296875 0.40790392029846345 0.0484375 0.054383663111827296
0 0.8359375 0.4393128149944392 0.046875 0.04804265785015538
0 0.87890625 0.476971709690415 0.05 0.054474668373499215
0 0.7046875 0.27541837301400396 0.0484375 0.0575086631118273
0 0.7078125 0.34122538353734766 0.0515625 0.05300317363517104
0 0.75 0.37415127560248757 0.0515625 0.05144067363517095
0 0.70859375 0.4037708861681836 0.0484375 0.0496961631118273
0 0.66484375 0.3660664888413718 0.0484375 0.05125866311182729
0 0.6640625 0.30430223621053587 0.046875 0.05585515785015547
0 0.79296875 0.4688414202984633 0.046875 0.04804265785015538
0 0.834375 0.5017218097327675 0.046875 0.04804265785015538
0 0.87734375 0.5331307044287432 0.0484375 0.05125866311182729
0 0.834375 0.5618780597327675 0.046875 0.05116765785015538
0 0.75078125 0.49685302823332345 0.0484375 0.052821163111827295
0 0.709375 0.5233476387990195 0.05 0.04978716837349921
0 0.75234375 0.5539752834949953 0.04375 0.0462981473268119
0 0.79296875 0.5875914202984635 0.0484375 0.0496961631118273
0 0.834375 0.6181280597327674 0.04375 0.0447356473268119
0 0.6203125 0.26659783888372407 0.0515625 0.05144067363517095
0 0.57578125 0.22650418892607638 0.0484375 0.054383663111827296
0 0.5765625 0.2992059415569123 0.04375 0.049423147326811724
0 0.6234375 0.3316235994070678 0.0515625 0.049878173635170955
0 0.48984375 0.22774889953412467 0.0484375 0.05125866311182729
0 0.53203125 0.2653622915992646 0.046875 0.05741765785015547
0 0.53671875 0.32735405738428014 0.0421875 0.049332142065139986
0 0.58203125 0.36124320997276377 0.046875 0.051167657850155465
0 0.584375 0.42309846786527155 0.046875 0.05116765785015538
0 0.6234375 0.45506109940706774 0.0390625 0.04602513154179633
0 0.6671875 0.4279217467338796 0.046875 0.05116765785015538
0 0.62734375 0.5185698625612474 0.0453125 0.04638915258848364
0 0.67109375 0.5484617598880591 0.04375 0.0462981473268119
0 0.71171875 0.5797341466915273 0.053125 0.04840667889684287
0 0.7578125 0.6214813019108468 0.0375 0.04280912628012441
0 0.79921875 0.6543616913451509 0.0421875 0.05245714206513981
0 0.71875 0.6449874203690505 0.04375 0.043173147326811726
0 0.759375 0.6786035571725186 0.04375 0.04473564732681172
0 0.6734375 0.6587545177805669 0.040625 0.04299113680346807
0 0.7203125 0.6997659256307224 0.040625 0.046116136803468065
0 0.59453125 0.6518150020661386 0.040625 0.039866136803468066
0 0.63359375 0.6314338836079347 0.0421875 0.04308214206513981
0 0.63515625 0.6838686388696067 0.0390625 0.04446263154179615
0 0.675 0.7135330230422389 0.04375 0.0431731473268119
0 0.49765625 0.3571101758424839 0.0421875 0.04620714206513998
0 0.53984375 0.3884735679076239 0.04375 0.04473564732681172
0 0.40390625 0.21805611014217302 0.046875 0.05429265785015547
0 0.44765625 0.25966675746898477 0.0421875 0.049332142065139986
0 0.49375 0.2951639126883043 0.04375 0.04786064732681172
0 0.4578125 0.3243207916698518 0.0421875 0.05245714206513998
0 0.41328125 0.28891464171220405 0.0515625 0.056128173635171044
0 0.36484375 0.25406222860037675 0.0484375 0.054383663111827296
0 0.46015625 0.3838322995623596 0.040625 0.05080363680346807
0 0.50703125 0.47718745741251506 0.0453125 0.04951415258848364
0 0.58671875 0.48417247575777933 0.0421875 0.049332142065139806
0 0.54765625 0.5092410942159831 0.0390625 0.04602513154179633
0 0.63046875 0.573439373084591 0.040625 0.04299113680346807
0 0.59375 0.5970819994353026 0.0375 0.04280912628012441
0 0.5546875 0.5674631178935063 0.040625 0.05080363680346807
0 0.5140625 0.5947844810900383 0.04375 0.0462981473268119
0 0.55546875 0.6214148705243423 0.0375 0.04280912628012441
0 0.51171875 0.5337104731975305 0.040625 0.04924113680346807
0 0.46875 0.5030828285015547 0.040625 0.046116136803468065
0 0.42265625 0.4113356732822352 0.040625 0.046116136803468065
0 0.2859375 0.2471227128859484 0.0484375 0.054383663111827296
0 0.32890625 0.28165660758192423 0.040625 0.046116136803468065
0 0.37265625 0.317017254908736 0.04375 0.05254814732681181
0 0.4171875 0.35242340486638374 0.0453125 0.05263915258848364
0 0.3375 0.3462196365211194 0.0390625 0.046025131541796147
0 0.29140625 0.31384748130179985 0.0421875 0.05245714206513998
0 0.24609375 0.27839582871331625 0.0390625 0.05071263154179624
0 0.15625 0.2059755261671849 0.0421875 0.055582142065139895
0 0.075 0.20202450256024873 0.0375 0.04749662628012441
0 0.040625 0.23127238680346807 0.0390625 0.04915013154179624
0 0.20234375 0.24381643138650447 0.0484375 0.054383663111827296
0 0.1203125 0.23591365514873236 0.04375 0.049423147326811724
0 0.0828125 0.267323278868608 0.0453125 0.04795165258848364
0 0.16640625 0.2745358103680519 0.04375 0.04317314732681181
0 0.2125 0.30534546558737147 0.04375 0.043173147326811726
0 0.13359375 0.3015309498729431 0.0421875 0.0508946420651399
0 0.09375 0.3265540657003109 0.046875 0.051167657850155465
0 0.4265625 0.47015693643641476 0.040625 0.046116136803468065
0 0.38515625 0.4380577970021108 0.0390625 0.042900131541796324
0 0.34453125 0.4036604101986427 0.040625 0.046116136803468065
0 0.29765625 0.37514900234848725 0.0453125 0.04795165258848364
0 0.25390625 0.3405696050216755 0.0453125 0.04951415258848364
0 0.2203125 0.3675192418957307 0.040625 0.047678636803468066
0 0.14296875 0.3630144814429742 0.0421875 0.04464464206513989
0 0.18671875 0.39368762876978597 0.0421875 0.03683214206513989
0 0.1046875 0.38500360253201393 0.040625 0.046116136803468065
0 0.15 0.4196740051204976 0.04375 0.04786064732681172
0 0.228125 0.4242242682040899 0.0421875 0.04464464206513981
0 0.1953125 0.4535631577089811 0.0375 0.045934126280124235
0 0.16015625 0.4772967893213645 0.046875 0.044917657850155376
0 0.27109375 0.4595394129000658 0.04375 0.0431731473268119
0 0.39296875 0.49632532331046997 0.0375 0.04280912628012423
0 0.4734375 0.5611683442865703 0.0375 0.04280912628012441
0 0.48046875 0.6154841179640936 0.0453125 0.04482665258848364
0 0.43984375 0.5842117311606255 0.0375 0.044371626280124234
0 0.396875 0.5567090864646497 0.0515625 0.05144067363517095
0 0.35859375 0.5279169575536894 0.0421875 0.05245714206513981
0 0.315625 0.4918205628577136 0.046875 0.052730157850155376
0 0.28125 0.5187246971009328 0.0453125 0.05107665258848364
0 0.32109375 0.549951581273565 0.0421875 0.049332142065139806
0 0.32421875 0.6126335917969087 0.0421875 0.05089464206513981
0 0.44765625 0.6385730074689848 0.0359375 0.03959312101845249
0 0.403125 0.610198107511337 0.04375 0.0431731473268119
0 0.36953125 0.6340227443853923 0.0375 0.04593412628012441
0 0.4125 0.6623066390813681 0.0421875 0.049332142065139986
0 0.37578125 0.6851680154320797 0.0484375 0.0496961631118273
0 0.32734375 0.6690656023202524 0.0484375 0.0481336631118273
0 0.28828125 0.6378842207784562 0.046875 0.04804265785015538
0 0.24296875 0.6071200681899726 0.05 0.048224668373499216
0 0.28359375 0.5805799549934406 0.0375 0.04280912628012441
0 0.2125 0.5694079655873715 0.040625 0.039866136803468066
0 0.24453125 0.5423673234516444 0.0421875 0.04464464206513981
0 0.19921875 0.5100406708631608 0.04375 0.0462981473268119