0 0.0859375 0.1984375 0.04609375 0.0609375
0 0.17734375 0.19921875 0.04609375 0.053125
0 0.040625 0.23125 0.05546875 0.0546875
0 0.0890625 0.26484375 0.04296875 0.04765625
0 0.1328125 0.23125 0.0453125 0.04921875
0 0.1328125 0.2953125 0.04296875 0.0484375
0 0.08984375 0.32890625 0.0421875 0.0484375
0 0.0890625 0.39296875 0.04375 0.04921875
0 0.134375 0.36015625 0.0453125 0.04921875
0 0.1765625 0.26953125 0.04765625 0.0484375
0 0.22109375 0.234375 0.04296875 0.04765625
0 0.26171875 0.26953125 0.04375 0.04609375
0 0.21953125 0.29765625 0.046875 0.04609375
0 0.21875 0.3609375 0.04609375 0.04765625
0 0.17734375 0.3890625 0.04453125 0.04296875
0 0.13359375 0.42265625 0.046875 0.0484375
0 0.30703125 0.23828125 0.0453125 0.0515625
0 0.30390625 0.3015625 0.0484375 0.04765625
0 0.26171875 0.33125 0.04921875 0.0453125
0 0.3015625 0.36328125 0.0453125 0.04375
0 0.34453125 0.3296875 0.0453125 0.04609375
0 0.346875 0.26953125 0.04453125 0.05078125
0 0.21796875 0.4203125 0.04609375 0.04375
0 0.1765625 0.45 0.0453125 0.04296875
0 0.134375 0.478125 0.04609375 0.0453125
0 0.17578125 0.509375 0.04453125 0.04453125
0 0.25859375 0.4515625 0.046875 0.046875
0 0.2984375 0.48046875 0.04765625 0.04453125
0 0.25625 0.50703125 0.04296875 0.04296875
0 0.215625 0.53671875 0.04453125 0.04453125
0 0.175 0.5640625 0.04375 0.04140625
0 0.390625 0.23515625 0.04921875 0.04609375
0 0.434375 0.2 0.0453125 0.04921875
0 0.43203125 0.27109375 0.04140625 0.04609375
0 0.38671875 0.2984375 0.04921875 0.04453125
0 0.51796875 0.20703125 0.0453125 0.046875
0 0.4765625 0.240625 0.04453125 0.0515625
0 0.47109375 0.3015625 0.03984375 0.0453125
0 0.42578125 0.33125 0.04375 0.0453125
0 0.42265625 0.39140625 0.04375 0.04609375
0 0.38359375 0.41953125 0.03828125 0.0421875
0 0.34140625 0.390625 0.04453125 0.0453125
0 0.378125 0.48125 0.04453125 0.04140625
0 0.3359375 0.5078125 0.04375 0.04375
0 0.2953125 0.53515625 0.05234375 0.04296875
0 0.24921875 0.57265625 0.0359375 0.040625
0 0.209375 0.6015625 0.03984375 0.0484375
0 0.2875 0.5984375 0.0421875 0.040625
0 0.246875 0.628125 0.0421875 0.04140625
0 0.33125 0.615625 0.040625 0.040625
0 0.2859375 0.6515625 0.03984375 0.04296875
0 0.40859375 0.6140625 0.040625 0.0359375
0 0.37109375 0.5921875 0.04140625 0.040625
0 0.36875 0.64296875 0.03828125 0.04140625
0 0.32890625 0.66875 0.0421875 0.03828125
0 0.50859375 0.3328125 0.04140625 0.0421875
0 0.46640625 0.3609375 0.04296875 0.04140625
0 0.603125 0.2046875 0.04296875 0.04921875
0 0.55859375 0.2421875 0.03984375 0.046875
0 0.51328125 0.27265625 0.04140625 0.04375
0 0.5484375 0.3046875 0.040625 0.04765625
0 0.5921875 0.2734375 0.04765625 0.05078125
0 0.63984375 0.24296875 0.0453125 0.0484375
0 0.54453125 0.3625 0.0375 0.04765625
0 0.496875 0.45 0.04375 0.046875
0 0.41953125 0.4515625 0.03984375 0.0453125
0 0.45703125 0.47890625 0.03828125 0.04375
0 0.375 0.53515625 0.0390625 0.03984375
0 0.41015625 0.5609375 0.0375 0.0390625
0 0.4484375 0.53515625 0.03828125 0.046875
0 0.4890625 0.56484375 0.04375 0.0421875
0 0.446875 0.5875 0.03671875 0.03984375
0 0.49140625 0.50546875 0.03828125 0.0453125
0 0.53515625 0.478125 0.0390625 0.04296875
0 0.58046875 0.3921875 0.0390625 0.0421875
0 0.7171875 0.24140625 0.04609375 0.04921875
0 0.67421875 0.271875 0.0390625 0.0421875
0 0.63125 0.303125 0.040625 0.04921875
0 0.5875 0.33515625 0.04296875 0.04765625
0 0.665625 0.334375 0.03828125 0.04375
0 0.71015625 0.30625 0.03984375 0.04921875
0 0.75546875 0.27578125 0.0375 0.04765625
0 0.84453125 0.2109375 0.03828125 0.05078125
0 0.92421875 0.21328125 0.03515625 0.04453125
0 0.95703125 0.24453125 0.0375 0.0453125
0 0.79921875 0.2453125 0.0453125 0.0484375
0 0.87890625 0.24296875 0.03984375 0.0453125
0 0.915625 0.2765625 0.04296875 0.04375
0 0.83359375 0.2765625 0.0421875 0.040625
0 0.78828125 0.30390625 0.04375 0.040625
0 0.865625 0.30625 0.03828125 0.04609375
0 0.90390625 0.33359375 0.04375 0.0453125
0 0.57578125 0.44921875 0.03984375 0.04140625
0 0.6171875 0.421875 0.03828125 0.040625
0 0.6578125 0.390625 0.03984375 0.04296875
0 0.70390625 0.36640625 0.04296875 0.04375
0 0.746875 0.33515625 0.04296875 0.046875
0 0.77890625 0.3640625 0.03828125 0.04453125
0 0.8546875 0.365625 0.04140625 0.040625
0 0.81171875 0.3921875 0.04140625 0.03359375
0 0.8921875 0.38984375 0.040625 0.0421875
0 0.846875 0.4203125 0.04140625 0.04375
0 0.7703125 0.41953125 0.04140625 0.04140625
0 0.80234375 0.45 0.03671875 0.0421875
0 0.83671875 0.4765625 0.046875 0.0390625
0 0.72734375 0.45 0.04296875 0.0390625
0 0.60859375 0.47734375 0.0359375 0.0390625
0 0.528125 0.53515625 0.0375 0.03984375
0 0.5203125 0.5875 0.04453125 0.0390625
0 0.56171875 0.559375 0.0359375 0.04140625
0 0.603125 0.5359375 0.0484375 0.04609375
0 0.64140625 0.5109375 0.0390625 0.04921875
0 0.684375 0.478125 0.04453125 0.04765625
0 0.7171875 0.5078125 0.04296875 0.04765625
0 0.67734375 0.53515625 0.03984375 0.04609375
0 0.6734375 0.59609375 0.0390625 0.046875
0 0.55234375 0.6125 0.03515625 0.0359375
0 0.59609375 0.5875 0.04375 0.03984375
0 0.628125 0.6140625 0.03671875 0.04140625
0 0.5859375 0.63828125 0.0390625 0.0453125
0 0.62109375 0.6640625 0.04609375 0.04453125
0 0.66953125 0.6515625 0.04765625 0.04375
0 0.7078125 0.62421875 0.04609375 0.04296875
0 0.753125 0.596875 0.0484375 0.0421875
0 0.7140625 0.56796875 0.0375 0.03984375
0 0.78359375 0.56171875 0.040625 0.0375
0 0.7515625 0.53359375 0.04140625 0.040625
0 0.796875 0.50546875 0.04296875 0.0421875