0 0.7422413242940371 0.006411615785546327 0.06864235141192587 0.012823231571092653
0 0.7504964420032989 0.07767694764989472 0.062483279625171126 0.056318599050060314
0 0.6732412717076123 0.012346233888141364 0.056142351411925875 0.024692467776282728
0 0.7126614728821112 0.03753662652813853 0.05779577962517113 0.056072937584671065
0 0.6452239202956866 0.04965152419871784 0.05618781551854859 0.05442855042954131
0 0.6073434870678762 0.018753364145866154 0.056142351411925875 0.03750672829173231
0 0.5391701485880741 0.024461131558720695 0.05775031551854859 0.04892226311744139
0 0.5785448856559505 0.0625067282917323 0.05779577962517113 0.056072937584671065
0 0.6768316214701855 0.08933814394099306 0.05788670783841656 0.05919793758467107
0 0.7170103405913731 0.12935563433005465 0.056187815518548415 0.05442855042954129
0 0.6851776673926927 0.17782743385508482 0.05462531551854841 0.05434666327441158
0 0.6512262162181937 0.1382636448455042 0.05627874373179385 0.057553550429541286
0 0.585351163631769 0.1502966553609538 0.05623327962517131 0.05599105042954129
0 0.5521354983506473 0.11225442277380833 0.04993781551854859 0.05410100180902231
0 0.5126925651228371 0.07375848880718189 0.05788670783841656 0.05919793758467107
0 0.7222086544605689 0.2187899485544059 0.05935827962517113 0.0561548247398008
0 0.654884762140701 0.22699859622498525 0.05788670783841639 0.05919793758467105
0 0.6208878468595793 0.18899730721540464 0.054761707838416565 0.05903416327441158
0 0.5914671198208328 0.2350025260077402 0.05306281551854859 0.05426477611928178
0 0.6301060709953318 0.27432065355193147 0.054670779625171126 0.05590916327441153
0 0.6935464453685112 0.2655354737691765 0.05935827962517113 0.0561548247398008
0 0.5234278251519668 0.160562447988579 0.054670779625171306 0.055909163274411575
0 0.4886269278175339 0.12338335255656327 0.05150031551854859 0.05418288896415206
0 0.4562152445897237 0.08451892639185295 0.054670779625171126 0.055909163274411575
0 0.4275303034443546 0.1320457016066236 0.05306281551854859 0.05426477611928182
0 0.4955241340065978 0.20804827962578482 0.05788670783841639 0.05919793758467105
0 0.46842442491454006 0.25471191768542567 0.054716243731793845 0.057471663274411534
0 0.43759797374004117 0.2149843543655856 0.05145485141192587 0.05262038896415202
0 0.40199309435229685 0.17862745251113477 0.05306281551854859 0.05426477611928182
0 0.36951321496455247 0.14210677634642443 0.04989235141192579 0.05253850180902231
0 0.7329666465430101 0.30481265773580296 0.0563696719450391 0.06067855042954129
0 0.7747533297708205 0.3431857609697348 0.05779577962517113 0.056072937584671044
0 0.7003299912910184 0.354106650838398 0.054579851411925874 0.05278416327441153
0 0.6664694683297647 0.3114178618288174 0.054761707838416565 0.059034163274411536
0 0.7745283577466389 0.43134418023704024 0.05623327962517113 0.05599105042954129
0 0.735821210412206 0.3943698026928488 0.059358279625171304 0.0561548247398008
0 0.672471764252272 0.4000299824756038 0.05288095909205772 0.048014776119281774
0 0.637026009237707 0.358204330621153 0.05306281551854841 0.05426477611928178
0 0.5736310989711504 0.3654270104039079 0.054670779625171126 0.05590916327441153
0 0.540301773423472 0.33129102781676245 0.049755959092057725 0.04785100180902226
0 0.5667111607287751 0.28154333333468645 0.05306281551854859 0.05426477611928178
0 0.47538982726353807 0.33703309475464716 0.04993781551854859 0.05410100180902226
0 0.44454064403572763 0.29808678143480705 0.05145485141192587 0.05262038896415202
0 0.4113022467012947 0.2608257988476616 0.05172763605166182 0.06199538896415202
0 0.3680212596334185 0.2201908327688596 0.048102530878812465 0.04464411465389251
0 0.3339788802456741 0.18375204375927898 0.056051423198680436 0.049741050429541335
0 0.3448959967012947 0.2643060029406761 0.048284387305303156 0.05089411465389251
0 0.3093138493668618 0.22716785108622525 0.04984688730530316 0.050976001809022266
0 0.33179059144930295 0.31257640660414926 0.048238923198680436 0.049331614653892505
0 0.28929085438142665 0.27190049694778223 0.04980142319868044 0.049413501809022264
0 0.3404094220115462 0.39169069651824096 0.04355142319868044 0.04908595318850324
0 0.35958297083704727 0.3493427442342488 0.048284387305303156 0.05089411465389251
0 0.30634431057049055 0.3560331575086604 0.049755959092057725 0.04785100180902226
0 0.27540419912943487 0.3202118441888203 0.046721887305303154 0.050812227498762755
0 0.6423379833734596 0.4437323948455042 0.04984688730530316 0.050976001809022266
0 0.6099263001456492 0.40486796868079383 0.04989235141192587 0.05253850180902227
0 0.7852636177757688 0.5181481394184373 0.05775031551854859 0.05451043758467104
0 0.7419371666012698 0.4790756733396352 0.05448892319868044 0.04965916327441171
0 0.705710161586705 0.43729096506274934 0.05297188730530315 0.05113977611928178
0 0.6756218448145151 0.4794308774326497 0.056142351411925875 0.05286605042954129
0 0.7134795459890142 0.5187899485544059 0.06101170783841638 0.05936171189493056
0 0.7496610868969564 0.5621371568312918 0.05623327962517113 0.05599105042954129
0 0.6161331845479585 0.48644883932758026 0.056051423198680436 0.049741050429541286
0 0.5195908051602143 0.45328553652318976 0.05618781551854859 0.05442855042954129
0 0.5109947066512823 0.373389996609098 0.05288095909205772 0.048014776119281774
0 0.48552569371915855 0.4176279975136092 0.05131845909205772 0.04793288896415202
0 0.41904889905029263 0.3431060323393182 0.048193459092057724 0.04776911465389251
0 0.3952105822781029 0.38491839608869965 0.04658549498543509 0.04612472749876275
0 0.42619615782578124 0.41917720940853975 0.056051423198680436 0.049741050429541286
0 0.3990964487337235 0.46584084746818066 0.04989235141192579 0.05253850180902227
0 0.3713722655059132 0.42673075983808106 0.04654003087881238 0.04456222749876275
0 0.4617328410535915 0.45787786126299057 0.05288095909205772 0.048014776119281774
0 0.4941217922280905 0.4975235374277009 0.049755959092057725 0.04785100180902226
0 0.5876073677757688 0.528506864542351 0.049755959092057725 0.04785100180902226
0 0.7582571854058884 0.6420326967453835 0.05940374373179384 0.057717324739800804
0 0.7219392521780781 0.6033729884684976 0.049755959092057725 0.04785100180902226
0 0.6855985868969564 0.5654945301916117 0.056096887305303156 0.05130355042954129
0 0.6485221357224574 0.5260945154922906 0.056142351411925875 0.05286605042954129
0 0.6563369842313894 0.6060309989839472 0.05131845909205772 0.04793288896415202
0 0.6902429712992657 0.6471572879935278 0.05761392319868044 0.049822937584671045
0 0.7272966904204533 0.6873385526928489 0.056005959092057724 0.04817855042954129
0 0.8029666286628284 0.7676191949363613 0.05917642319868044 0.049904824739800804
0 0.8075428169052037 0.8516257027382774 0.05279003087881229 0.04488977611928178
0 0.7791306603995707 0.889777477953048 0.05283549498543501 0.04645227611928178
0 0.7628106415949523 0.7268204545472997 0.05784124373179385 0.057635437584671226
0 0.7728783118906388 0.8097591073062617 0.05292642319868044 0.049577276119281775
0 0.7412047630651377 0.8527621568312919 0.05297188730530315 0.05113977611928178
0 0.7335035748227625 0.7689194233396351 0.048284387305303156 0.05089411465389269
0 0.7004015698081976 0.7269709407524898 0.04989235141192587 0.05253850180902227
0 0.7058726683171295 0.807030254976841 0.05448892319868044 0.049659163274411354
0 0.6811849053850058 0.8512273123037872 0.05306281551854859 0.05426477611928178
0 0.5281414395625235 0.5347435764372814 0.049755959092057725 0.04785100180902226
0 0.5613798368969565 0.5720045590244269 0.048193459092057724 0.04776911465389251
0 0.597007448338012 0.6075802108788777 0.049755959092057725 0.04785100180902226
0 0.6269389892459543 0.6512549677762827 0.05297188730530315 0.05113977611928178
0 0.6632796545270759 0.6891334260531687 0.056142351411925875 0.05286605042954129
0 0.6371657839148203 0.7287248705352447 0.05288095909205772 0.048014776119281774
0 0.6427050785836862 0.806440434759596 0.048284387305303156 0.05089411465389233
0 0.6110973774091872 0.7667538150173208 0.040426423198680436 0.048922178878243724
0 0.6211423156515625 0.8504737177762827 0.04980142319868044 0.049413501809022264
0 0.5841567926903088 0.8079487030769616 0.05297188730530315 0.05113977611928178
0 0.5786174980214429 0.7302331388526104 0.04984688730530316 0.050976001809022266
0 0.5494468235691213 0.7676446076449459 0.049665030878812286 0.04472600180902227
0 0.5256539709035543 0.8078944713943272 0.04846624373179385 0.05714411465389233
0 0.5423222968469441 0.6907921805757244 0.046721887305303154 0.050812227498762755
0 0.5020503010035791 0.5735537709193576 0.04654003087881229 0.04456222749876275
0 0.4339655422280904 0.5006761929001964 0.048147994985435004 0.04620661465389251
0 0.37930077428140185 0.5027609933297377 0.04681281551854841 0.05393722749876275
0 0.41178065366914607 0.539281669494448 0.049665030878812286 0.04472600180902227
0 0.4410900689502678 0.5775286199694178 0.05632420783841656 0.05911605042954129
0 0.4712489303913234 0.6133908768668228 0.05761392319868044 0.049822937584671045
0 0.508370845672445 0.6512283915661439 0.05623327962517131 0.05599105042954129
0 0.4814757250601893 0.6908607796257847 0.056142351411925875 0.05286605042954129
0 0.448995845672445 0.6543401034610744 0.05288095909205772 0.048014776119281774
0 0.384796953352577 0.6623849768213942 0.056051423198680436 0.049741050429541286
0 0.3564028318823915 0.5390636635015541 0.04341503087881247 0.04439845318850324
0 0.38640256895026776 0.5803946703989592 0.048329851411925785 0.05245661465389269
0 0.36111541244463474 0.6183826713034704 0.049665030878812466 0.04472600180902227
0 0.3326099792168245 0.5793135272509355 0.05288095909205772 0.048014776119281774
0 0.3095756444979461 0.620303697422752 0.0530628155185485 0.05426477611928178
0 0.326916257192643 0.6677585515611951 0.053153743731793844 0.057389776119281775
0 0.35944160068701 0.7027167277259054 0.0515003155185485 0.05418288896415202
0 0.39178508775488624 0.7439249038906157 0.05159124373179384 0.05730788896415202
0 0.41805808274032136 0.6988647094085397 0.046585494985435 0.04612472749876275
0 0.43161446588898933 0.7691395878572422 0.04515938730530315 0.050730340343633176
0 0.45766014034131103 0.7318918933751661 0.04984688730530316 0.050976001809022266
0 0.4907848774091873 0.7730591259623116 0.04984688730530316 0.050976001809022266