0 0.584375 0.3516885469424093 0.0234375 0.02452911910658786
0 0.5640625 0.3432596168347855 0.0234375 0.02452911910658786
0 0.58046875 0.298745483460174 0.021875 0.021331344499481996
0 0.5578125 0.2927694652632089 0.0234375 0.02452911910658786
0 0.5546875 0.26557126447742063 0.021875 0.022893844499481997
0 0.51796875 0.3508752177444083 0.0203125 0.022821069892376134
0 0.49375 0.3426282241545491 0.0203125 0.02282106989237622
0 0.7765625 0.5552372702683888 0.021875 0.024456344499482086
0 0.79921875 0.5369945384653538 0.0265625 0.026237168320799496
0 0.796875 0.5089787003760128 0.025 0.026164393713693813
0 0.77265625 0.5272942067861536 0.025 0.02772689371369381
0 0.7796875 0.582435471054177 0.021875 0.024456344499482086
0 0.803125 0.5665001019475893 0.021875 0.024456344499482086