0 0.596875 0.4140625 0.0203125 0.01875
0 0.6078125 0.43125 0.0203125 0.01875
0 0.64609375 0.41171875 0.01796875 0.01875
0 0.65546875 0.43125 0.0203125 0.01875
0 0.6796875 0.43125 0.01875 0.01875
0 0.6078125 0.47421875 0.01875 0.01796875
0 0.61953125 0.4953125 0.01875 0.0171875
0 0.38046875 0.2609375 0.0203125 0.01640625
0 0.39296875 0.23828125 0.0203125 0.021875
0 0.41953125 0.2375 0.02109375 0.0203125
0 0.40625 0.2609375 0.021875 0.01953125
0 0.3546875 0.2609375 0.0203125 0.01796875
0 0.36640625 0.23828125 0.02109375 0.0171875