0 0.570278778438037 0.43101479114693186 0.024073997492717502 0.02296661910658777
0 0.5831053873718102 0.4472583753073316 0.024073997492717502 0.02296661910658777
0 0.620551563077773 0.4239685785743193 0.020903533386094963 0.021258569892376046
0 0.6317020117449894 0.44404563812761316 0.02407399749271768 0.02296661910658777
0 0.6575741899582349 0.4421214191448598 0.020903533386094963 0.021258569892376046
0 0.5872784103330637 0.4920443364322022 0.020903533386094963 0.021258569892376046
0 0.6023351090002802 0.5123033325032608 0.020858069279472247 0.01969606989237622
0 0.33340456723440814 0.2909012516526298 0.022466033386094784 0.021331344499481996
0 0.345069492940371 0.26641067390237083 0.025727425705962936 0.026164393713693723
0 0.3709644032069277 0.26370520491961746 0.025727425705962936 0.026164393713693723
0 0.3600579954476535 0.28901341997342944 0.025636497492717503 0.023039393713693724
0 0.30753238902116276 0.29282547063538317 0.024073997492717502 0.02296661910658786
0 0.3176348147271256 0.2682621182780184 0.024028533386094876 0.02140411910658786