0 0.43691104547482607 0.215625 0.028952670950527094 0.0203125
0 0.5490900519006167 0.24609375 0.028825336958138336 0.0171875
0 0.47026471494247835 0.22890625 0.028825336958138336 0.0171875
0 0.4061213019006167 0.24609375 0.030387836958138337 0.0171875
0 0.3710950444862428 0.2109375 0.028825336958138336 0.0171875
0 0.40344728806045216 0.18046875 0.030387836958138337 0.0171875
0 0.6147641314443811 0.228125 0.028952670950527094 0.0203125
0 0.6782045489348671 0.23203125 0.030387836958138337 0.0171875
0 0.4697036408359213 0.27265625 0.030387836958138337 0.0171875
0 0.5492147272997681 0.2875 0.030387836958138337 0.0171875
0 0.5821598784786316 0.2140625 0.028825336958138336 0.0171875
0 0.5163438774900484 0.209375 0.028825336958138336 0.0171875
0 0.5767998523183586 0.48515625 0.028825336958138336 0.0171875
0 0.5500384451708149 0.13515625 0.03207767095052709 0.0203125
0 0.4365807816346615 0.15 0.03207767095052709 0.0203125
0 0.40322711216700924 0.13671875 0.030515170950527092 0.0203125
0 0.3358486111784261 0.13203125 0.03520267095052709 0.0203125
0 0.3050588676042167 0.1625 0.03520267095052709 0.0203125
0 0.3693442020908971 0.16796875 0.03520267095052709 0.0203125
0 0.33830244912514756 0.15390625 0.03520267095052709 0.0203125
0 0.30494877965749523 0.140625 0.03520267095052709 0.0203125
0 0.4033372001137307 0.15859375 0.03520267095052709 0.0203125
0 0.3700153641441756 0.14609375 0.03520267095052709 0.0203125
0 0.6469744535737718 0.175 0.03207767095052709 0.0203125
0 0.6476774491251476 0.15390625 0.03207767095052709 0.0203125
0 0.6144338676042167 0.1625 0.031950336958138335 0.0171875
0 0.5811584525851886 0.1703125 0.031950336958138335 0.0171875
0 0.548727954562355 0.1796875 0.03207767095052709 0.0203125
0 0.5818614481365644 0.14921875 0.03207767095052709 0.0203125
0 0.5493991166156336 0.1578125 0.03207767095052709 0.0203125
0 0.5161237015966055 0.165625 0.03207767095052709 0.0203125
0 0.4699344511023139 0.16328125 0.03207767095052709 0.0203125
0 0.4366908695813831 0.171875 0.03207767095052709 0.0203125
0 0.43800136018984287 0.12734375 0.03207767095052709 0.0203125
0 0.43683279102620176 0.19453125 0.03207767095052709 0.0203125
0 0.46934154349765966 0.20625 0.031950336958138335 0.0171875
0 0.5488380425090765 0.2015625 0.030387836958138337 0.0171875
0 0.5820816240300074 0.19296875 0.030515170950527092 0.0203125
0 0.614512122052841 0.18359375 0.028952670950527094 0.0203125
0 0.548166880455798 0.2234375 0.028825336958138336 0.0171875
0 0.5157363824329643 0.2328125 0.028825336958138336 0.0171875
0 0.6809674515966055 0.165625 0.03207767095052709 0.0203125
0 0.6795150395433269 0.1875 0.03364017095052709 0.0203125
0 0.6478657915204933 0.196875 0.030387836958138337 0.0171875
0 0.6146540434976597 0.20625 0.030387836958138337 0.0171875
0 0.6456321294672148 0.21875 0.031950336958138335 0.0171875
0 0.6788757109881456 0.21015625 0.030387836958138337 0.0171875
0 0.7105249590109792 0.20078125 0.027262836958138338 0.0171875
0 0.7445497905319101 0.1921875 0.028825336958138336 0.0171875
0 0.7771222099995625 0.20546875 0.028825336958138336 0.0171875
0 0.7439104619767288 0.21484375 0.027262836958138338 0.0171875
0 0.7098537969577008 0.22265625 0.028825336958138336 0.0171875
0 0.6457422174139362 0.240625 0.030387836958138337 0.0171875
0 0.6132480523949082 0.2484375 0.030387836958138337 0.0171875
0 0.5823017999234503 0.23671875 0.028825336958138336 0.0171875
0 0.5808493878701718 0.25859375 0.030387836958138337 0.0171875
0 0.5476058063492409 0.2671875 0.028825336958138336 0.0171875
0 0.5159247248283101 0.27578125 0.028825336958138336 0.0171875
0 0.8045561433073793 0.284375 0.031950336958138335 0.0171875
0 0.8694171393530465 0.265625 0.031950336958138335 0.0171875
0 0.8679965607978651 0.28828125 0.031950336958138335 0.0171875
0 0.8361735578321158 0.27421875 0.031950336958138335 0.0171875
0 0.8051954718625606 0.26171875 0.031950336958138335 0.0171875
0 0.7735462238397269 0.27109375 0.031950336958138335 0.0171875
0 0.7425363043720746 0.2578125 0.031950336958138335 0.0171875
0 0.7742492193911026 0.25 0.031950336958138335 0.0171875
0 0.8384708868815887 0.25390625 0.031950336958138335 0.0171875
0 0.8709013849044223 0.24453125 0.031950336958138335 0.0171875
0 0.8067115509120335 0.24140625 0.031950336958138335 0.0171875
0 0.8399232989348672 0.23203125 0.031950336958138335 0.0171875
0 0.6767839703796857 0.2546875 0.031950336958138335 0.0171875
0 0.7107769684025195 0.2453125 0.031950336958138335 0.0171875
0 0.7424580499234503 0.23671875 0.031950336958138335 0.0171875
0 0.7748885479462839 0.22734375 0.031950336958138335 0.0171875
0 0.808163962965312 0.21953125 0.031950336958138335 0.0171875
0 0.5469810652464895 0.309375 0.030387836958138337 0.0171875
0 0.5167842292769343 0.296875 0.030387836958138337 0.0171875
0 0.736631155664669 0.34296875 0.030387836958138337 0.0171875
0 0.706466153193211 0.33125 0.028825336958138336 0.0171875
0 0.7404909847141419 0.32265625 0.028825336958138336 0.0171875
0 0.6739255672236559 0.31875 0.028825336958138336 0.0171875
0 0.7071373152464895 0.309375 0.028825336958138336 0.0171875
0 0.7705777327369755 0.31328125 0.030387836958138337 0.0171875
0 0.6760491413302129 0.275 0.028825336958138336 0.0171875
0 0.708543306349241 0.2671875 0.028825336958138336 0.0171875
0 0.8015558187065306 0.32578125 0.028825336958138336 0.0171875
0 0.7411157258168932 0.28046875 0.028825336958138336 0.0171875
0 0.7720938117864484 0.29296875 0.030387836958138337 0.0171875
0 0.8022588142579063 0.3046875 0.028825336958138336 0.0171875
0 0.8325657381741829 0.3390625 0.030387836958138337 0.0171875
0 0.8650280696951139 0.33046875 0.028825336958138336 0.0171875
0 0.8340181502274614 0.3171875 0.030387836958138337 0.0171875
0 0.8664804817483922 0.30859375 0.030387836958138337 0.0171875
0 0.8347529792769344 0.296875 0.030387836958138337 0.0171875
0 0.7395996467674204 0.30078125 0.031950336958138335 0.0171875
0 0.6753461457788372 0.29609375 0.028825336958138336 0.0171875
0 0.5802246467674204 0.30078125 0.030387836958138337 0.0171875
0 0.6436968977560035 0.30546875 0.030387836958138337 0.0171875
0 0.6126869782883512 0.2921875 0.030387836958138337 0.0171875
0 0.6451811433073793 0.284375 0.030387836958138337 0.0171875
0 0.5801782258168933 0.28046875 0.030387836958138337 0.0171875
0 0.6133899738397269 0.27109375 0.030387836958138337 0.0171875
0 0.6450710553606578 0.2625 0.030387836958138337 0.0171875
0 0.7086215607978652 0.28828125 0.028825336958138336 0.0171875
0 0.7698747371855997 0.334375 0.028825336958138336 0.0171875
0 0.801634073155155 0.346875 0.028825336958138336 0.0171875
0 0.5488101620904595 0.3734375 0.030387836958138337 0.0171875
0 0.6416343320524035 0.3890625 0.030387836958138337 0.0171875
0 0.7042934995428894 0.39296875 0.028825336958138336 0.0171875
0 0.7662032505314726 0.39765625 0.028825336958138336 0.0171875
0 0.7344120810638203 0.384375 0.028825336958138336 0.0171875
0 0.5804912436113904 0.36484375 0.030387836958138337 0.0171875
0 0.5455750741437381 0.3515625 0.030387836958138337 0.0171875
0 0.6106562460828483 0.3765625 0.030387836958138337 0.0171875
0 0.6725659970714315 0.38125 0.028825336958138336 0.0171875
0 0.6415560776037792 0.36796875 0.030387836958138337 0.0171875
0 0.6098285751323212 0.35625 0.030387836958138337 0.0171875
0 0.578818655664669 0.34296875 0.030387836958138337 0.0171875
0 0.6748314926228073 0.36015625 0.030387836958138337 0.0171875
0 0.7050283285923624 0.37265625 0.028825336958138336 0.0171875
0 0.7684369125847511 0.37578125 0.028825336958138336 0.0171875
0 0.7367094101132932 0.3640625 0.030387836958138337 0.0171875
0 0.7049819076418353 0.35234375 0.030387836958138337 0.0171875
0 0.6415096566532521 0.34765625 0.030387836958138337 0.0171875
0 0.6104997371855998 0.334375 0.030387836958138337 0.0171875
0 0.5153782381741829 0.3390625 0.030387836958138337 0.0171875
0 0.5462780696951138 0.33046875 0.030387836958138337 0.0171875
0 0.5795534847141418 0.32265625 0.030387836958138337 0.0171875
0 0.642244485702725 0.32734375 0.030387836958138337 0.0171875
0 0.6112345662350727 0.3140625 0.030387836958138337 0.0171875
0 0.673971988174183 0.3390625 0.028825336958138336 0.0171875
0 0.8001816611018764 0.36875 0.030387836958138337 0.0171875
0 0.7691717416342241 0.35546875 0.028825336958138336 0.0171875
0 0.7344903355124446 0.40546875 0.030387836958138337 0.0171875
0 0.5171436680219587 0.4015625 0.030387836958138337 0.0171875
0 0.6107490879839025 0.4171875 0.030387836958138337 0.0171875
0 0.5782403355124446 0.40546875 0.030387836958138337 0.0171875
0 0.5147070761209045 0.3609375 0.030387836958138337 0.0171875
0 0.5488565830409866 0.39375 0.030387836958138337 0.0171875
0 0.7019961704934166 0.41328125 0.030387836958138337 0.0171875
0 0.7313799229648745 0.425 0.030387836958138337 0.0171875
0 0.6718775889724857 0.421875 0.030387836958138337 0.0171875
0 0.6408995030029306 0.409375 0.030387836958138337 0.0171875
0 0.6083907505314727 0.39765625 0.030387836958138337 0.0171875
0 0.5789751645619174 0.38515625 0.030387836958138337 0.0171875
0 0.6718630015200558 0.40234375 0.028825336958138336 0.0171875
0 0.7639059214819997 0.41796875 0.030387836958138337 0.0171875
0 0.6393834239534577 0.4296875 0.027262836958138338 0.0171875
0 0.6084517589344296 0.4375 0.025573002965749582 0.0140625
0 0.5164088389724857 0.421875 0.025573002965749582 0.0140625
0 0.5464955869953194 0.4125 0.028825336958138336 0.0171875
0 0.5775055064629717 0.42578125 0.028825336958138336 0.0171875
0 0.5473232579458465 0.4328125 0.025700336958138337 0.0171875
0 0.5775200939154016 0.4453125 0.028825336958138336 0.0171875
0 0.6076850963868595 0.45703125 0.028825336958138336 0.0171875
0 0.6386485949039848 0.45 0.027262836958138338 0.0171875
0 0.6702978429268184 0.440625 0.027262836958138338 0.0171875
0 0.7012613414439437 0.43359375 0.027262836958138338 0.0171875
0 0.7623580089344296 0.4375 0.030387836958138337 0.0171875
0 0.7314263439154016 0.4453125 0.028825336958138336 0.0171875
0 0.7004946788963735 0.453125 0.027262836958138338 0.0171875
0 0.6695630138773454 0.4609375 0.02713550296574958 0.0140625
0 0.5465884288963736 0.453125 0.028825336958138336 0.0171875
0 0.5775346813678315 0.46484375 0.027262836958138338 0.0171875
0 0.5164380138773454 0.4609375 0.027262836958138338 0.0171875
0 0.5473842663488033 0.47265625 0.028825336958138336 0.0171875
0 0.5172975183259698 0.48203125 0.027262836958138338 0.0171875
0 0.5466176038012334 0.4921875 0.028825336958138336 0.0171875
0 0.6069184338392895 0.4765625 0.028825336958138336 0.0171875
0 0.6378819323564147 0.46953125 0.027262836958138338 0.0171875
0 0.6687963513297754 0.48046875 0.02713550296574958 0.0140625
0 0.6997280163488033 0.47265625 0.028825336958138336 0.0171875
0 0.7314727648659287 0.465625 0.028825336958138336 0.0171875
0 0.7624190173373866 0.47734375 0.03507533695813834 0.0171875
0 0.7291436023183586 0.48515625 0.030387836958138337 0.0171875
0 0.6989931872993305 0.49296875 0.027262836958138338 0.0171875
0 0.26229563642447806 0.646875 0.030387836958138337 0.0171875
0 0.2901858730786052 0.58359375 0.030387836958138337 0.0171875
0 0.22907461813568936 0.56015625 0.030387836958138337 0.0171875
0 0.38370772140545 0.6546875 0.030387836958138337 0.0171875
0 0.41304505292638083 0.64609375 0.030387836958138337 0.0171875
0 0.5456930682494201 0.71875 0.030387836958138337 0.0171875
0 0.4431264837627397 0.71328125 0.030387836958138337 0.0171875
0 0.3527097307969902 0.69921875 0.030387836958138337 0.0171875
0 0.35350822684265754 0.68046875 0.030387836958138337 0.0171875
0 0.3829092253597827 0.6734375 0.030387836958138337 0.0171875
0 0.41304505292638083 0.64609375 0.030387836958138337 0.0171875
0 0.41228104897204815 0.62734375 0.030387836958138337 0.0171875
0 0.3218642960062986 0.61328125 0.030387836958138337 0.0171875
0 0.23063445954245196 0.5984375 0.030387836958138337 0.0171875
0 0.16800712555006317 0.5953125 0.030387836958138337 0.0171875
0 0.20121621497965939 0.62421875 0.030387836958138337 0.0171875
0 0.41235003315471735 0.55234375 0.030387836958138337 0.0171875
0 0.29250971843970053 0.640625 0.030387836958138337 0.0171875
0 0.2615634659682426 0.62890625 0.030387836958138337 0.0171875
0 0.29165021399107627 0.61953125 0.030387836958138337 0.0171875
0 0.2917802065767024 0.584375 0.030387836958138337 0.0171875
0 0.2917311270329379 0.60234375 0.030387836958138337 0.0171875
0 0.2607994620139099 0.61015625 0.030387836958138337 0.0171875
0 0.13390669817374543 0.54453125 0.030515170950527092 0.0203125
0 0.13631145657670243 0.584375 0.031950336958138335 0.0171875
0 0.13548378562617533 0.5640625 0.03364017095052709 0.0203125
0 0.13940196448536782 0.621875 0.032014003954332716 0.01875
0 0.20204388593018646 0.64453125 0.031950336958138335 0.0171875
0 0.23289463790735282 0.65390625 0.030387836958138337 0.0171875
0 0.26231022387690794 0.66640625 0.028825336958138336 0.0171875
0 0.32410722832553224 0.6875 0.03026050296574958 0.0140625
0 0.293241888895936 0.65859375 0.031950336958138335 0.0171875
0 0.3820788958160183 0.69140625 0.028825336958138336 0.0171875
0 0.4129614812912818 0.7015625 0.03182300296574958 0.0140625
0 0.4416130633065042 0.6953125 0.028825336958138336 0.0171875
0 0.41222931083504627 0.68359375 0.027262836958138338 0.0171875
0 0.4717634783255322 0.6875 0.031950336958138335 0.0171875
0 0.4431609758540743 0.67578125 0.030387836958138337 0.0171875
0 0.41224655688071354 0.66484375 0.030387836958138337 0.0171875
0 0.351994806386422 0.6625 0.028825336958138336 0.0171875
0 0.32334322437119956 0.66875 0.027135502965749493 0.0140625
0 0.3225792204168669 0.65 0.028825336958138336 0.0171875
0 0.32187888345872856 0.6328125 0.028825336958138336 0.0171875
0 0.3519974649796594 0.62421875 0.027262836958138338 0.0171875
0 0.3829437174511173 0.6359375 0.028825336958138336 0.0171875
0 0.3520120524320893 0.64375 0.028825336958138336 0.0171875
0 0.4423969718997416 0.65703125 0.027262836958138338 0.0171875
0 0.4725792204168669 0.65 0.028825336958138336 0.0171875
0 0.47181521646253416 0.63125 0.031950336958138335 0.0171875
0 0.44246329748917346 0.6203125 0.02869800296574958 0.0140625
0 0.23221154699488186 0.61796875 0.030387836958138337 0.0171875
0 0.23141305094921455 0.63671875 0.030387836958138337 0.0171875
0 0.17116130045492295 0.634375 0.030387836958138292 0.0171875
0 0.16955237950439586 0.6140625 0.02882533695813829 0.0171875
0 0.1378567105310351 0.603125 0.030387836958138337 0.0171875
0 0.1981402945234239 0.60625 0.02869800296574949 0.0140625
0 0.6926025603407547 0.68125 0.025700336958138337 0.0171875
0 0.6617027288198238 0.68984375 0.031950336958138335 0.0171875
0 0.7219863128122126 0.69296875 0.031950336958138335 0.0171875
0 0.7505742278312406 0.68515625 0.028825336958138336 0.0171875
0 0.72356605885788 0.67421875 0.028825336958138336 0.0171875
0 0.782318976348366 0.678125 0.030387836958138337 0.0171875
0 0.8116881413673939 0.6703125 0.028825336958138336 0.0171875
0 0.8419022233826163 0.6640625 0.030387836958138337 0.0171875
0 0.6624030657779622 0.70703125 0.028825336958138336 0.0171875
0 0.6314714007589342 0.71484375 0.028825336958138336 0.0171875
0 0.6028688982874761 0.703125 0.028825336958138336 0.0171875
0 0.5735315667665454 0.71171875 0.030387836958138337 0.0171875
0 0.5434302312912818 0.7015625 0.028825336958138336 0.0171875
0 0.514859562317921 0.690625 0.030387836958138337 0.0171875
0 0.5449781438388519 0.68203125 0.027262836958138338 0.0171875
0 0.5735806463103098 0.69375 0.028825336958138336 0.0171875
0 0.6044804778312407 0.68515625 0.030387836958138337 0.0171875
0 0.6330511468046014 0.69609375 0.028825336958138336 0.0171875
0 0.6331002263483659 0.678125 0.028825336958138336 0.0171875
0 0.6029670573750051 0.6671875 0.030387836958138337 0.0171875
0 0.5743791423559771 0.675 0.030387836958138337 0.0171875
0 0.5450272233826163 0.6640625 0.031950336958138335 0.0171875
0 0.5140491374130612 0.6515625 0.030387836958138337 0.0171875
0 0.5450444694282837 0.6453125 0.028825336958138336 0.0171875
0 0.5743645549035472 0.65546875 0.028825336958138336 0.0171875
0 0.5141300504549229 0.634375 0.030387836958138337 0.0171875
0 0.6632824748654912 0.67109375 0.028825336958138336 0.0171875
0 0.6339305558921304 0.66015625 0.028825336958138336 0.0171875
0 0.6037655534206724 0.6484375 0.02869800296574958 0.0140625
0 0.5434673819758539 0.62578125 0.03026050296574958 0.0140625
0 0.5751948844473118 0.6375 0.030387836958138337 0.0171875
0 0.6045322159682426 0.62890625 0.030387836958138337 0.0171875
0 0.6347290519377977 0.64140625 0.027262836958138338 0.0171875
0 0.6640809709111585 0.65234375 0.02713550296574958 0.0140625
0 0.693401056386422 0.6625 0.02713550296574958 0.0140625
0 0.6934501359301866 0.64453125 0.02713550296574958 0.0140625
0 0.7243963884016444 0.65625 0.02869800296574958 0.0140625
0 0.7537483073750051 0.6671875 0.027262836958138338 0.0171875
0 0.7831174723940333 0.659375 0.02713550296574958 0.0140625
0 0.8125184709111585 0.65234375 0.028825336958138336 0.0171875
0 0.8427007194282836 0.6453125 0.03026050296574958 0.0140625
0 0.8140982169568257 0.63359375 0.02713550296574958 0.0140625
0 0.8450935489720482 0.62734375 0.028825336958138336 0.0171875
0 0.814896713002493 0.61484375 0.027262836958138338 0.0171875
0 0.8442977115196182 0.6078125 0.027262836958138338 0.0171875
0 0.8156633755500632 0.5953125 0.030387836958138337 0.0171875
0 0.8466268740671884 0.58828125 0.030387836958138337 0.0171875
0 0.7522348869187697 0.64921875 0.027262836958138338 0.0171875
0 0.7831347184397005 0.640625 0.02713550296574958 0.0140625
0 0.7228193009492145 0.63671875 0.03182300296574958 0.0140625
0 0.6942486319758538 0.62578125 0.027262836958138338 0.0171875
0 0.6640663834587286 0.6328125 0.028825336958138336 0.0171875
0 0.633965047983465 0.62265625 0.030387836958138337 0.0171875
0 0.6045812955120071 0.6109375 0.028825336958138336 0.0171875
0 0.5744627139910763 0.61953125 0.027262836958138338 0.0171875
0 0.5450471280215211 0.60703125 0.027262836958138338 0.0171875
0 0.5141645425462575 0.596875 0.031950336958138335 0.0171875
0 0.4718815420519659 0.59453125 0.031950336958138335 0.0171875
0 0.4718669545995361 0.575 0.030387836958138337 0.0171875
0 0.5157124550938277 0.57734375 0.027262836958138338 0.0171875
0 0.5442831240671884 0.58828125 0.030387836958138337 0.0171875
0 0.5744799600367435 0.60078125 0.030387836958138337 0.0171875
0 0.6363260440291323 0.60390625 0.028825336958138336 0.0171875
0 0.6648648795043959 0.6140625 0.02713550296574958 0.0140625
0 0.6942977115196183 0.6078125 0.02869800296574958 0.0140625
0 0.7244308804929791 0.61875 0.02713550296574958 0.0140625
0 0.754581295512007 0.6109375 0.031950336958138335 0.0171875
0 0.7537827994663397 0.6296875 0.030387836958138337 0.0171875
0 0.7831519644853678 0.621875 0.02869800296574958 0.0140625
0 0.7847953775272295 0.6046875 0.028825336958138336 0.0171875
0 0.7863751235728967 0.5859375 0.031950336958138335 0.0171875
0 0.8172749550938276 0.57734375 0.031950336958138335 0.0171875
0 0.7545985415576744 0.5921875 0.02713550296574958 0.0140625
0 0.7244481265386463 0.6 0.02713550296574958 0.0140625
0 0.6958456240671884 0.58828125 0.02869800296574958 0.0140625
0 0.7252466225843136 0.58125 0.03182300296574958 0.0140625
0 0.7569595376033417 0.5734375 0.028825336958138336 0.0171875
0 0.7871099526223697 0.565625 0.031950336958138335 0.0171875
0 0.788689698668037 0.546875 0.030387836958138337 0.0171875
0 0.6656952090481603 0.59609375 0.030387836958138337 0.0171875
0 0.6363114565767024 0.584375 0.028825336958138336 0.0171875
0 0.6053797915576744 0.5921875 0.030387836958138337 0.0171875
0 0.5752147890862165 0.58046875 0.028825336958138336 0.0171875
0 0.5450816201128557 0.56953125 0.030387836958138337 0.0171875
0 0.5458482826604258 0.55 0.028825336958138336 0.0171875
0 0.5466467787060931 0.53125 0.030387836958138337 0.0171875
0 0.5458827747517605 0.5125 0.030387836958138337 0.0171875
0 0.5775956897707883 0.5046875 0.02869800296574958 0.0140625
0 0.6378965198088445 0.4890625 0.030387836958138337 0.0171875
0 0.6672802722803025 0.50078125 0.02713550296574958 0.0140625
0 0.6370980237631773 0.5078125 0.027262836958138338 0.0171875
0 0.6061517712917193 0.49609375 0.030387836958138337 0.0171875
0 0.6061981922422464 0.51640625 0.02869800296574958 0.0140625
0 0.606180946196579 0.53515625 0.025700336958138337 0.0171875
0 0.63629952771751 0.5265625 0.028825336958138336 0.0171875
0 0.6672948597327324 0.5203125 0.03494800296574958 0.0140625
0 0.6974280287060931 0.53125 0.028825336958138336 0.0171875
0 0.7283596937251211 0.5234375 0.028825336958138336 0.0171875
0 0.729094522774594 0.503125 0.027262836958138338 0.0171875
0 0.6974134412536632 0.51171875 0.028825336958138336 0.0171875
0 0.7608392712917194 0.49609375 0.031950336958138335 0.0171875
0 0.7592913587441492 0.515625 0.03670150395433271 0.01875
0 0.7592741126984819 0.534375 0.03351283695813834 0.0171875
0 0.7569449501509118 0.55390625 0.031950336958138335 0.0171875
0 0.7284061146756482 0.54375 0.03351283695813834 0.0171875
0 0.7267627016337865 0.5609375 0.03026050296574958 0.0140625
0 0.695880116158523 0.55078125 0.030387836958138337 0.0171875
0 0.6672776136870651 0.5390625 0.028825336958138336 0.0171875
0 0.635564698668037 0.546875 0.031950336958138335 0.0171875
0 0.6958628701128557 0.56953125 0.030387836958138337 0.0171875
0 0.6656978676413978 0.5578125 0.03351283695813834 0.0171875
0 0.6649630385919248 0.578125 0.028825336958138336 0.0171875
0 0.6355474526223697 0.565625 0.030387836958138337 0.0171875
0 0.6054142836490091 0.5546875 0.02869800296574958 0.0140625
0 0.5760451186299809 0.5625 0.028825336958138336 0.0171875
0 0.5745316981737455 0.54453125 0.030387836958138337 0.0171875
0 0.5767971937251211 0.5234375 0.027262836958138338 0.0171875
0 0.5157323597327323 0.5203125 0.028825336958138336 0.0171875
0 0.5149656971851623 0.53984375 0.027390170950527093 0.0203125
0 0.47188685923844076 0.51796875 0.03351283695813834 0.0171875
0 0.47346394669087066 0.5375 0.028825336958138336 0.0171875
0 0.6062101211014388 0.57421875 0.030387836958138337 0.0171875
0 0.27597354547482605 0.215625 0.03351283695813834 0.0171875
0 0.2426198760071737 0.20234375 0.03351283695813834 0.0171875
0 0.17594437056996623 0.1765625 0.03357650395433272 0.01875
0 0.20773554003761854 0.18984375 0.03351283695813834 0.0171875
0 0.4386154669196447 0.23828125 0.03351283695813834 0.0171875
0 0.4044805474519924 0.225 0.03351283695813834 0.0171875
0 0.40437045950527095 0.203125 0.03351283695813834 0.0171875
0 0.37101679003761856 0.18984375 0.03351283695813834 0.0171875
0 0.33844437056996624 0.1765625 0.03351283695813834 0.0171875
0 0.3059820390490354 0.18515625 0.03351283695813834 0.0171875
0 0.27351970752810456 0.19375 0.03351283695813834 0.0171875
0 0.24097912155854942 0.18125 0.03351283695813834 0.0171875
0 0.20762545209089706 0.16796875 0.03351283695813834 0.0171875
0 0.2718471195813831 0.171875 0.03351283695813834 0.0171875
0 0.2392747001137307 0.15859375 0.031950336958138335 0.0171875
0 0.3068733769957569 0.20703125 0.031950336958138335 0.0171875
0 0.33774137501859053 0.19765625 0.030387836958138337 0.0171875
0 0.33947762996150643 0.22109375 0.03207767095052709 0.0203125
0 0.37205004942915876 0.234375 0.031950336958138335 0.0171875
0 0.30776471494247837 0.22890625 0.030387836958138337 0.0171875
0 0.2419805474519924 0.225 0.031950336958138335 0.0171875
0 0.20937629448624281 0.2109375 0.030387836958138337 0.0171875
0 0.17605445851668772 0.1984375 0.030451503954332715 0.01875
0 0.20948638243296433 0.2328125 0.030387836958138337 0.0171875
0 0.2753023834215475 0.2375 0.031950336958138335 0.0171875
0 0.30787480288919983 0.25078125 0.031950336958138335 0.0171875
0 0.3395558844101306 0.2421875 0.030387836958138337 0.0171875
0 0.3728777203796858 0.2546875 0.030387836958138337 0.0171875
0 0.437912471368269 0.259375 0.031950336958138335 0.0171875
0 0.40545013984733813 0.26796875 0.031950336958138335 0.0171875
0 0.43799072581689324 0.28046875 0.030387836958138337 0.0171875
0 0.46900064528454555 0.29375 0.03026050296574958 0.0140625
0 0.43731956376361475 0.30234375 0.030387836958138337 0.0171875
0 0.40630964429596245 0.2890625 0.030387836958138337 0.0171875
0 0.3737372248283101 0.27578125 0.028825336958138336 0.0171875
0 0.34122847235685216 0.2640625 0.031950336958138335 0.0171875
0 0.3420879768054764 0.28515625 0.030387836958138337 0.0171875
0 0.3754098127750316 0.29765625 0.030387836958138337 0.0171875
0 0.4064197322426839 0.3109375 0.030387836958138337 0.0171875
0 0.4397097347141418 0.32265625 0.028825336958138336 0.0171875
0 0.4707514876798914 0.33671875 0.028825336958138336 0.0171875
0 0.4708297421285156 0.3578125 0.028825336958138336 0.0171875
0 0.43828915615896047 0.3453125 0.028825336958138336 0.0171875
0 0.40727923669130817 0.33203125 0.028825336958138336 0.0171875
0 0.34376056475219796 0.30703125 0.031950336958138335 0.0171875
0 0.3754880672236559 0.31875 0.030387836958138337 0.0171875
0 0.37559815517037737 0.340625 0.028825336958138336 0.0171875
0 0.40735749113993247 0.353125 0.027262836958138338 0.0171875
0 0.4391168271094876 0.365625 0.028825336958138336 0.0171875
0 0.1434820390490354 0.18515625 0.028825336958138336 0.0171875
0 0.11105154102620174 0.19453125 0.031950336958138294 0.0171875
0 0.14440521049385407 0.2078125 0.030515170950527092 0.0203125
0 0.11197471247102042 0.2171875 0.031950336958138294 0.0171875
0 0.14526471494247833 0.22890625 0.031950336958138335 0.0171875
0 0.11283421691964471 0.23828125 0.031950336958138294 0.0171875
0 0.1769457964634092 0.2203125 0.032014003954332716 0.01875
0 0.17865021790822788 0.24296875 0.032014003954332716 0.01875
0 0.14618788638729702 0.2515625 0.030387836958138292 0.0171875
0 0.11369372136826898 0.259375 0.030387836958138292 0.0171875
0 0.11536630931499045 0.28125 0.031950336958138335 0.0171875
0 0.14782864083592134 0.27265625 0.030387836958138337 0.0171875
0 0.17950972235685217 0.2640625 0.02882533695813829 0.0171875
0 0.211972053877783 0.25546875 0.030387836958138337 0.0171875
0 0.2444025519006167 0.24609375 0.030387836958138337 0.0171875
0 0.276974971368269 0.259375 0.030387836958138337 0.0171875
0 0.24532572334543534 0.26875 0.030387836958138337 0.0171875
0 0.21361280832640728 0.2765625 0.030387836958138337 0.0171875
0 0.18115047680547644 0.28515625 0.030387836958138292 0.0171875
0 0.1486881452845456 0.29375 0.030387836958138337 0.0171875
0 0.18279123125410074 0.30625 0.031950336958138335 0.0171875
0 0.2137228962731288 0.2984375 0.030387836958138337 0.0171875
0 0.24540397779405962 0.28984375 0.028825336958138336 0.0171875
0 0.27783447581689324 0.28046875 0.030387836958138337 0.0171875
0 0.3087661408359213 0.27265625 0.028825336958138336 0.0171875
0 0.30965747878264277 0.29453125 0.03351283695813834 0.0171875
0 0.31126639973316983 0.31484375 0.031950336958138335 0.0171875
0 0.34380698570272505 0.32734375 0.031950336958138335 0.0171875
0 0.2462634822426839 0.3109375 0.03207767095052709 0.0203125
0 0.21533181722365588 0.31875 0.031950336958138335 0.0171875
0 0.1821200692008222 0.328125 0.03351283695813834 0.0171875
0 0.21622315517037735 0.340625 0.03351283695813834 0.0171875
0 0.24634173669130818 0.33203125 0.031950336958138335 0.0171875
0 0.2796171517103362 0.32421875 0.031950336958138335 0.0171875
0 0.27794456376361476 0.30234375 0.031950336958138335 0.0171875
0 0.31293898767989137 0.33671875 0.031950336958138335 0.0171875
0 0.3446664901513493 0.3484375 0.031950336958138335 0.0171875
0 0.3772070761209044 0.3609375 0.031950336958138335 0.0171875
0 0.40737207859236235 0.37265625 0.028825336958138336 0.0171875
0 0.4399444980600148 0.3859375 0.02869800296574958 0.0140625
0 0.47092258402956977 0.3984375 0.030387836958138337 0.0171875
0 0.43924150250863897 0.40703125 0.028825336958138336 0.0171875
0 0.40823158304098667 0.39375 0.028825336958138336 0.0171875
0 0.37731716406762594 0.3828125 0.030387836958138337 0.0171875
0 0.3439634945999736 0.36953125 0.030387836958138337 0.0171875
0 0.31301724212851567 0.3578125 0.031950336958138335 0.0171875
0 0.2796954061589605 0.3453125 0.030387836958138337 0.0171875
0 0.24798249113993248 0.353125 0.031950336958138335 0.0171875
0 0.21708265961900164 0.36171875 0.03507533695813834 0.0171875
0 0.21869158056952873 0.38203125 0.03507533695813834 0.0171875
0 0.24884199558855674 0.37421875 0.03207767095052709 0.0203125
0 0.2813043271094876 0.365625 0.031950336958138335 0.0171875
0 0.3138449130790427 0.378125 0.030387836958138337 0.0171875
0 0.3447911655505007 0.38984375 0.031950336958138335 0.0171875
0 0.3146725840295698 0.3984375 0.027262836958138338 0.0171875
0 0.28213199806001465 0.3859375 0.030387836958138337 0.0171875
0 0.283772752508639 0.40703125 0.031950336958138335 0.0171875
0 0.2520134165390838 0.39453125 0.030387836958138337 0.0171875
0 0.21951925152005583 0.40234375 0.030387836958138337 0.0171875
0 0.25202800399151376 0.4140625 0.030387836958138337 0.0171875
0 0.2845685899610689 0.4265625 0.031950336958138335 0.0171875
0 0.3162815049800969 0.41875 0.030387836958138337 0.0171875
0 0.3464637534972222 0.41171875 0.03351283695813834 0.0171875
0 0.3773317515200558 0.40234375 0.030387836958138337 0.0171875
0 0.4090910874896109 0.41484375 0.030387836958138337 0.0171875
0 0.44003733996106886 0.4265625 0.030387836958138337 0.0171875
0 0.4725315049800969 0.41875 0.030387836958138337 0.0171875
0 0.3781275889724857 0.421875 0.028825336958138336 0.0171875
0 0.40910567494204086 0.434375 0.030387836958138337 0.0171875
0 0.441646260911596 0.446875 0.03026050296574958 0.0140625
0 0.3472595909496521 0.43125 0.030387836958138337 0.0171875
0 0.316327925930624 0.4390625 0.028825336958138336 0.0171875
0 0.252106258440138 0.43515625 0.031950336958138335 0.0171875
0 0.22117459342111 0.44296875 0.031950336958138335 0.0171875
0 0.3789552599230128 0.4421875 0.031950336958138335 0.0171875
0 0.40912026239447075 0.45390625 0.030387836958138337 0.0171875
0 0.44087959836402585 0.46640625 0.031950336958138335 0.0171875
0 0.4718112633830539 0.45859375 0.030387836958138337 0.0171875
0 0.471857684333581 0.47890625 0.030387836958138337 0.0171875
0 0.3789698473754427 0.46171875 0.028825336958138336 0.0171875
0 0.3480554284020819 0.45078125 0.028825336958138336 0.0171875
0 0.31637434688115107 0.459375 0.028825336958138336 0.0171875
0 0.28542809440969313 0.44765625 0.030387836958138337 0.0171875
0 0.2544645958925679 0.4546875 0.031950336958138335 0.0171875
0 0.2235647643716371 0.46328125 0.030387836958138337 0.0171875
0 0.25532410034119224 0.47578125 0.031950336958138335 0.0171875
0 0.286223931862123 0.4671875 0.030387836958138337 0.0171875
0 0.3171383508354838 0.478125 0.027262836958138338 0.0171875
0 0.3480700158545118 0.4703125 0.030387836958138337 0.0171875
0 0.3782350183259698 0.48203125 0.028825336958138336 0.0171875
0 0.409979766843095 0.475 0.03207767095052709 0.0203125
0 0.44167543581645574 0.4859375 0.031950336958138335 0.0171875
0 0.4416900232688857 0.50546875 0.030387836958138337 0.0171875
0 0.41152502079742775 0.49375 0.030387836958138337 0.0171875
0 0.3480846033069417 0.48984375 0.030387836958138337 0.0171875
0 0.28698793581645576 0.4859375 0.030387836958138337 0.0171875
0 0.225923101824067 0.4828125 0.030387836958138337 0.0171875
0 0.2568375207974277 0.49375 0.031950336958138335 0.0171875
0 0.22515643927649687 0.50234375 0.031950336958138335 0.0171875
0 0.19578727425746884 0.51015625 0.031950336958138294 0.0171875
0 0.31874727178601087 0.4984375 0.031950336958138335 0.0171875
0 0.349725357755566 0.5109375 0.028825336958138336 0.0171875
0 0.38062518927649686 0.50234375 0.02869800296574949 0.0140625
0 0.4122890247517604 0.5125 0.028825336958138336 0.0171875
0 0.44248586072131546 0.525 0.028825336958138336 0.0171875
0 0.41155419570228746 0.5328125 0.02869800296574958 0.0140625
0 0.4424686146756482 0.54375 0.028825336958138336 0.0171875
0 0.38057610973273237 0.5203125 0.030387836958138337 0.0171875
0 0.3497081117098987 0.5296875 0.030387836958138337 0.0171875
0 0.3187300257403436 0.5171875 0.030387836958138337 0.0171875
0 0.28781560676698287 0.50625 0.031950336958138335 0.0171875
0 0.25844644174795484 0.5140625 0.031950336958138335 0.0171875
0 0.28786202771750996 0.5265625 0.03182300296574958 0.0140625
0 0.3195258631927735 0.53671875 0.031950336958138335 0.0171875
0 0.3504402821661342 0.54765625 0.03026050296574958 0.0140625
0 0.38143561418135663 0.54140625 0.02869800296574958 0.0140625
0 0.22595227672892673 0.521875 0.031950336958138335 0.0171875
0 0.1965831117098987 0.5296875 0.03351283695813834 0.0171875
0 0.1648383631927735 0.53671875 0.03357650395433272 0.01875
0 0.22671628068325944 0.540625 0.031950336958138335 0.0171875
0 0.19737894916232862 0.54921875 0.031950336958138335 0.0171875
0 0.16638361714710617 0.55546875 0.030451503954332715 0.01875
0 0.19811111961856412 0.5671875 0.03182300296574954 0.0140625
0 0.16799253809763326 0.57578125 0.031950336958138335 0.0171875
0 0.198125707070994 0.58671875 0.03351283695813834 0.0171875
0 0.22827612209002207 0.57890625 0.031950336958138335 0.0171875
0 0.25920778710905007 0.57109375 0.031950336958138335 0.0171875
0 0.25847561665281454 0.553125 0.03351283695813834 0.0171875
0 0.2568985292003847 0.53359375 0.031950336958138335 0.0171875
0 0.3203217006452034 0.55625 0.031950336958138335 0.0171875
0 0.28859419817374543 0.54453125 0.031950336958138335 0.0171875
0 0.2893582021280781 0.56328125 0.030387836958138337 0.0171875
0 0.32111753809763327 0.57578125 0.028825336958138336 0.0171875
0 0.35123611961856416 0.5671875 0.030387836958138337 0.0171875
0 0.38141836813568936 0.56015625 0.030387836958138337 0.0171875
0 0.41230095361095287 0.5703125 0.03364017095052709 0.0203125
0 0.4425150356261753 0.5640625 0.028825336958138336 0.0171875
0 0.4409034560824108 0.58203125 0.028825336958138336 0.0171875
0 0.4138780410633828 0.58984375 0.028825336958138336 0.0171875
0 0.3814011220900221 0.57890625 0.030387836958138337 0.0171875
0 0.35203195707099405 0.58671875 0.030387836958138337 0.0171875
0 0.38138387604435475 0.59765625 0.031950336958138335 0.0171875
0 0.41229829501771553 0.60859375 0.03026050296574958 0.0140625
0 0.44326179353484074 0.6015625 0.028825336958138336 0.0171875
0 0.38292912999868745 0.61640625 0.030387836958138337 0.0171875
0 0.35201471102532667 0.60546875 0.030387836958138337 0.0171875
0 0.32184970855386874 0.59375 0.031950336958138335 0.0171875