0 0.3521016158013282 0.6571478620254936 0.08684933664159918 0.05361587939029935
0 0.44725144996172794 0.6433166453011767 0.08692211124870504 0.05517837939029935
0 0.5463439214256807 0.6286814526791609 0.08372433664159917 0.05359769867214013
0 0.4957103746926683 0.5922672297083281 0.08372433664159917 0.05359769867214013
0 0.4029406778358215 0.6053035608940255 0.08201628742738745 0.050463608313060425
0 0.30846293176476286 0.6214739824388026 0.08684933664159918 0.05361587939029935
0 0.5908602088530681 0.5784360129840111 0.08692211124870504 0.05517837939029953
0 0.3615729691921503 0.571178545768715 0.08201628742738745 0.050463608313060605
0 0.2703293850317506 0.5849870365953328 0.08201628742738745 0.050463608313060425
0 0.45125405335255014 0.5573791453011768 0.07889128742738745 0.050445427594901206
0 0.7249848058337495 0.5159536728213233 0.09004711124870504 0.05519656010845857
0 0.17983066356779784 0.5995722322424107 0.08201628742738745 0.050463608313060605
0 0.6868640676205737 0.5630377510801544 0.08514128742738744 0.05048178903121965
0 0.7622515194398194 0.4704366397420319 0.08514128742738727 0.05048178903121965
0 0.5417163875129499 0.5435751996540988 0.08201628742738745 0.050463608313060605
0 0.5820717138154669 0.4988212358566481 0.08201628742738745 0.050463608313060425
0 0.7993726838316775 0.4280446066627405 0.08201628742738762 0.050463608313060605
0 0.49551562965506707 0.5126024556060271 0.07889128742738745 0.050445427594901206
0 0.3658837876367844 0.4953927505891752 0.07874573821317572 0.0473204275949012
0 0.45005973449363124 0.4824064163784156 0.07874573821317572 0.0473204275949012
0 0.8574741282073252 0.455042923017715 0.08201628742738762 0.050463608313060605
0 0.8201710272977023 0.5013412060970064 0.09004711124870504 0.05519656010845857
0 0.21725573490791605 0.6345012232654204 0.08201628742738745 0.050463608313060425
0 0.5752994830458892 0.42622407319066563 0.07874573821317572 0.0473204275949012
0 0.49264964888548946 0.4399825670423455 0.07874573821317572 0.0473204275949012
0 0.8332960736164298 0.3872332543016083 0.08194351282028159 0.048901108313060514
0 0.058120483460173976 0.5799733254301609 0.07889128742738745 0.050445427594901206
0 0.09011319210384512 0.614152882709949 0.08201628742738745 0.050463608313060605
0 0.8664018260976292 0.347207697120016 0.07860018899896418 0.04419542759490129
0 0.032713934657992425 0.5473562681503725 0.06542786931598485 0.0473204275949012
0 0.8866736306885243 0.4150400917338217 0.08514128742738762 0.05048178903121965
0 0.27189200082856957 0.29989896428842994 0.056142992142117085 0.03156816256778665
0 0.6322151089769026 0.5289900040070208 0.08201628742738727 0.050463608313060605
0 0.6733880725829725 0.48345024503003026 0.07554796360606986 0.04573974687674216
0 0.6232082901179837 0.45406272687965765 0.07071491439185813 0.04258747579950324
0 0.7113632615819365 0.4394911667711991 0.07242296360606985 0.04572156615858276
0 0.4066521827982202 0.5256160608940255 0.07554796360606986 0.04573974687674198
0 0.31856998594137337 0.5386251210024842 0.07554796360606986 0.04573974687674216
0 0.23123265178097357 0.5524108859314029 0.07540241439185813 0.04261474687674198
0 0.14311406762057377 0.5662011960398615 0.07874573821317572 0.0473204275949012
0 0.10944969706624383 0.5343744791191529 0.07071491439185813 0.04258747579950324
0 0.1951881439230907 0.5213790545493138 0.07540241439185813 0.04261474687674198
0 0.28092659077993754 0.5083836299794745 0.07383991439185814 0.04260565651766246
0 0.07798352729770221 0.5056591266598248 0.07064213978475228 0.04102497579950324
0 0.16063336145810198 0.49190063280814494 0.07056936517764645 0.03946247579950324
0 0.24402805831494884 0.4789188437769251 0.0705693651776464 0.03946247579950324
0 0.20861925124285427 0.4510074672152962 0.07227741439185813 0.04259656615858276
0 0.2896338107961482 0.43882056372269584 0.07227741439185813 0.04259656615858276
0 0.535870955957584 0.46784849180857646 0.07227741439185813 0.04259656615858276
0 0.5319690140631359 0.40070189842443477 0.07227741439185813 0.04259656615858276
0 0.45091806720628896 0.41367005191703504 0.07227741439185813 0.04259656615858276
0 0.36986712034944214 0.42663820540963543 0.07227741439185813 0.04259656615858276
0 0.32578748056468987 0.467508645104785 0.07227741439185813 0.04259656615858276
0 0.40925495202864254 0.45296435607356533 0.07383991439185814 0.04260565651766228
0 0.4524699127392283 0.2965052778147341 0.056142992142117265 0.03156816256778665
0 0.4150405332935582 0.3287456060735653 0.060976041356328815 0.034720433645025486
0 0.5248907222925222 0.28436837129707165 0.052945217535011226 0.029987481849627427
0 0.5293384737402643 0.3397962146812134 0.06268409057054072 0.03785452400410509
0 0.660293067206289 0.4124519438003663 0.06915241439185812 0.04257838544042354
0 0.7468127640631359 0.3994519740509873 0.06915241439185812 0.04257838544042354
0 0.7806997665443353 0.3594218716898552 0.06915241439185812 0.04257838544042354
0 0.6980135450803825 0.37396161554153506 0.06580909057054055 0.03787270472226432
0 0.6137648236164297 0.3885104497522946 0.06737159057054072 0.03788179508134393
0 0.1267870543860074 0.46398016588743635 0.06744436517764645 0.03944429508134384
0 0.04882472022560764 0.4777113886618774 0.06253854135632887 0.034729524004105096
0 0.096774222706807 0.43759947306902874 0.06410104135632885 0.034738614363184796
0 0.06906875372405365 0.4119863947120016 0.059413541356328856 0.03471134328594587
0 0.11363854508038251 0.3773614098373121 0.059413541356328856 0.03471134328594587
0 0.15820833643671137 0.34273642496262263 0.052945217535011316 0.029987481849627427
0 0.2321916459900053 0.33059042808588057 0.05450771753501131 0.02999657220870704
0 0.3443491976854164 0.28698080777076757 0.04982021753501122 0.029969301131468208
0 0.3053573182397463 0.3192302263886783 0.05450771753501131 0.02999657220870695
0 0.37770535318593434 0.308655819871016 0.05309076674922295 0.03311248184962743
0 0.34023958643671137 0.34167739812984715 0.060976041356328906 0.034720433645025486
0 0.2647665514905233 0.3522699853656688 0.059413541356328814 0.03471134328594587
0 0.18918435463367644 0.36520632260149044 0.05785104135632881 0.03470225292686626
0 0.14383331327734758 0.39983585265571975 0.06573631596343472 0.036310204722264317
0 0.17704391956365387 0.42463586475596815 0.06737159057054054 0.03788179508134384
0 0.25333459181339485 0.41325748234060666 0.0705693651776464 0.03946247579950324
0 0.21859787283064153 0.3876853105994379 0.06580909057054055 0.03787270472226432
0 0.2964510450803825 0.3762978378249968 0.06424659057054054 0.03786361436318471
0 0.37434060463367647 0.3641291150505558 0.060976041356328906 0.034720433645025486
0 0.3335679013666888 0.40107512402754625 0.06737159057054054 0.03788179508134384
0 0.4122750982235357 0.3881206060735653 0.06737159057054054 0.03788179508134393
0 0.45141252688341743 0.3527461874556545 0.06580909057054055 0.03787270472226432
0 0.48898745554329925 0.3173808591968233 0.059413541356328994 0.03471134328594587
0 0.4894197950803825 0.37517517847866405 0.06737159057054054 0.03788179508134402
0 0.5696531046336764 0.3629928201656035 0.07071491439185813 0.04258747579950315
0 0.6499591887940762 0.34924796185254303 0.06737159057054054 0.03788179508134393
0 0.732609022954476 0.33548946800086316 0.0705693651776464 0.03946247579950324
0 0.8135871952042171 0.3240838145082628 0.0674443651776464 0.03944429508134402
0 0.8449485111676516 0.2879735976857501 0.06424659057054072 0.03786361436318479
0 0.7647152016143578 0.30015595599881056 0.06410104135632881 0.034738614363184706
0 0.7967486056671337 0.266384943996758 0.06261131596343468 0.0362920240041051
0 0.7508196755595099 0.24634515476914656 0.06097604135632899 0.034720433645025486
0 0.7180777961138398 0.27855821195073893 0.06253854135632882 0.034729524004105096
0 0.64011546195344 0.29228943472518 0.06729881596343468 0.036319295081344016
0 0.6072644205971112 0.3268462419067723 0.06729881596343468 0.036319295081344016
0 0.6859352301504051 0.3146729739527915 0.0690068651776464 0.03945338544042354
0 0.5645332650965932 0.30522577196100165 0.06410104135632881 0.034738614363184706
0 0.674456228702663 0.259286037184508 0.05785104135632881 0.03470225292686626
0 0.5996188945422632 0.2729990792407898 0.056142992142117265 0.03156816256778665
0 0.6339232739879334 0.2407769317001179 0.056142992142117265 0.03156816256778665
0 0.5591951017381923 0.2521462237563997 0.057705492142117266 0.031577252926866174