0 0.2805086288985611 0.5795234533258411 0.04585101087441492 0.05232615909060954
0 0.33037863631293496 0.5452126830333016 0.045723676882026165 0.049201159090609535
0 0.3306770666550022 0.4803280227248761 0.045723676882026075 0.049201159090609535
0 0.3286132064651593 0.6077263198027769 0.04910334486680368 0.05550570616851012
0 0.37943556022921154 0.511669525971287 0.04428851087441492 0.05229888555165907
0 0.32900052562880044 0.6749683668806774 0.04910334486680368 0.05550570616851012
0 0.37899786703556304 0.637532596588138 0.04585101087441501 0.05232615909060954
0 0.3800457138795331 0.5734428230491877 0.04585101087441492 0.05232615909060954
0 0.37963849007698725 0.44912861566286155 0.04585101087441492 0.05232615909060954
0 0.4270480478719218 0.5711360292176979 0.044161176882026254 0.049173885551659066
0 0.42765820152224343 0.6329093262955986 0.04428851087441501 0.05229888555165907
0 0.4714930676435854 0.4780951412304068 0.04259867688202625 0.04914661201270896
0 0.37957618718778735 0.7000871436660387 0.04910334486680377 0.05550570616851012
0 0.47138563829010127 0.5382923015388322 0.04259867688202608 0.04914661201270878
0 0.4248435607235031 0.5101167086008469 0.04428851087441501 0.05229888555165925
0 0.4282683551725649 0.6946826233734992 0.04428851087441501 0.05229888555165907
0 0.4720594589366172 0.5985030986167329 0.04259867688202608 0.04914661201270896
0 0.47192019608503594 0.6594815089251584 0.04259867688202625 0.04914661201270878
0 0.425859574069376 0.4468081850618965 0.04259867688202625 0.04914661201270896
0 0.5140532993547966 0.5656184606294418 0.04103617688202625 0.04911933847375849