0 0.308614263718877 0.5778670173383771 0.03839464206513998 0.04344246515360979
0 0.35142338999900136 0.5389483610777749 0.036741136803468064 0.041825401451278846
0 0.34541558468085976 0.48146324329176 0.036650131541796235 0.040262901451278844
0 0.356604442686307 0.5972420107149552 0.03848564732681172 0.04500496515360961
0 0.39345126627912574 0.5000569866683381 0.03683214206513998 0.04338790145127884
0 0.36256674537361266 0.6555083785009701 0.03857665258848364 0.046567465153609613
0 0.40477663217708076 0.6134920040915333 0.03839464206513998 0.04344246515360979
0 0.39950457422810326 0.556760854454353 0.03683214206513998 0.04338790145127884
0 0.38813370569931227 0.44410708703115775 0.03683214206513989 0.04338790145127867
0 0.44228360842897024 0.5451313844914198 0.03517863680346807 0.041770837748947895
0 0.44751016374711183 0.6026437841286001 0.03683214206513981 0.04338790145127884
0 0.4748146583442656 0.45511401970062987 0.03352513154179633 0.04015377404661713
0 0.4115656874952224 0.6709498400263827 0.0384856473268119 0.045004965153609786
0 0.4802232241857509 0.5095014193378102 0.03517863680346807 0.041770837748947895
0 0.4361392952183209 0.48999001670540493 0.03526964206513998 0.043333337748947896
0 0.4543902243269253 0.6585391200634495 0.03526964206513998 0.043333337748947896
0 0.48558628739640025 0.5646700689749904 0.03517863680346807 0.041770837748947895
0 0.49177610323788556 0.6190301867610053 0.03517863680346807 0.041770837748947895
0 0.42999498200767156 0.43484864891939007 0.03526964206513981 0.043333337748947896
0 0.5213186610456887 0.526778199374877 0.03196263154179633 0.04009921034428636