0 0.6396885696086766 0.6318354199156857 0.08105142319868044 0.04780224801081765
0 0.5442396772888085 0.6282569812619578 0.08105142319868044 0.04780224801081765
0 0.4456430529156291 0.6239336552753209 0.07948892319868044 0.04778406667727229
0 0.49363427203681676 0.5811734432686393 0.07792642319868044 0.04776588534372692
0 0.5859808964099962 0.5855694945894581 0.077835494985435 0.04464088534372675
0 0.6799582169431095 0.5922911145767313 0.08261392319868044 0.04782042934436319
0 0.39898936177026006 0.5783671639481387 0.08261392319868044 0.04782042934436319
0 0.6239295257977405 0.5468337112508219 0.07939799498543501 0.044659066677272284
0 0.7146909181176084 0.5504666939051862 0.077835494985435 0.04464088534372692
0 0.5354891514245611 0.5423922065961395 0.07627299498543501 0.04462270401018138
0 0.26161974241164565 0.5307301899665925 0.08417642319868043 0.04783861067790855
0 0.8055205065974105 0.5564434265595504 0.07939799498543501 0.04465906667727211
0 0.301909773290458 0.5724631566279563 0.082522994985435 0.04469542934436319
0 0.2220882294795219 0.48820688263845585 0.080960494985435 0.04467724801081765
0 0.44470502705138165 0.5379779739417755 0.07939799498543501 0.04465906667727211
0 0.40131272822588065 0.49706261994750245 0.07939799498543501 0.044659066677272284
0 0.18267037681395484 0.4495898253103192 0.07939799498543505 0.04465906667727211
0 0.48821333465237143 0.5023035559357302 0.07627299498543501 0.04462270401018138
0 0.6147159986798518 0.47191552725177655 0.07461956677218975 0.041479522676635835
0 0.5302046063599837 0.46820981926323046 0.07618206677218975 0.04149770401018138
0 0.1273978551063425 0.48383810331795524 0.07783549498543504 0.04464088534372675
0 0.1661253859851549 0.5255892513128646 0.08417642319868043 0.04783861067790855
0 0.7706968772096663 0.5951428472310957 0.07939799498543518 0.04465906667727211
0 0.40312762932123725 0.42514216661363874 0.07461956677218975 0.041479522676635835
0 0.486121985747728 0.4304285559357302 0.07461956677218975 0.041479522676635835
0 0.14646845236163317 0.4140614053150918 0.0777445667721897 0.041515885343726744
0 0.9241652065182683 0.5245838045433239 0.07627299498543501 0.04462270401018138
0 0.8955461130239012 0.5616479998806874 0.07783549498543536 0.04464088534372692
0 0.11102504585600018 0.37774264465309154 0.07452863855894436 0.03835452267663584
0 0.9535882820659467 0.48829176853918776 0.07461956677218992 0.041479522676635835
0 0.09505671654739814 0.44670172998886415 0.08096049498543507 0.04467724801081765
0 0.6947431648189032 0.267790553906777 0.052335389812585655 0.027162484006999676
0 0.353898170624891 0.5327824912874112 0.0778354949854351 0.04464088534372675
0 0.31050587179938993 0.49186713729313825 0.07305706677218975 0.04146134134309047
0 0.35718464350700224 0.45771885662000217 0.0682331744523216 0.03671929734245403
0 0.2703067691338229 0.4532591706317743 0.06993206677218974 0.04142497867599957
0 0.5766309769722394 0.5059638105904126 0.07305706677218975 0.04146134134309047
0 0.6642901013454188 0.5104144059118677 0.07305706677218975 0.04146134134309047
0 0.7511679757185983 0.5148740919000956 0.07296613855894449 0.038336341343090295
0 0.8388271000917775 0.5193246872215506 0.07618206677218957 0.04149770401018138
0 0.8706393897460785 0.4845678792170963 0.06823317445232177 0.03671929734245403
0 0.7861052653728992 0.4800809212285503 0.07296613855894449 0.038336341343090476
0 0.6992501230530312 0.47640248524032247 0.0714036385589445 0.03831816000954511
0 0.9001761255603136 0.4521820932129601 0.06662521034569906 0.03513861600890866
0 0.8164232511871342 0.4476860445576413 0.06662521034569906 0.03513861600890884
0 0.7342101447606435 0.44239056456877723 0.06662521034569906 0.03513861600890866
0 0.7669173446815012 0.4115309158975502 0.0698411385589445 0.03829997867599957
0 0.6863122023616332 0.4077797545751406 0.06984113855894432 0.03829997867599957
0 0.44484376788018165 0.46216945194145725 0.06984113855894432 0.03829997867599957
0 0.4444513112954064 0.39496377060791177 0.06984113855894432 0.03829997867599957
0 0.5250791856685858 0.3994961819303214 0.06984113855894432 0.03829997867599957
0 0.6057070600417651 0.40402859325273094 0.06984113855894432 0.03829997867599957
0 0.6520879665473982 0.4402200845799131 0.06984113855894432 0.03829997867599957
0 0.569070878067596 0.43415244525782165 0.0714036385589445 0.03831816000954511
0 0.5162233597251961 0.28315356659773044 0.052335389812585474 0.027162484006999676
0 0.5553456956977156 0.31161437392586705 0.05867631802583091 0.03036020934118149
0 0.44421196740532787 0.2793024079408209 0.04921038981258548 0.02712612133990877
0 0.4434821931904331 0.3347984299411391 0.058767246239076344 0.03348520934118149
0 0.31859350494805794 0.42065520862509287 0.0666706744523216 0.036701116008908664
0 0.23249688057487852 0.4161864319700923 0.0666706744523216 0.036701116008908664
0 0.19627222406924552 0.37987676197486475 0.0666706744523217 0.036701116008908664
0 0.27770408049573625 0.3851813326305017 0.06189224623907634 0.033521572008272396
0 0.3630649189755383 0.39122169995227496 0.06345474623907635 0.03353975334181784
0 0.8483264690546806 0.4160542365531871 0.06345474623907635 0.03353975334181776
0 0.9266333254811713 0.4213951698759148 0.060238818025830906 0.030378390674726852
0 0.8763916330821611 0.3868116318825963 0.06180131802583091 0.030396572008272303
0 0.9029170291629527 0.358368458545551 0.05711381802583091 0.030342028007636034
0 0.8559594611371217 0.32921730788514164 0.05711381802583091 0.030342028007636034
0 0.8090018931112908 0.30006615722473223 0.04921038981258548 0.02712612133990877
0 0.7353825366848001 0.2946706799013682 0.052335389812585655 0.027162484006999676
0 0.6211465404457238 0.26317632658341295 0.046039925705962756 0.025527258672817865
0 0.6625898943649322 0.2908286119112314 0.052335389812585474 0.027162484006999676
0 0.5898199840983753 0.28776779392109453 0.04930131802583091 0.03025112133990877
0 0.628942320070895 0.31622860124923113 0.05867631802583091 0.03036020934118149
0 0.704078712390763 0.32004339723904984 0.05711381802583091 0.030342028007635947
0 0.7800190867639424 0.3246303525620957 0.05555131802583091 0.030323846674090583
0 0.8269993868430847 0.35456275322250513 0.06336381802583091 0.030414753341817757
0 0.7965450087089817 0.382270129893414 0.06345474623907635 0.03353975334181776
0 0.7206273663891135 0.37846442457036805 0.06662521034569906 0.03513861600890866
0 0.7518402624699053 0.3499667072326864 0.06189224623907634 0.033521572008272396
0 0.6743828522033486 0.34696043324318593 0.060329746239076346 0.03350339067472685
0 0.5969027098834806 0.3431729092536855 0.05867631802583091 0.03036020934118149
0 0.6400222240692456 0.3747132632479585 0.06345474623907635 0.03353975334181776
0 0.5609568496960662 0.3701626705920035 0.06345474623907635 0.03353975334181776
0 0.5202038175636126 0.33937629459741225 0.06189224623907634 0.033521572008272396
0 0.48099055337784763 0.30779048726927566 0.05711381802583091 0.030342028007635947
0 0.48421249326957544 0.3648035559357302 0.06345474623907635 0.03353975334181776
0 0.4044340650563301 0.36260580394654796 0.06823317445232177 0.0367192973424542
0 0.3245647086298393 0.3572830519573656 0.06345474623907635 0.03353975334181776
0 0.24154762015003728 0.35121541263527417 0.06662521034569897 0.03513861600890866
0 0.16096520988348056 0.3482455013128646 0.06345474623907629 0.03353975334181776
0 0.1272206956977156 0.3165960593173189 0.0603297462390763 0.03350339067472685
0 0.2070218559642723 0.31957506130650126 0.06180131802583091 0.030396572008272393
0 0.17332280588513002 0.2894881193109556 0.060238818025830906 0.030378390674726852
0 0.21790788017916712 0.26396086063813773 0.05867631802583091 0.03036020934118149
0 0.2515841982049981 0.2932665526336834 0.060238818025830906 0.030378390674726852
0 0.3306723046314888 0.2985983952896384 0.0649263180258309 0.0304329346753633
0 0.36519806881725375 0.3302387466184113 0.0649263180258309 0.03043293467536321
0 0.28613269444407435 0.32568815396245626 0.06501724623907634 0.03355793467536321
0 0.40585416105797956 0.303975691279457 0.06180131802583091 0.030396572008272393
0 0.29308973660565785 0.26933815662795635 0.05555131802583091 0.030323846674090583
0 0.36827159303214857 0.27471545261777497 0.052335389812585655 0.027162484006999676
0 0.333055507059629 0.2462091919557748 0.052335389812585655 0.027162484006999676
0 0.40743338143280833 0.25081432861236613 0.05546038981258565 0.02719884667409058