0 0.4829075712524128 0.59609375 0.04889203333863605 0.0390625
0 0.41640132391791285 0.6046875 0.0551965773392725 0.04375
0 0.5501496152530491 0.59140625 0.05363407733927232 0.04375
0 0.3475513265834129 0.61328125 0.056795440006363315 0.046875
0 0.41726384257641325 0.66484375 0.0536340773392725 0.04375
0 0.6135126812540037 0.584375 0.0551965773392725 0.04375
0 0.5502581559118677 0.64921875 0.0536340773392725 0.04375
0 0.5134314125955033 0.52421875 0.0536340773392725 0.04375
0 0.3804280085932761 0.540625 0.0551965773392725 0.04375
0 0.5783569785964577 0.5171875 0.0536340773392725 0.04375
0 0.34996725457514055 0.67421875 0.05363407733927241 0.04375
0 0.453982045233959 0.73203125 0.055232940006363404 0.046875
0 0.615974062579595 0.64140625 0.05363407733927232 0.04375
0 0.5204973832352318 0.72265625 0.05363407733927232 0.04375
0 0.48531440857736774 0.6578125 0.0536340773392725 0.04375
0 0.38515022923300457 0.7390625 0.05519657733927241 0.04375
0 0.44693425592777614 0.53203125 0.05363407733927232 0.04375
0 0.5862223805697317 0.7140625 0.05363407733927232 0.04375
0 0.27950076058245843 0.6203125 0.05837612133990877 0.0484375
0 0.6792194972549581 0.57734375 0.055232940006363404 0.046875
0 0.3115871019255489 0.5484375 0.0551965773392725 0.04375
0 0.6456353852641851 0.509375 0.05363407733927232 0.04375
0 0.6824712192473221 0.63359375 0.0536340773392725 0.04375
0 0.28112634790741337 0.68203125 0.0536340773392725 0.04375
0 0.5452359432686393 0.4765625 0.05363407733927232 0.04375
0 0.4122598112667303 0.490625 0.056759077339272504 0.04375
0 0.3170723912317319 0.7484375 0.0551965773392725 0.04375
0 0.4198155832272776 0.78125 0.0551965773392725 0.04375
0 0.6535098779042317 0.70546875 0.05363407733927232 0.04375
0 0.5559621685630501 0.76328125 0.05363407733927232 0.04375
0 0.4782757099379574 0.45703125 0.056759077339272504 0.04375
0 0.4899008165579596 0.80078125 0.0536340773392725 0.04375