0 0.7465131660250119 0.2565105594366316 0.050530621018452494 0.03650112133990877
0 0.68939091076334 0.2574094407622229 0.055491136803468066 0.04124316534054504
0 0.6368196476091604 0.26070661608845047 0.045661110495108834 0.033321577339272504
0 0.5828678949783246 0.26086061008113265 0.048877115756780755 0.03492044000636332
0 0.5279528818241449 0.2641305134070421 0.045661110495108834 0.033321577339272504
0 0.47239312656247306 0.2650475760661788 0.04896812101845249 0.03648294000636341
0 0.39642986603912933 0.2672907813892247 0.05218412628012441 0.03808180267345422
0 0.34477636077745755 0.26825329738222503 0.045661110495108834 0.033321577339272504
0 0.29156035551578563 0.2691976320416799 0.045661110495108834 0.033321577339272504
0 0.23751759762327787 0.27091412603436205 0.04557010523343692 0.0317590773392725
0 0.18586409236160603 0.27187664202736234 0.04253611049510884 0.033285214672181596
0 0.12952308709993418 0.2727846140197264 0.045661110495108834 0.033321577339272504
0 0.8010340660532467 0.28685258744426767 0.05034861049510866 0.03337612133990877
0 0.7438663081607391 0.2885327187698589 0.04557010523343692 0.0317590773392725
0 0.6922583055299031 0.2887139847628592 0.04547909997176518 0.03019657733927241
0 0.6366075450065594 0.2911935474219959 0.04547909997176518 0.0301965773392725
0 0.5802210371140516 0.29288276941435987 0.04557010523343692 0.0317590773392725
0 0.5270050318523797 0.29382710407381485 0.04557010523343692 0.0317590773392725
0 0.475306023959872 0.29557087006681515 0.04557010523343692 0.0317590773392725
0 0.4025132660673642 0.2970691880569519 0.04557010523343692 0.0317590773392725
0 0.3485160108056924 0.2980044320496341 0.04547909997176518 0.0301965773392725
0 0.2959902502823487 0.30052035737586164 0.045661110495108834 0.033321577339272504
0 0.24433674502067682 0.301482873368862 0.04896812101845249 0.03648294000636341
0 0.19112073975900498 0.30242720802831685 0.045479099971765094 0.0301965773392725
0 0.14024848449733313 0.30339881468808994 0.04244510523343701 0.031722714672181594
0 0.08854947660482534 0.30514258068109024 0.045479099971765136 0.0301965773392725
0 0.8525664739739895 0.31481450278481277 0.05034861049510866 0.03337612133990877
0 0.7985237160814818 0.31653099677749486 0.04547909997176518 0.0301965773392725
0 0.743654205558138 0.3190196501034043 0.04547909997176518 0.0301965773392725
0 0.6896569502964661 0.31995489409608646 0.04244510523343692 0.031722714672181594
0 0.6365319502964661 0.31933672875554137 0.04547909997176518 0.0301965773392725
0 0.5831339345114506 0.3234060634149962 0.04557010523343692 0.0317590773392725
0 0.5299179292497788 0.3243503980744511 0.04253611049510884 0.033285214672181596
0 0.47665642135727093 0.326075982733906 0.04547909997176518 0.0301965773392725
0 0.40464491346476317 0.32758339139081555 0.04235409997176518 0.030160214672181596
0 0.35386366346476317 0.3269924980505886 0.04235409997176509 0.030160214672181596
0 0.3029004029414195 0.3295266047103616 0.04547909997176518 0.0301965773392725
0 0.2512468976797476 0.3304891207033619 0.04557010523343692 0.0317590773392725
0 0.19950238715640392 0.33301413669636226 0.04235409997176513 0.030160214672181596
0 0.14941138189473208 0.333994834022908 0.045479099971765136 0.0301965773392725
0 0.09702212926389615 0.3341670093491357 0.045570105233436964 0.0317590773392725
0 0.0438061240022243 0.33511134400859055 0.045479099971765136 0.0301965773392725
0 0.8502458398013573 0.3546582527848128 0.04547909997176518 0.0301965773392725
0 0.7946860845396854 0.35557531544394944 0.04244510523343692 0.031722714672181594
0 0.7429870766471776 0.35731908143694974 0.04547909997176518 0.0301965773392725
0 0.6866005687546699 0.3590083034293138 0.04235409997176518 0.030160214672181596
0 0.636509563492998 0.35998900075585955 0.04235409997176518 0.030160214672181596
0 0.5840748082313262 0.36094242608208715 0.04235409997176518 0.030160214672181596
0 0.5323302977079825 0.36346744207508747 0.04547909997176518 0.03019657733927241
0 0.4814580424463106 0.3644390487348605 0.04235409997176518 0.030160214672181596
0 0.4109635319229669 0.3667458887253155 0.04226309471009326 0.028597714672181595
0 0.360136779292131 0.3669362453850885 0.03904708944842143 0.02699885200509069
0 0.3093100266612951 0.3671266020448616 0.03913809471009326 0.02856135200509069
0 0.2583922687687873 0.3688794587046346 0.04235409997176518 0.030160214672181596
0 0.2091280161379514 0.3690879966979531 0.04235409997176509 0.030160214672181596
0 0.1573835056146077 0.3716130126909534 0.04235409997176513 0.030160214672181596
0 0.10729250035293585 0.3725937100174992 0.045388094710093266 0.0286340773392725
0 0.056465747722099925 0.37278406667727226 0.04235409997176513 0.030160214672181596
0 0.8995255029837719 0.3810303961250397 0.04547909997176518 0.0301965773392725
0 0.845437242460428 0.38352814011772185 0.04547909997176518 0.0301965773392725
0 0.7929569845679203 0.3852628154439494 0.045388094710093266 0.0286340773392725
0 0.7405677319370844 0.38543499077017707 0.04226309471009344 0.028597714672181595
0 0.6872607214137407 0.38794182542963196 0.042172089448421345 0.027035214672181597
0 0.6364339687829048 0.3881321820894049 0.03904708944842135 0.02699885200509069
0 0.583172460890397 0.3898577667488598 0.04226309471009344 0.028597714672181595
0 0.5338627056287251 0.39084755474217836 0.03913809471009326 0.02856135200509069
0 0.48225470299788925 0.3910288207351787 0.042172089448421345 0.027035214672181597
0 0.8971061582736783 0.409146305458267 0.04235409997176518 0.030160214672181596
0 0.8438901530120066 0.4100906401177219 0.04538809471009344 0.0286340773392725
0 0.7914098951194989 0.4118253154439494 0.04226309471009344 0.028597714672181595
0 0.739756389857827 0.41278783143694975 0.04235409997176518 0.030160214672181596
0 0.6881483872269911 0.4129690974299501 0.042172089448421345 0.027035214672181597
0 0.6364493793344833 0.4147128634229504 0.04226309471009326 0.028597714672181595
0 0.5863583740728114 0.41569356074949615 0.04226309471009326 0.028597714672181595
0 0.5354861188111396 0.4166651674092693 0.03904708944842135 0.02699885200509069
0 0.48613086091863184 0.41843620540258775 0.038956084186749604 0.02543635200509069
0 0.893996568825257 0.43569062412472154 0.04235409997176518 0.030160214672181596
0 0.8391725609327493 0.43739802745063094 0.042172089448421345 0.027035214672181597
0 0.7882093004094056 0.439932134110404 0.04547909997176518 0.030196577339272324
0 0.7381637977785698 0.44013158143694986 0.042172089448421345 0.027035214672181597
0 0.6881182951477337 0.4403310287634955 0.042172089448421345 0.027035214672181597
0 0.6364647898860619 0.44129354475649585 0.042172089448421345 0.027035214672181597
0 0.58715503462439 0.4422833327498143 0.04226309471009326 0.028597714672181595
0 0.5370640293627181 0.44326403007636017 0.03904708944842135 0.02699885200509051
0 0.4877542741010464 0.4442538180696786 0.04547909997176518 0.0301965773392725
0 0.8893244793768357 0.46221676145763063 0.04538809471009344 0.0286340773392725
0 0.8384977267459999 0.46240711811740365 0.0421720894484217 0.027035214672181597
0 0.7875799688534919 0.46415997477717674 0.04235409997176518 0.030160214672181596
0 0.7358809609609841 0.46590374077017704 0.042172089448421345 0.027035214672181597
0 0.6866622109609841 0.4653310287634955 0.042172089448421345 0.027035214672181597
0 0.6372159478068046 0.468664566756814 0.04547909997176518 0.030196577339272324
0 0.5872159478068045 0.46808276408335986 0.04235409997176518 0.030160214672181596
0 0.5395596978068046 0.46752823341022376 0.04226309471009326 0.028597714672181595
0 0.49098568991429675 0.4693083620703149 0.04235409997176518 0.030160214672181596
0 0.885759863620055 0.4965735801240852 0.042172089448421345 0.027035214672181597
0 0.8348421057275471 0.4983264367838583 0.04538809471009344 0.028634077339272323
0 0.7855323504658753 0.49931622477717674 0.045388094710093266 0.0286340773392725
0 0.7354868478350394 0.4995156721037225 0.04226309471009326 0.028597714672181595
0 0.6854413452042035 0.4997151194302683 0.04226309471009326 0.028597714672181595
0 0.6376940899425316 0.5007230887571322 0.04235409997176518 0.030160214672181596
0 0.5892110873116957 0.5009407174172235 0.042172089448421345 0.027035214672181597
0 0.542199579419188 0.5027390274108601 0.038956084186749604 0.025436352005090514
0 0.495233574157516 0.5037560874044967 0.042172089448421345 0.027035214672181597
0 0.8835225294333053 0.5215644894573124 0.042172089448421345 0.027035214672181597
0 0.8334315241716336 0.5225451867838583 0.03895608418674925 0.025436352005090514
0 0.7841672715407976 0.5227537247771767 0.038956084186749604 0.02543635200509069
0 0.7356842689099616 0.522971353437268 0.042172089448421345 0.027035214672181597
0 0.6855477610174538 0.5247333007638136 0.042172089448421345 0.027035214672181597
0 0.6386727610174538 0.5241878607574504 0.04529708944842135 0.027071577339272325
0 0.5900987531249461 0.5259679894175415 0.04529708944842135 0.027071577339272502
0 0.5415702478632742 0.5269668680776328 0.038956084186749604 0.02543635200509069
0 0.49625774786327426 0.5264396094048148 0.038956084186749604 0.025436352005090514
0 0.8813306978773916 0.5457741487905398 0.04226309471009344 0.028597714672181595
0 0.8336744478773916 0.5452196181174036 0.0421720894484217 0.027035214672181597
0 0.7836744478773916 0.5446378154439494 0.038956084186749604 0.02543635200509069
0 0.7350094347232121 0.5479804441040407 0.03583108418674961 0.025399989337999786
0 0.6865719347232121 0.5474168227641318 0.038956084186749604 0.02543635200509069
0 0.6396059294615403 0.5484338827577686 0.038956084186749604 0.02543635200509069
0 0.5919041768307043 0.5486606020846325 0.03904708944842135 0.02699885200509069
0 0.5425489189381965 0.550431640077951 0.042172089448421345 0.027035214672181597
0 0.49806317156903246 0.5491322220719057 0.038956084186749604 0.02543635200509069
0 0.829138866321478 0.5694020054503128 0.038956084186749604 0.02543635200509069
0 0.783090618952314 0.5680844061107222 0.042172089448421525 0.027035214672181597
0 0.41488519247454547 0.3933720233927246 0.04226309471009326 0.028597714672181595
0 0.36396743458203773 0.3951248800524976 0.03913809471009326 0.02856135200509069
0 0.31548443195120185 0.3953425087125888 0.038956084186749604 0.02543635200509069
0 0.26383092668952995 0.39630502470558915 0.038956084186749604 0.02543635200509069
0 0.21447566879702218 0.3980760626989076 0.03904708944842143 0.02699885200509069
0 0.16525691879702217 0.39750335069222614 0.03913809471009326 0.02856135200509069
0 0.11590166090451441 0.3992743886855446 0.03895608418674956 0.02543635200509069
0 0.4171988503952882 0.42076122672658817 0.042172089448421345 0.027035214672181597
0 0.3687158477644522 0.4209788553866794 0.038956084186749604 0.02543635200509069
0 0.3210140951336163 0.4212055747135433 0.038956084186749604 0.02543635200509069
0 0.26931508724110853 0.4229493407065436 0.038956084186749604 0.02543635200509069
0 0.4219927662085386 0.44583395206077 0.038956084186749604 0.02543635200509069
0 0.3719927662085386 0.44525214938731567 0.038956084186749604 0.025436352005090514
0 0.32259200568519486 0.4478044373806342 0.038956084186749604 0.02543635200509069
0 0.274844750423523 0.4488124067074981 0.042172089448421435 0.027035214672181597
0 0.22074107934860074 0.42472946936663486 0.038956084186749604 0.02543635200509069
0 0.17225807671776483 0.424947098026726 0.042172089448421435 0.027035214672181597
0 0.12299382408692891 0.4251556360200445 0.038956084186749604 0.02543635200509069
0 0.42444293202178895 0.4708794053946336 0.042172089448421345 0.027035214672181597
0 0.37517867939095306 0.471087943387952 0.038956084186749604 0.02543635200509069
0 0.32743142412928117 0.47209591271481594 0.038956084186749604 0.025436352005090514
0 0.2804199162367734 0.4738942227084526 0.038956084186749604 0.02543635200509069
0 0.2327181636059375 0.4741209420353165 0.042172089448421435 0.027035214672181597
0 0.22631624516185117 0.44981128536758935 0.038956084186749604 0.02543635200509069
0 0.17778773990017932 0.4508101640276806 0.042172089448421435 0.027035214672181597
0 0.13004048463850748 0.45181813335454446 0.04226309471009326 0.028597714672181595
0 0.18423516097510156 0.47433857069540775 0.038956084186749604 0.02543635200509069
0 0.19649296629324317 0.5323328840308623 0.042172089448421435 0.027035214672181597
0 0.08086723726934339 0.45046417134786293 0.03895608418674956 0.02543635200509069
0 0.06498390301200664 0.4010272453453176 0.042172089448421435 0.027035214672181597
0 0.01686309886810868 0.3996551020050907 0.03372619773621736 0.02543635200509069
0 0.023593063563585204 0.4271261213399088 0.042172089448421435 0.027035214672181597
0 0.07285731619442112 0.4269175833465903 0.03895608418674958 0.02543635200509069
0 0.03381022674599969 0.4530437313414996 0.03895608418674958 0.02543635200509069
0 0.04182014782092196 0.47659031934277235 0.03895608418674958 0.025436352005090514
0 0.08961290571342974 0.47480110001590836 0.03895608418674958 0.02543635200509069
0 0.05231803206414128 0.5111107700111358 0.03730257892507773 0.023855670671545325
0 0.05885645840073539 0.533076676678863 0.03895608418674958 0.02543635200509069
0 0.09928403732581312 0.5100937100174991 0.042172089448421435 0.027035214672181597
0 0.14703129258748499 0.5090857406906353 0.038956084186749604 0.02543635200509069
0 0.192343792587485 0.5096129993634532 0.042172089448421435 0.027035214672181597
0 0.23935530047999273 0.5078146893698164 0.038956084186749604 0.025436352005090514
0 0.2878838057416646 0.5068158107097254 0.038956084186749604 0.02543635200509069
0 0.3332873110033365 0.5057805693825432 0.03730257892507769 0.02385567067154515
0 0.3801623110033364 0.5063260093889065 0.038956084186749604 0.02543635200509069
0 0.42878182152668015 0.5037646307288153 0.038956084186749604 0.025436352005090514
0 0.43049623997076647 0.5280197433959062 0.038956084186749604 0.02543635200509069
0 0.3866552347090947 0.5290731660566338 0.038956084186749604 0.02543635200509069
0 0.3389989847090947 0.5285186353834976 0.03730257892507769 0.023855670671545325
0 0.2912517294474228 0.5295266047103616 0.038956084186749604 0.02543635200509069
0 0.24658397155491502 0.5313521867043164 0.038956084186749604 0.025436352005090514
0 0.13483440045175787 0.4768908586887262 0.042172089448421435 0.027035214672181597
0 0.15113496366240725 0.5325868753580443 0.038956084186749604 0.02543635200509069
0 0.10651270840073539 0.5336312073519991 0.042172089448421435 0.027035214672181597
0 0.43459991104568874 0.5515208780633152 0.038956084186749604 0.025436352005090514
0 0.38772491104568874 0.5509754380569519 0.038956084186749604 0.02543635200509069
0 0.342275903153181 0.5527919293841339 0.03730257892507769 0.023855670671545325
0 0.29613665052234506 0.5530368300445434 0.038956084186749604 0.02543635200509069
0 0.24838939526067322 0.5540447993714073 0.04208108418674961 0.025472714672181596
0 0.20615639262983726 0.5543351533656804 0.03583108418674961 0.025399989337999786
0 0.15680113473732948 0.5561061913589989 0.038956084186749604 0.02543635200509069
0 0.1122698847373295 0.5555880233529537 0.03583108418674956 0.025399989337999786
0 0.06764762947565765 0.5566323553469085 0.03895608418674958 0.02543635200509069
0 0.11949855581225177 0.5791255206874537 0.03417757892507774 0.023819308004454243
0 0.16412081107392362 0.5780811886934988 0.038956084186749604 0.02543635200509069
0 0.20952431633559546 0.5770459473663166 0.038956084186749604 0.025436352005090514
0 0.25497332422810326 0.5752294560391346 0.038956084186749604 0.02543635200509069
0 0.2994590715972673 0.5765288740451797 0.038956084186749604 0.02543635200509069
0 0.34568932948977504 0.5747214733847704 0.038956084186749604 0.025436352005090514
0 0.3918740847514469 0.573695322724361 0.038956084186749604 0.02543635200509069
0 0.43727759001311883 0.5726600813971789 0.038956084186749604 0.02543635200509069
0 0.1718122137329944 0.6070965266947714 0.037120568401734035 0.020730670671545326
0 0.21717021636383035 0.6068425353675894 0.03730257892507769 0.023855670671545325
0 0.26096571899466625 0.6065703627068618 0.03417757892507769 0.023819308004454243
0 0.22214614270042446 0.6287902607017711 0.03583108418674961 0.025399989337999786
0 0.2660326505929322 0.6269555880410436 0.038956084186749604 0.02543635200509069
0 0.3047612216255022 0.6062981900461342 0.03399556840173403 0.020694308004454244
0 0.35099147951800996 0.6044907893857248 0.03417757892507769 0.023819308004454243
0 0.3963494821488459 0.6042367980585428 0.03730257892507778 0.023855670671545325
0 0.4393637347796818 0.6039555347310426 0.03417757892507769 0.023819308004454243
0 0.44360391374711183 0.6251129193984516 0.03399556840173403 0.020694308004454244
0 0.39902716111627595 0.6253760013924063 0.03399556840173403 0.020694308004454244
0 0.3536236558546041 0.6264112427195885 0.037120568401734035 0.020730670671545326
0 0.30982815322376817 0.626683415380316 0.03730257892507769 0.023855670671545325
0 0.3148950848220341 0.6470686407144978 0.03583108418674961 0.025399989337999786
0 0.2726165795603623 0.6481402447087709 0.03730257892507769 0.023855670671545325
0 0.40170484008370594 0.64651520472627 0.03399556840173403 0.020694308004454244
0 0.35634683745287005 0.6467691960534522 0.037120568401734035 0.020730670671545326
0 0.4044280216819719 0.6668731580601335 0.03417757892507769 0.023819308004454243
0 0.4455458453453778 0.6454617820655424 0.03583108418674961 0.025399989337999786
0 0.4489592716819719 0.6673913260661788 0.03730257892507769 0.023855670671545325
0 0.7329541110598062 0.569846353437268 0.038956084186749604 0.02543635200509069
0 0.6860336084289702 0.5700821634309046 0.038956084186749604 0.025436352005090514
0 0.6391131057981344 0.5703179734245413 0.038956084186749604 0.02543635200509069
0 0.5928828479056266 0.5721253740849507 0.037302578925077864 0.023855670671545325
0 0.5451810952747906 0.5723520934118145 0.03417757892507769 0.023819308004454243
0 0.49977759001311883 0.5733873347389966 0.038956084186749604 0.02543635200509069
0 0.780443761088041 0.6001065654439495 0.038956084186749604 0.02543635200509069
0 0.7319152558263692 0.6011054441040407 0.038956084186749604 0.02543635200509069
0 0.6849947531955334 0.6013412540976774 0.042172089448421345 0.027035214672181597
0 0.6404635031955334 0.6008230860916322 0.042172089448421345 0.027035214672181597
0 0.5943242505646974 0.6010679867520415 0.038956084186749604 0.02543635200509069
0 0.5480939926721896 0.6028753874124508 0.038956084186749604 0.02543635200509069
0 0.5019547400413537 0.6031202880728603 0.038956084186749604 0.025436352005090514
0 0.5053681663779478 0.6250498320734966 0.03399556840173403 0.020694308004454244
0 0.5064833453453778 0.6461708540738147 0.038956084186749604 0.025436352005090514
0 0.5092520295744797 0.6657475574076784 0.038956084186749604 0.02543635200509069
0 0.5513940269436437 0.6670197034134053 0.038956084186749604 0.02543635200509069
0 0.5487618506070497 0.6450992500795418 0.042172089448421345 0.027035214672181597
0 0.5492091716396196 0.6239964094127691 0.042172089448421345 0.027035214672181597
0 0.5945671742704556 0.623742418085587 0.03730257892507769 0.02385567067154515
0 0.5949466058687215 0.6440730994191324 0.038956084186749604 0.02543635200509069
0 0.6383626769012916 0.6234702454248595 0.038956084186749604 0.025436352005090514
0 0.6852376769012916 0.6240156854312228 0.042172089448421345 0.027035214672181597
0 0.7306866847937993 0.6221991941040407 0.042172089448421345 0.027035214672181597
0 0.6856626111303934 0.6435651167647682 0.038956084186749604 0.02543635200509069
0 0.6410403558687214 0.6446094487587231 0.042172089448421345 0.027035214672181597