0 0.6296875 0.6203125 0.075 0.0390625
0 0.53671875 0.6234375 0.075 0.040625
0 0.440625 0.6265625 0.0734375 0.0390625
0 0.484375 0.58203125 0.071875 0.0390625
0 0.575 0.5796875 0.071875 0.0359375
0 0.66640625 0.57890625 0.0765625 0.0390625
0 0.3921875 0.5859375 0.0765625 0.040625
0 0.61015625 0.5390625 0.0734375 0.0375
0 0.6984375 0.5359375 0.071875 0.0359375
0 0.52265625 0.54140625 0.0703125 0.0359375
0 0.25546875 0.54921875 0.078125 0.0390625
0 0.7875 0.534375 0.0734375 0.0359375
0 0.29765625 0.5875 0.0765625 0.0359375
0 0.2140625 0.51171875 0.075 0.0375
0 0.434375 0.54375 0.0734375 0.0375
0 0.38984375 0.50703125 0.0734375 0.0359375
0 0.1734375 0.4765625 0.0734375 0.0359375
0 0.475 0.50546875 0.0703125 0.0359375
0 0.59609375 0.46640625 0.06875 0.0328125
0 0.5140625 0.46875 0.0703125 0.034375
0 0.121875 0.51328125 0.071875 0.0359375
0 0.1625 0.5515625 0.078125 0.0390625
0 0.75546875 0.575 0.0734375 0.0375
0 0.3875 0.43671875 0.06875 0.0328125
0 0.46875 0.43515625 0.06875 0.0328125
0 0.1359375 0.44375 0.071875 0.034375
0 0.9015625 0.49453125 0.0703125 0.0359375
0 0.875 0.5328125 0.071875 0.0359375
0 0.09921875 0.4109375 0.06875 0.03125
0 0.928125 0.45703125 0.06875 0.0328125
0 0.08828125 0.4796875 0.075 0.0375
0 0.6625 0.2609375 0.05 0.0203125
0 0.3453125 0.5453125 0.071875 0.0359375
0 0.30078125 0.50859375 0.0671875 0.034375
0 0.34453125 0.471875 0.0625 0.03125
0 0.259375 0.4734375 0.0640625 0.0328125
0 0.5609375 0.50234375 0.0671875 0.034375
0 0.646875 0.5 0.0671875 0.0328125
0 0.73203125 0.4984375 0.0671875 0.03125
0 0.81796875 0.49609375 0.0703125 0.0328125
0 0.846875 0.459375 0.0625 0.0296875
0 0.76328125 0.46171875 0.0671875 0.03125
0 0.67890625 0.4640625 0.065625 0.03125
0 0.8734375 0.42578125 0.0625 0.028125
0 0.7921875 0.42734375 0.0625 0.028125
0 0.7109375 0.42890625 0.0625 0.028125
0 0.74140625 0.39609375 0.0640625 0.03125
0 0.6625 0.3984375 0.0640625 0.03125
0 0.43046875 0.46953125 0.0640625 0.03125
0 0.42578125 0.40390625 0.0640625 0.03125
0 0.5046875 0.40234375 0.0640625 0.03125
0 0.584375 0.40078125 0.0640625 0.03125
0 0.63125 0.4328125 0.0640625 0.03125
0 0.55 0.4328125 0.065625 0.0296875
0 0.4890625 0.2890625 0.05 0.021875
0 0.52890625 0.3140625 0.0546875 0.0234375
0 0.41875 0.290625 0.046875 0.0203125
0 0.42109375 0.34453125 0.0546875 0.0265625
0 0.3046875 0.43828125 0.0609375 0.0296875
0 0.2203125 0.440625 0.0609375 0.0296875
0 0.1828125 0.4078125 0.0609375 0.0296875
0 0.26328125 0.40703125 0.0578125 0.028125
0 0.34609375 0.40625 0.059375 0.028125
0 0.82109375 0.39453125 0.059375 0.028125
0 0.89765625 0.39375 0.05625 0.025
0 0.846875 0.3640625 0.0578125 0.0234375
0 0.8703125 0.334375 0.053125 0.025
0 0.8234375 0.30859375 0.053125 0.0234375
0 0.77578125 0.28359375 0.046875 0.021875
0 0.70390625 0.284375 0.0484375 0.021875
0 0.590625 0.26171875 0.04375 0.0203125
0 0.6328125 0.2859375 0.0484375 0.021875
0 0.56171875 0.28828125 0.046875 0.0234375
0 0.6015625 0.31328125 0.0546875 0.0234375
0 0.675 0.3109375 0.053125 0.0234375
0 0.74921875 0.31015625 0.0515625 0.0234375
0 0.796875 0.3359375 0.059375 0.025
0 0.76875 0.365625 0.059375 0.028125
0 0.69375 0.3671875 0.0625 0.0265625
0 0.7234375 0.3375 0.0578125 0.028125
0 0.64765625 0.3390625 0.05625 0.0265625
0 0.571875 0.34140625 0.0546875 0.025
0 0.615625 0.36953125 0.059375 0.0265625
0 0.53828125 0.37109375 0.059375 0.0265625
0 0.496875 0.34375 0.0578125 0.0265625
0 0.45625 0.315625 0.053125 0.0234375
0 0.46328125 0.371875 0.059375 0.028125
0 0.38515625 0.37421875 0.0625 0.0296875
0 0.30703125 0.375 0.059375 0.028125
0 0.22578125 0.37578125 0.0625 0.028125
0 0.146875 0.37890625 0.059375 0.028125
0 0.1125 0.35 0.05625 0.0265625
0 0.190625 0.34765625 0.0578125 0.025
0 0.15546875 0.3203125 0.05625 0.025
0 0.19765625 0.29296875 0.0546875 0.0234375
0 0.2328125 0.31875 0.05625 0.025
0 0.309375 0.31796875 0.0609375 0.0234375
0 0.34453125 0.34609375 0.0609375 0.025
0 0.26796875 0.34765625 0.0609375 0.0265625
0 0.3828125 0.3171875 0.0578125 0.0234375
0 0.271875 0.2921875 0.0515625 0.0234375
0 0.34453125 0.2921875 0.05 0.021875
0 0.30859375 0.2671875 0.05 0.0203125
0 0.38125 0.265625 0.0515625 0.021875