0 0.6008949516098486 0.6331984725891399 0.061669554176610394 0.08348520934118149
0 0.6081744505763913 0.537749612587549 0.06330482878371627 0.08506589067472703
0 0.6153084003287222 0.43917575258595826 0.061669554176610394 0.08348520934118149
0 0.5678726282028158 0.4780297145926397 0.06159677956950453 0.08192270934118148
0 0.5612288300220614 0.5703444839274578 0.058471779569504535 0.08188634667409059
0 0.5562566937519657 0.6649848219287305 0.06337760339082213 0.08662839067472702
0 0.5752249017764643 0.384143354591049 0.0633776033908223 0.08662839067472686
0 0.5165541848606257 0.6013495832670485 0.06010705417661057 0.08346702800763595
0 0.5098739993763182 0.6928831026018666 0.058471779569504535 0.08188634667409059
0 0.5225622822555918 0.5121689045990031 0.05839900496239867 0.08032384667409058
0 0.5426392260120667 0.2383495965945488 0.06345037799792799 0.08819089067472685
0 0.5039022892849051 0.782845031269912 0.05854455417661057 0.0834488466740904
0 0.5808327388323482 0.28636892592300356 0.0602526033908223 0.08659202800763595
0 0.5052633504953381 0.19110242659932125 0.06017982878371626 0.08502952800763604
0 0.530096492347005 0.42218879459741226 0.06003427956950454 0.08190452800763595
0 0.4925022930089587 0.37025412460218476 0.058471779569504535 0.08188634667409059
0 0.4702312249786093 0.1438279846037756 0.056909279569504534 0.08186816534054513
0 0.48720267100688674 0.45786321260345736 0.05683650496239885 0.08030566534054522
0 0.44195229114693185 0.5772041059436844 0.055201230355292806 0.07872498400699968
0 0.4474338496667685 0.4935012679424117 0.055201230355292806 0.07872498400699968
0 0.5110167367654336 0.09645299793127589 0.058471779569504535 0.08188634667409059
0 0.5483562249786094 0.14291891792650338 0.06345037799792799 0.0881908906747269
0 0.5479776209641055 0.7557552725970942 0.0601070541766104 0.08346702800763595
0 0.4200814834556648 0.3593717159452753 0.055201230355292806 0.07872498400699968
0 0.4145635376322752 0.4422933039465479 0.055201230355292806 0.07872498400699968
0 0.4369435359796453 0.10044161127468451 0.05534677956950453 0.08184998400699968
0 0.4567983109965268 0.8959541059436844 0.05832623035529281 0.07876134667409077
0 0.4987482164970448 0.8735791192711847 0.058471779569504535 0.08188634667409075
0 0.4045098715877872 0.05860864727882069 0.05207623035529281 0.0786886213399088
0 0.41790063088890295 0.9167302299490933 0.05356595574818712 0.07714430267345414
0 0.47709334698068134 0.0562007152689575 0.06017982878371626 0.08502952800763601
0 0.22494888171747246 0.6172494926400467 0.036922111248705036 0.055087489337999784
0 0.5344693151348652 0.3314637972629123 0.058471779569504535 0.08188634667409059
0 0.49840122849326607 0.2787296959341394 0.05349318114108108 0.07558180267345423
0 0.45728823097446547 0.3190734326066391 0.050149857319763666 0.07085794000636332
0 0.4633691029765374 0.23145525393859376 0.05185790653397522 0.07400112133990877
0 0.4803769363083676 0.5462717319382756 0.05349318114108108 0.07558180267345413
0 0.4742960643062957 0.6338899106063209 0.05349318114108108 0.07558180267345413
0 0.46899644230422377 0.7214989986075937 0.05200345574818712 0.07712612133990877
0 0.4637332076057046 0.8098893366088664 0.055201230355292806 0.07872498400699968
0 0.4242362140158454 0.834580801281048 0.046879308105551944 0.06769657733927233
0 0.43038986062502327 0.7485251226130025 0.05207623035529281 0.07868862133990877
0 0.4365435072342011 0.6624694439449571 0.050222631926869356 0.07242044000636341
0 0.3877186712117745 0.8561109032861385 0.04695208271265772 0.06925907733927232
0 0.39245536703516404 0.7731984059516386 0.04695208271265781 0.0692590773392725
0 0.39793692555500065 0.6894955679503659 0.04695208271265772 0.0692590773392725
0 0.36171048117935317 0.7172756699554566 0.04858735731976358 0.07083975867281786
0 0.3688637016098486 0.6358984006206384 0.04858735731976358 0.07083975867281786
0 0.45276985897239347 0.4066734299411391 0.04858735731976367 0.07083975867281786
0 0.3841461375084407 0.3934018179503659 0.04858735731976367 0.07083975867281786
0 0.3777377797743924 0.4739887466184113 0.04858735731976349 0.07083975867281786
0 0.37374594664744987 0.5561109032861384 0.04858735731976358 0.07083975867281786
0 0.405126533289049 0.6088995486155478 0.04858735731976367 0.07083975867281786
0 0.40904559180888567 0.5252148919478206 0.048660131926869354 0.07240225867281787
0 0.26140215032872227 0.4432938246340015 0.03848461124870504 0.05510567067154533
0 0.28609608932768626 0.4867801952975926 0.04026543507002263 0.05981135200509069
0 0.26586701840185284 0.3713279179662743 0.03521406203449331 0.051944308004454334
0 0.32177241604448803 0.380057480625411 0.043390435070022625 0.0598477146721816
0 0.4254538800648426 0.2733251279440026 0.048441808105551945 0.06771475867281787
0 0.43086266397757333 0.18805978994272993 0.0468065334984459 0.06613407733927242
0 0.39835622497860934 0.14466432594686607 0.048441808105551855 0.06771475867281787
0 0.3944007791552198 0.22756773261459334 0.04509848428423435 0.06299089600572697
0 0.38895560793893613 0.31205182061586595 0.04524403349844599 0.06611589600572695
0 0.3569373980524107 0.7994069172899565 0.04524403349844599 0.06611589600572695
0 0.35272724110415066 0.8768415739576838 0.041900709677128486 0.061392033338636055
0 0.3243624925518927 0.8216728159611837 0.04197348428423435 0.06295453333863606
0 0.292423287837163 0.8408046239656379 0.04026543507002263 0.05981135200509087
0 0.2673290884991168 0.7887245033020468 0.038630160462916764 0.058230670671545325
0 0.24301613916107057 0.7366352919716832 0.03677656203449331 0.05196248933799978
0 0.24815309532354232 0.6623165446371833 0.03684933664159917 0.05352498933799978
0 0.22855972518349715 0.5437301766390922 0.03506851282028158 0.04881930800445424
0 0.252545188789567 0.588788137969456 0.03684933664159917 0.05352498933799978
0 0.2570464441662505 0.5176034813017287 0.038411836641599174 0.05354317067154533
0 0.2809955204687674 0.5618801926320925 0.04026543507002263 0.05981135200509069
0 0.27593133891340155 0.6377614399665925 0.04026543507002263 0.05981135200509069
0 0.2723932700544827 0.7128432559675469 0.0401198858558109 0.05668635200509069
0 0.2967426066960818 0.7657137172979107 0.04211903349844599 0.06607953333863606
0 0.32924473758949396 0.7418853186266837 0.04524403349844599 0.06611589600572713
0 0.33419975723420114 0.6636603212921838 0.045389582712657715 0.06924089600572714
0 0.3010619255550007 0.6906228106301835 0.04509848428423435 0.06299089600572713
0 0.3060533325032607 0.6131790632956836 0.04509848428423426 0.06299089600572713
0 0.3126072394515208 0.5357171346276381 0.04182793507002262 0.059829533338636054
0 0.33986325227180236 0.583863733290911 0.04524403349844608 0.06611589600572695
0 0.3447454973094036 0.504076235956411 0.04524403349844599 0.06611589600572695
0 0.31837989639978087 0.4582642966263655 0.04509848428423426 0.06299089600572697
0 0.29045179549015804 0.4124705386298653 0.040192660462916766 0.05824885200509069
0 0.3482471788647696 0.4282131699554566 0.04673375889134022 0.0645715773392725
0 0.3554731739023708 0.34839840062063854 0.04695208271265772 0.0692590773392725
0 0.35946500702931333 0.2662762439529113 0.04680653349844599 0.0661340773392725
0 0.3642380901562558 0.1841449966184113 0.04531680810555185 0.06767839600572705
0 0.36904756058675126 0.10279499928391136 0.04524403349844599 0.06611589600572701
0 0.3414469454091048 0.0640324912874112 0.04509848428423435 0.062990896005727
0 0.3350022003715035 0.1438381699554566 0.04204625889134021 0.06451703333863615
0 0.3081100605867512 0.10350407129218371 0.041973484284234266 0.06295453333863614
0 0.2787158130679506 0.1437114479630926 0.041900709677128486 0.061392033338636146
0 0.30322781554914996 0.18329156862668367 0.04197348428423435 0.06295453333863614
0 0.2998716832079958 0.2622796346276382 0.042119033498446076 0.06607953333863606
0 0.3274722983856422 0.30104214262413836 0.04368153349844608 0.06609771467218159
0 0.3316824553339023 0.22360748595641108 0.04524403349844599 0.06611589600572705
0 0.29477111434907693 0.33737963196213816 0.04197348428423435 0.06295453333863606
0 0.27446926881613765 0.2203648546308198 0.0385573858558109 0.05666817067154524
0 0.2701135626536658 0.29467451129854705 0.03684933664159917 0.05352498933799978
0 0.24638281017246647 0.2550852999681833 0.03528683664159917 0.05350680800445433
0 0.24042821670644177 0.32863188796945597 0.0369948858558109 0.056649989337999786