0 0.6100396530048249 0.2376140140833598 0.028506829545304768 0.022202264003817973
0 0.4962674793037188 0.26442086740131504 0.028506829545304768 0.022202264003817973
0 0.5770362382321725 0.24816970607890543 0.028506829545304768 0.022202264003817973
0 0.6415390689952932 0.2684554814210414 0.03006932954530477 0.022220445337363514
0 0.6765140868522007 0.2344804707590412 0.028506829545304768 0.022202264003817973
0 0.6434930811701578 0.20127707208781417 0.028506829545304768 0.022202264003817973
0 0.430202148540598 0.24411691072563366 0.03012387662320535 0.025345445337363513
0 0.3660851014626973 0.24649647605027042 0.03006932954530477 0.022220445337363427
0 0.5762725791415629 0.29191970607890544 0.03006932954530477 0.022220445337363514
0 0.49866973052153474 0.3058634800684059 0.03163182954530477 0.022238626670908878
0 0.46404136039115107 0.23044530939686067 0.028506829545304768 0.022202264003817973
0 0.5297209074690518 0.22808392540576944 0.028506829545304768 0.022202264003817973
0 0.4725361043053663 0.504818600731997 0.028452282467404187 0.019077264003817974
0 0.4943249241081432 0.15187541406745145 0.03163182954530477 0.022238626670908878
0 0.6088823019491647 0.16961799208304162 0.033248876623205345 0.02538180800445433
0 0.6434754902607673 0.1575179814210414 0.03168637662320535 0.025363626670908877
0 0.7107448108776184 0.15361227876349554 0.03637387662320535 0.025418170671545236
0 0.7421760430207109 0.18835999610117718 0.03637387662320535 0.025418170671545236
0 0.6765101327122854 0.18994013009226846 0.03637387662320535 0.025418170671545236
0 0.7079783210238881 0.1778037567631774 0.03637387662320535 0.025418170671545236
0 0.741803896104966 0.16491340543440444 0.03637387662320535 0.025418170671545236
0 0.6430936607154626 0.1793929814210414 0.03637387662320535 0.025418170671545236
0 0.6761107122575902 0.16805603942549577 0.03637387662320535 0.025418170671545236
0 0.39678172240385984 0.18902942138763387 0.03163182954530477 0.022238626670908878
0 0.3955874151796895 0.16791749005408843 0.033248876623205526 0.02538180800445433
0 0.42904479748493773 0.17612088872531548 0.03163182954530477 0.022238626670908878
0 0.46322888271228535 0.18745837806331528 0.03163182954530477 0.022238626670908878
0 0.4958777414785834 0.1972151860677696 0.033248876623205345 0.02538180800445433
0 0.4628430990270653 0.16479303739654255 0.033248876623205345 0.02538180800445433
0 0.4939294577933633 0.17453166406745144 0.03163182954530477 0.022238626670908878
0 0.528908429790186 0.18509699407222396 0.033248876623205345 0.02538180800445433
0 0.5766192268680868 0.18252652474536002 0.033248876623205345 0.02538180800445433
0 0.6092680856343847 0.19228333274981435 0.033248876623205345 0.02538180800445433
0 0.6077152682639445 0.14694356074949616 0.03168637662320535 0.025363626670908877
0 0.6096675060890799 0.21416742341658707 0.033248876623205345 0.02538180800445433
0 0.577404431008002 0.22707595607890546 0.03163182954530477 0.022238626670908878
0 0.4962907987027537 0.21831802673454231 0.028506829545304768 0.022202264003817973
0 0.46362830316698067 0.209342468730088 0.033248876623205345 0.02538180800445433
0 0.43022546793963307 0.19801407005886093 0.03012387662320535 0.025345445337363427
0 0.4974578323879738 0.24099245806808778 0.028506829545304768 0.022202264003817973
0 0.5301066911542718 0.2507492660725421 0.028506829545304768 0.022202264003817973
0 0.36257036363756195 0.1792544320496341 0.033248876623205435 0.02538180800445433
0 0.363737397322782 0.20192886338317956 0.03163182954530477 0.022238626670908878
0 0.3971675060890799 0.21169476205440657 0.03006932954530477 0.022220445337363514
0 0.43059761485537795 0.22146066072563367 0.03006932954530477 0.022220445337363514
0 0.39991067654377516 0.23360612472149747 0.03163182954530477 0.022238626670908878
0 0.3641368177774772 0.22381295404995222 0.03006932954530477 0.022220445337363514
0 0.3314879590111793 0.21405614604549789 0.028506829545304768 0.022202264003817973
0 0.2988254634754061 0.20508058804104357 0.028506829545304768 0.022202264003817973
0 0.26660329870275373 0.21564537070336193 0.028506829545304768 0.022202264003817973
0 0.2992248839301014 0.22696467870781628 0.028506829545304768 0.022202264003817973
0 0.3334362426963994 0.2367396680458161 0.028506829545304768 0.022202264003817973
0 0.3995015734595201 0.25704362472149744 0.028506829545304768 0.022202264003817973
0 0.4321777057647684 0.2652379327259518 0.03006932954530477 0.022220445337363514
0 0.4651947573068959 0.2539009907304061 0.028506829545304768 0.022202264003817973
0 0.46560781453106637 0.2750038313971789 0.03006932954530477 0.022220445337363514
0 0.49824303652788915 0.2855418894016332 0.028506829545304768 0.022202264003817973
0 0.5301379188331374 0.29372710673931485 0.028506829545304768 0.022202264003817973
0 0.23941746144681125 0.2958141286998621 0.03163182954530477 0.022238626670908878
0 0.17258451745316566 0.27471983135740796 0.03163182954530477 0.022238626670908878
0 0.1753276879078609 0.2966311940244989 0.03163182954530477 0.022238626670908878
0 0.2060009894499885 0.28526698002863504 0.03163182954530477 0.022238626670908878
0 0.23904531453106634 0.2723675380330894 0.03163182954530477 0.022238626670908878
0 0.2701316732973643 0.2821061647039983 0.03163182954530477 0.022238626670908878
0 0.30313508807001666 0.2715504727084526 0.03163182954530477 0.022238626670908878
0 0.26895100284266904 0.26021298337045284 0.03163182954530477 0.022238626670908878
0 0.2048203189952932 0.2633737986950896 0.03163182954530477 0.022238626670908878
0 0.17217146022899527 0.25361699069063526 0.03163182954530477 0.022238626670908878
0 0.23628850730689593 0.25123742536599847 0.03163182954530477 0.022238626670908878
0 0.20209078531007316 0.2406811860279987 0.03163182954530477 0.022238626670908878
0 0.3672521351479174 0.2691709073838159 0.03163182954530477 0.022238626670908878
0 0.3330680499205697 0.25783341804581605 0.03163182954530477 0.022238626670908878
0 0.3011731676153214 0.24964820070813448 0.03163182954530477 0.022238626670908878
0 0.2685379456184987 0.23911014270368014 0.03163182954530477 0.022238626670908878
0 0.2343265868522007 0.22933515336568036 0.03163182954530477 0.022238626670908878
0 0.49985040097623 0.32775666140195137 0.03006932954530477 0.022220445337363514
0 0.5297424525183575 0.31638335673931484 0.03006932954530477 0.022220445337363427
0 0.307885043427748 0.3575606980426344 0.03006932954530477 0.022220445337363514
0 0.3393532317393507 0.3454243247135433 0.03006932954530477 0.022220445337363427
0 0.3051145994341024 0.3372118353755435 0.03006932954530477 0.022220445337363427
0 0.37160267005095343 0.33329704205122496 0.03006932954530477 0.022220445337363514
0 0.33817256128465545 0.32353114337999783 0.03006932954530477 0.022220445337363514
0 0.2732742642067548 0.3259016180378619 0.03006932954530477 0.022220445337363514
0 0.36924132914156294 0.28951067938413405 0.03006932954530477 0.022220445337363514
0 0.3357839468363147 0.28130728071290695 0.03006932954530477 0.022220445337363514
0 0.24260096266462722 0.33726583203372573 0.03006932954530477 0.022220445337363514
0 0.3035345085247119 0.2934345633752254 0.03006932954530477 0.022220445337363514
0 0.2712987069825844 0.3047805960375437 0.03006932954530477 0.022220445337363427
0 0.24217426867098166 0.316944241366953 0.03006932954530477 0.022220445337363514
0 0.21113277435302452 0.34940220536281685 0.03006932954530477 0.022220445337363427
0 0.17848391558672655 0.33964539735836247 0.03006932954530477 0.022220445337363514
0 0.20993846712885408 0.32829027402927136 0.03006932954530477 0.022220445337363427
0 0.17650835836255616 0.31852437535804434 0.03006932954530477 0.022220445337363427
0 0.20796290990468372 0.3071692520289532 0.03006932954530477 0.022220445337363514
0 0.30551006574888234 0.3145555853755435 0.03163182954530477 0.022238626670908878
0 0.37120324959625817 0.3114129513844522 0.03006932954530477 0.022220445337363514
0 0.4671742686709816 0.31956235339749706 0.03006932954530477 0.022220445337363514
0 0.4022759715930809 0.3219328280553611 0.03006932954530477 0.022220445337363427
0 0.4345254099046837 0.3098055453930427 0.03006932954530477 0.022220445337363427
0 0.40030041436891056 0.30081180605504293 0.03006932954530477 0.022220445337363427
0 0.46600723498576163 0.2968879220639516 0.03006932954530477 0.022220445337363514
0 0.4333583762194636 0.28713111405949726 0.03006932954530477 0.022220445337363514
0 0.40068224391421536 0.2789368060550429 0.03006932954530477 0.022220445337363427
0 0.336197004060485 0.3024101213796797 0.03006932954530477 0.022220445337363514
0 0.27446857143092523 0.3470135493714073 0.03006932954530477 0.022220445337363514
0 0.2437679963498473 0.35994026336727114 0.03006932954530477 0.022220445337363427
0 0.4994861623403157 0.3933907520687241 0.03006932954530477 0.022220445337363427
0 0.4046958137202875 0.4071345313892246 0.03006932954530477 0.022220445337363514
0 0.3429497901813371 0.40797886871417965 0.03006932954530477 0.022220445337363514
0 0.28039524310343644 0.4103766153723618 0.03006932954530477 0.022220445337363514
0 0.311068544645564 0.399012401376498 0.03006932954530477 0.022220445337363514
0 0.46608332711296807 0.38206235339749706 0.03006932954530477 0.022220445337363514
0 0.5006492418856204 0.3715248427354968 0.03006932954530477 0.022220445337363514
0 0.4361776388013653 0.3942169080601336 0.03006932954530477 0.022220445337363514
0 0.3736094549539895 0.3973959047183158 0.03006932954530477 0.022220445337363427
0 0.405064006496117 0.3860407813892247 0.03006932954530477 0.022220445337363514
0 0.4381083315771949 0.37314133939367905 0.03006932954530477 0.022220445337363514
0 0.4687952698887977 0.3609958753978152 0.03006932954530477 0.022220445337363427
0 0.3724424212687694 0.37472147338477035 0.03006932954530477 0.022220445337363427
0 0.3401793461876915 0.38763000604708875 0.03006932954530477 0.022220445337363427
0 0.277638435879266 0.38924650270527095 0.03006932954530477 0.022220445337363427
0 0.3098742374213936 0.3779004700429526 0.03006932954530477 0.022220445337363514
0 0.340533902194046 0.36731750604708874 0.03006932954530477 0.022220445337363427
0 0.40465094927194667 0.36493794072245195 0.03006932954530477 0.022220445337363514
0 0.4369276611224997 0.3512481580601336 0.03006932954530477 0.022220445337363514
0 0.5313498169666984 0.35859812873963304 0.03006932954530477 0.022220445337363427
0 0.5010310714309252 0.3496498427354968 0.03006932954530477 0.022220445337363514
0 0.46758732589515206 0.34066519406426976 0.03006932954530477 0.022220445337363427
0 0.4042515288172514 0.3430538500556793 0.03006932954530477 0.022220445337363514
0 0.4349384671288541 0.33090838605981543 0.03006932954530477 0.022220445337363427
0 0.3712344772751238 0.3543907920512249 0.03006932954530477 0.022220445337363514
0 0.24574355357401773 0.3810612853675893 0.03006932954530477 0.022220445337363427
0 0.2764441286550956 0.36813457137172556 0.03006932954530477 0.022220445337363514
0 0.3107003518697344 0.420106151376498 0.03006932954530477 0.022220445337363514
0 0.5318077386392096 0.42189756007317847 0.03006932954530477 0.022220445337363514
0 0.4370173900191814 0.43564133939367905 0.03006932954530477 0.022220445337363514
0 0.4700344415613089 0.4243043973981334 0.03006932954530477 0.022220445337363514
0 0.5317492374213936 0.3804822194064057 0.03006932954530477 0.022220445337363514
0 0.4999128563339613 0.41371234273549684 0.03006932954530477 0.022220445337363514
0 0.3449389841749827 0.42831864071449777 0.03006932954530477 0.022220445337363514
0 0.31426568263285515 0.43968285471036167 0.03006932954530477 0.022220445337363514
0 0.3736952297107558 0.4372487453850885 0.03006932954530477 0.022220445337363514
0 0.40591739448340824 0.4266839627227702 0.03006932954530477 0.022220445337363514
0 0.43737194602553575 0.41532883939367904 0.03006932954530477 0.022220445337363514
0 0.4672776343371384 0.4031742847310425 0.03006932954530477 0.022220445337363514
0 0.37403614894763504 0.4177174953850885 0.03006932954530477 0.022220445337363514
0 0.281603187097082 0.43070729670590724 0.03006932954530477 0.022220445337363514
0 0.4078929517075786 0.44780498472308833 0.02845228246740401 0.019077264003817974
0 0.43977419724335176 0.45677145206076997 0.023710235389503433 0.015897720003181702
0 0.5330293194023303 0.44144699140672394 0.023710235389503433 0.015897720003181702
0 0.5019020503276068 0.43405211473581495 0.028506829545304768 0.022202264003817973
0 0.47046113555495445 0.44462598806490605 0.028506829545304768 0.022202264003817973
0 0.5015611310907275 0.45358336473581495 0.023710235389503433 0.015897720003181702
0 0.4701202163180752 0.46415723806490605 0.028506829545304768 0.022202264003817973
0 0.4402281647759477 0.47553054272754264 0.028506829545304768 0.022202264003817973
0 0.4083332824706994 0.46734532538986107 0.028506829545304768 0.022202264003817973
0 0.3780418104738766 0.4568345393857248 0.02694432954530477 0.022184082670272432
0 0.3453656781686283 0.44864023138127057 0.02694432954530477 0.022184082670272432
0 0.2828247678602028 0.4502567280394527 0.028506829545304768 0.022202264003817973
0 0.3154736266265007 0.46001353604390705 0.028506829545304768 0.022202264003817973
0 0.346587258931749 0.46818966271481594 0.028506829545304768 0.022202264003817973
0 0.378454867698047 0.4779373800524976 0.0284522824674041 0.019077264003817974
0 0.5019878250843732 0.4739049554025877 0.028506829545304768 0.022202264003817973
0 0.4713281603117208 0.4844879193984516 0.02694432954530477 0.022184082670272432
0 0.5338827073896215 0.4820901727402694 0.02694432954530477 0.022184082670272432
0 0.5024281558474939 0.4934452960693605 0.028452282467404187 0.019077264003817974
0 0.5335145146137918 0.5031839227402694 0.02694432954530477 0.022184082670272432
0 0.5028548498411395 0.5137668867361331 0.028452282467404187 0.019077264003817974
0 0.44065485876959326 0.49585213339431533 0.028506829545304768 0.022202264003817973
0 0.4095548632338201 0.48689475672340643 0.02845228246740401 0.019077264003817974
0 0.37811394846116775 0.4974686300524976 0.023710235389503433 0.015897720003181702
0 0.3477952029253946 0.4885203440483615 0.028506829545304768 0.022202264003817973
0 0.31668157062014635 0.4803442173774525 0.028506829545304768 0.022202264003817973
0 0.28445940584749396 0.49090900003977095 0.03475682954530477 0.022274989337999783
0 0.3178895146137919 0.5006748987109979 0.03006932954530477 0.022220445337363514
0 0.3474406469190402 0.5088328440483615 0.028506829545304768 0.022202264003817973
0 0.7914519253292545 0.6780952054423587 0.03006932954530477 0.022220445337363514
0 0.7621286639651688 0.6121156694382224 0.03006932954530477 0.022220445337363514
0 0.8242156067409983 0.5917400821132676 0.03006932954530477 0.022220445337363514
0 0.6687002179429282 0.6821367207590413 0.03006932954530477 0.022220445337363514
0 0.6391627224071552 0.6731975254216778 0.03006932954530477 0.022220445337363514
0 0.505917799923865 0.7411924527370877 0.03006932954530477 0.022220445337363514
0 0.6098649602322905 0.7400577614178598 0.03006932954530477 0.022220445337363514
0 0.7007081485438933 0.7286122787634955 0.03006932954530477 0.022220445337363514
0 0.6994729310112973 0.7098440974299501 0.03006932954530477 0.022220445337363514
0 0.6691541854755243 0.7008958114258139 0.03006932954530477 0.022220445337363514
0 0.6391627224071552 0.6731975254216778 0.03006932954530477 0.022220445337363514
0 0.6394900048745592 0.6544475254216777 0.03006932954530477 0.022220445337363514
0 0.730333193186162 0.6430020427673135 0.03006932954530477 0.022220445337363514
0 0.8227525182672398 0.6307934914464948 0.03006932954530477 0.022220445337363514
0 0.8853070653451406 0.6283957447883125 0.03006932954530477 0.022220445337363514
0 0.8527712548745592 0.656929277450631 0.03006932954530477 0.022220445337363514
0 0.6384962950526011 0.5770765034213596 0.03006932954530477 0.022220445337363514
0 0.761105906254531 0.6707094194382224 0.03006932954530477 0.022220445337363514
0 0.7917792077966587 0.6593452054423586 0.03006932954530477 0.022220445337363514
0 0.7622553490303605 0.6496247601049951 0.03006932954530477 0.022220445337363514
0 0.7605525271956937 0.612878738104677 0.03006932954530477 0.022220445337363514
0 0.7617877447282895 0.6316469194382224 0.03006932954530477 0.022220445337363514
0 0.7921064902640627 0.6405952054423587 0.03006932954530477 0.022220445337363514
0 0.9197872053610266 0.5780053934595397 0.03006932954530477 0.022220445337363514
0 0.918324116887268 0.6170588027927669 0.03163182954530477 0.022238626670908878
0 0.9178837861241472 0.5975184621259941 0.033248876623205345 0.02538180800445424
0 0.9152985284135096 0.6560940307924488 0.03163182954530477 0.022238626670908878
0 0.8524166988682047 0.677241777450631 0.03163182954530477 0.022238626670908878
0 0.8217843076345028 0.6862622414464947 0.03006932954530477 0.022220445337363514
0 0.7911519164008007 0.6952827054423587 0.028506829545304768 0.022202264003817973
0 0.730613836855496 0.7164577241008591 0.028452282467404187 0.019077264003817974
0 0.7615871473260774 0.6879060101049952 0.03163182954530477 0.022238626670908878
0 0.6711979265470704 0.7181105834261321 0.028506829545304768 0.022202264003817973
0 0.6389893985438932 0.7278941160884504 0.03163182954530477 0.022238626670908878
0 0.6109734926996946 0.7213168520846325 0.028506829545304768 0.022202264003817973
0 0.640070657472347 0.7107157067552232 0.028506829545304768 0.022202264003817973
0 0.5798734971639214 0.7123594754137236 0.03163182954530477 0.022238626670908878
0 0.608203048706049 0.7009679894175416 0.028506829545304768 0.022202264003817973
0 0.6411928267092263 0.6911935474219959 0.03006932954530477 0.022220445337363514
0 0.7005814634787014 0.6911031880967229 0.028506829545304768 0.022202264003817973
0 0.7293786193229 0.6976895427673135 0.028506829545304768 0.022202264003817973
0 0.7304871517903042 0.6789486334340863 0.028506829545304768 0.022202264003817973
0 0.7307735239492827 0.6625423834340862 0.028506829545304768 0.022202264003817973
0 0.6997008019524599 0.6520225067631774 0.028506829545304768 0.022202264003817973
0 0.6698223871798075 0.6626145614258139 0.028506829545304768 0.022202264003817973
0 0.7001547694850558 0.6707815974299501 0.028506829545304768 0.022202264003817973
0 0.610079194403978 0.6830174207510871 0.028506829545304768 0.022202264003817973
0 0.5789519253292544 0.6756225440801782 0.028506829545304768 0.022202264003817973
0 0.5785115945661337 0.6560822034134054 0.03163182954530477 0.022238626670908878
0 0.6091712593387861 0.6454992394175416 0.028506829545304768 0.022202264003817973
0 0.822438872569311 0.6487622414464947 0.03006932954530477 0.022220445337363514
0 0.8221115901019068 0.6675122414464948 0.03163182954530477 0.022238626670908878
0 0.8830763636408573 0.6666588134547672 0.031659103084255236 0.02380112667090888
0 0.8849797828777364 0.6471457447883125 0.028506829545304768 0.022202264003817973
0 0.9156258108809137 0.6373440307924488 0.03006932954530477 0.022220445337363514
0 0.8546610373419632 0.6381974587841764 0.028506829545304414 0.022202264003817973
0 0.35659963839762354 0.700384544716725 0.0253272824674041 0.019040901336727246
0 0.388508157472347 0.7077885120544065 0.03163182954530477 0.022238626670908878
0 0.32750247362497115 0.7109856900461342 0.03163182954530477 0.022238626670908878
0 0.29796497808919803 0.7020464947087708 0.03006932954530477 0.022220445337363514
0 0.3270621428618504 0.6914453493793615 0.028506829545304768 0.022202264003817973
0 0.2676189590144745 0.6946607087046346 0.03006932954530477 0.022220445337363514
0 0.2365326002481766 0.6849220820337256 0.028506829545304768 0.022202264003817973
0 0.2054053311734531 0.6775272053628167 0.03163182954530477 0.022238626670909055
0 0.38815360146599265 0.7281010120544066 0.028506829545304768 0.022202264003817973
0 0.42006212054071607 0.7355049793920883 0.028506829545304768 0.022202264003817973
0 0.4475831485438933 0.7256669027291335 0.028506829545304768 0.022202264003817973
0 0.47790189407966643 0.7346151887332697 0.028506829545304768 0.022202264003817973
0 0.5077803088523188 0.7240231340706331 0.028506829545304768 0.022202264003817973
0 0.536863836855496 0.7142032387412238 0.03006932954530477 0.022220445337363514
0 0.5073263413197229 0.7052640434038604 0.02694432954530477 0.022184082670272432
0 0.47824281331654567 0.7150839387332697 0.028506829545304768 0.022202264003817973
0 0.4471291810112973 0.7069078120623609 0.028506829545304768 0.022202264003817973
0 0.41648315300812017 0.7167095260582246 0.028506829545304768 0.022202264003817973
0 0.416796798706049 0.6987407760582245 0.028506829545304768 0.022202264003817973
0 0.4458939634787014 0.6881396307288152 0.03006932954530477 0.022220445337363514
0 0.4770075957839497 0.6963157573997243 0.028506829545304768 0.022202264003817973
0 0.5053098737871269 0.6864867714035422 0.03163182954530477 0.022238626670908878
0 0.5375456753292545 0.6751407387412238 0.03006932954530477 0.022220445337363514
0 0.505637156254531 0.6677367714035423 0.028506829545304768 0.022202264003817973
0 0.47653999148187864 0.6783379167329515 0.028506829545304768 0.022202264003817973
0 0.5370780710271834 0.6571628980744512 0.03006932954530477 0.022220445337363514
0 0.3864780531702759 0.6897924900540884 0.028506829545304768 0.022202264003817973
0 0.416329194403978 0.6807629353914518 0.028506829545304768 0.022202264003817973
0 0.44623488271558065 0.6686083807288152 0.028506829545304768 0.022202264003817973
0 0.507526938721935 0.6490049527370877 0.028452282467404187 0.019077264003817974
0 0.47609966071875787 0.6587975760661788 0.028506829545304768 0.022202264003817973
0 0.44578091518298474 0.6498492900620426 0.03157728246740419 0.01911362667090888
0 0.4166564768713821 0.6620129353914519 0.02694432954530477 0.02218408267027261
0 0.38602408563768 0.6710333993873157 0.02694432954530477 0.022184082670272432
0 0.3561456708650276 0.6816254540499522 0.023710235389503433 0.015897720003181702
0 0.35724056656295655 0.6636657947167249 0.026889782467404012 0.019059082670272433
0 0.3242507885597793 0.6734402367122707 0.028506829545304768 0.022202264003817973
0 0.29516726055660214 0.6832601320416799 0.02694432954530477 0.022184082670272432
0 0.26482124148187863 0.6758743460375437 0.02694432954530477 0.02218408267027261
0 0.23607863271558066 0.666162991366953 0.02845228246740401 0.019077264003817974
0 0.20495136364085723 0.6587681146960441 0.0300147824674041 0.019095445337363515
0 0.2340485284135096 0.6481669693666349 0.026889782467404012 0.01905908267027261
0 0.20292125933878613 0.6407720926957259 0.028506829545304768 0.022202264003817973
0 0.23281331088091367 0.6293987880330894 0.0268897824674041 0.01905908267027261
0 0.20248092857566538 0.6212317520289532 0.028506829545304768 0.022202264003817973
0 0.2316053668872681 0.6090681066995439 0.028506829545304768 0.022202264003817973
0 0.2004780978125446 0.601673230028635 0.03163182954530477 0.022238626670908878
0 0.2962757930240062 0.6645192227084527 0.028506829545304768 0.022202264003817973
0 0.26517579748823306 0.6555618460375437 0.026889782467404012 0.01905908267027261
0 0.3253593210271834 0.6546993273790433 0.03163182954530477 0.022238626670908878
0 0.35447012256931093 0.6433169320496341 0.02694432954530477 0.02218408267027261
0 0.3863650048745592 0.6515021493873157 0.028506829545304768 0.022202264003817973
0 0.41543489610826134 0.6424635040579064 0.028506829545304768 0.022202264003817973
0 0.44376444765038886 0.6310720180617244 0.028506829545304768 0.022202264003817973
0 0.474864443186162 0.6400293947326333 0.02694432954530477 0.02218408267027261
0 0.5047428579588144 0.6294373400699967 0.02694432954530477 0.02218408267027261
0 0.5361701359619915 0.6196447167409056 0.03163182954530477 0.022238626670908878
0 0.577617296270417 0.61778277207986 0.03163182954530477 0.022238626670909055
0 0.5787394655072963 0.5982606127466327 0.028506829545304768 0.022202264003817973
0 0.5349485551988709 0.6000952854073602 0.028506829545304768 0.022202264003817973
0 0.5050701404262185 0.6106873400699968 0.028506829545304768 0.022202264003817973
0 0.4751917256535661 0.6212793947326334 0.028506829545304768 0.022202264003817973
0 0.41343206534514054 0.6229049820575883 0.028506829545304768 0.022202264003817973
0 0.3843349005724882 0.6335061273869975 0.02694432954530477 0.02218408267027261
0 0.35478376826723984 0.625348182049634 0.0284522824674041 0.019077264003817974
0 0.3241241034945875 0.6359311460454979 0.0268897824674041 0.01905908267027261
0 0.2922428579588144 0.6269646787078162 0.03163182954530477 0.022238626670909055
0 0.29425932549141026 0.6457419507081343 0.03006932954530477 0.022220445337363514
0 0.26550307995563716 0.6368118460375437 0.028506829545304768 0.022202264003817973
0 0.2627053624230412 0.6180254833704528 0.028506829545304768 0.022202264003817973
0 0.26145650812097015 0.6000385520369074 0.03163182954530477 0.022238626670908878
0 0.2295888993546722 0.5902908346992258 0.03163182954530477 0.022238626670908878
0 0.29257014042621843 0.6082146787078162 0.0284522824674041 0.019077264003817974
0 0.32367013596199157 0.6171720553787251 0.0284522824674041 0.019077264003817974
0 0.3527809375041191 0.6057896600493159 0.028506829545304768 0.022202264003817973
0 0.322462191968346 0.5968413740451798 0.03157728246740401 0.01911362667090888
0 0.2905673096630977 0.5886561567074982 0.03006932954530477 0.022220445337363514
0 0.2610298141273245 0.5797169613701347 0.03163182954530477 0.022238626670908878
0 0.25899970982525344 0.5617209393698165 0.03006932954530477 0.022220445337363514
0 0.3830996830398922 0.6147379460534521 0.03006932954530477 0.022220445337363514
0 0.4129780978125446 0.6041458913908155 0.028506829545304768 0.022202264003817973
0 0.44487298011779297 0.6123311087284972 0.03006932954530477 0.022220445337363514
0 0.4739701448904453 0.6017299633990879 0.028506829545304768 0.022202264003817973
0 0.5046298096630977 0.591146999403224 0.03006932954530477 0.022220445337363514
0 0.5033945921305018 0.5723788180696786 0.028506829545304768 0.022202264003817973
0 0.5021593745979058 0.5536106367361332 0.03006932954530477 0.022220445337363514
0 0.5040764306042602 0.5333163180696786 0.028506829545304768 0.022202264003817973
0 0.4714002982990119 0.5251220100652243 0.028506829545304768 0.022202264003817973
0 0.40998155722746576 0.5072163473901792 0.03157728246740419 0.01911362667090888
0 0.3801031424548133 0.5178084020528158 0.0284522824674041 0.019077264003817974
0 0.41118950122111125 0.5275470287237246 0.028452282467404187 0.019077264003817974
0 0.443438939532714 0.5154197460614063 0.03163182954530477 0.022238626670908878
0 0.44231677029583477 0.5349419053946336 0.028506829545304768 0.022202264003817973
0 0.4427434642894804 0.5552634960614062 0.02376478246740419 0.019022720003181705
0 0.4124247187537072 0.5463152100572701 0.028506829545304768 0.022202264003817973
0 0.38055710998740927 0.5365674927195885 0.03475682954530477 0.022274989337999783
0 0.3514326716758065 0.5487311380489978 0.028506829545304768 0.022202264003817973
0 0.32035994967898374 0.5382112613780888 0.028506829545304768 0.022202264003817973
0 0.318357118915863 0.5186527393777707 0.028506829545304768 0.022202264003817973
0 0.34945711445163613 0.5276101160486796 0.028506829545304768 0.022202264003817973
0 0.2856809866106147 0.5104584313733163 0.03163182954530477 0.022238626670909055
0 0.28768381737373544 0.5300169533736344 0.03634660308425506 0.023855670671545325
0 0.2889053981368562 0.54956638470718 0.03163182954530477 0.022238626670908878
0 0.2909082288999769 0.5691249067074982 0.03163182954530477 0.022238626670908878
0 0.3184292569031541 0.5592868300445434 0.03163182954530477 0.022238626670908878
0 0.3204593612052252 0.5772828520448616 0.028506829545304768 0.022202264003817973
0 0.3526678892084024 0.5674993193825432 0.03006932954530477 0.022220445337363514
0 0.38020255398105485 0.5568799927195884 0.028506829545304768 0.022202264003817973
0 0.4136462995168279 0.5658646413908155 0.03163182954530477 0.022238626670909055
0 0.3523406067409983 0.5862493193825432 0.03006932954530477 0.022220445337363514
0 0.3822326582831259 0.5748760147199066 0.03319432954530477 0.022256808004454242
0 0.38344060227677146 0.5952066960534521 0.028506829545304768 0.022202264003817973
0 0.4133190170494238 0.5846146413908155 0.03006932954530477 0.022220445337363514
0 0.44318379505260114 0.574803836728179 0.028452282467404187 0.019077264003817974
0 0.47509231412732456 0.5822078040658607 0.028506829545304768 0.022202264003817973
0 0.47540595982525347 0.5642390540658606 0.03163182954530477 0.022238626670909055
0 0.47263551583160784 0.5438901913987697 0.02694432954530477 0.022184082670272432
0 0.5336139261400333 0.542255513407042 0.028506829545304768 0.022202264003817973
0 0.534821870133679 0.5625861947405875 0.02694432954530477 0.02218408267027261
0 0.5773775629095086 0.5419833407463145 0.03319432954530477 0.022256808004454242
0 0.5786127804421045 0.56075152207986 0.028506829545304768 0.022202264003817973
0 0.44363776258519694 0.5935629273949518 0.03006932954530477 0.022220445337363514
0 0.7724987426963994 0.24184862277208605 0.03319432954530477 0.022256808004454332
0 0.807091931008002 0.22974861211008585 0.03319432954530477 0.022256808004454332
0 0.8731669444006827 0.20473097811899454 0.03319432954530477 0.022256808004454332
0 0.8409038693196049 0.21763951078131288 0.03322160308425524 0.02381930800445433
0 0.6080953234595201 0.25947083274981436 0.03319432954530477 0.022256808004454332
0 0.6434697617711228 0.24737991275458687 0.03319432954530477 0.022256808004454332
0 0.643097614855378 0.22393332208781414 0.03319432954530477 0.022256808004454332
0 0.6761146663975055 0.21259638009226847 0.03319432954530477 0.022256808004454332
0 0.7091589914785834 0.19969693809672284 0.03319432954530477 0.022256808004454332
0 0.7425891002448812 0.2094628367679499 0.03319432954530477 0.022256808004454332
0 0.7760055722417041 0.22000998543917696 0.03319432954530477 0.022256808004454332
0 0.8074737605533068 0.20787361211008584 0.03319432954530477 0.022256808004454332
0 0.8412856988649094 0.1957645107813129 0.03319432954530477 0.022256808004454332
0 0.7764146753259592 0.19657248543917696 0.03319432954530477 0.022256808004454332
0 0.8086641136375619 0.18444520277685855 0.031659103084255236 0.02380112667090888
0 0.7422072706995766 0.23133783676794986 0.03163182954530477 0.022238626670908878
0 0.7095720487027537 0.22079977876349552 0.03006932954530477 0.022220445337363514
0 0.7075868088490236 0.24500034742995008 0.03163182954530477 0.022238626670908878
0 0.6745561205374208 0.25711853942549573 0.03163182954530477 0.022238626670908878
0 0.7402629411542718 0.25319465543440445 0.03006932954530477 0.022220445337363427
0 0.8074913514626972 0.25163270277685856 0.03163182954530477 0.022238626670908878
0 0.8397407897743001 0.23950542011454018 0.030096603084255234 0.023782945337363515
0 0.8735663648553779 0.22661506878576726 0.03006932954530477 0.022220445337363514
0 0.8393589602289954 0.26138042011454016 0.030096603084255234 0.023782945337363515
0 0.7736794131510946 0.2637418041056315 0.03163182954530477 0.022238626670908878
0 0.740648724839492 0.2758599961011772 0.03163182954530477 0.022238626670908878
0 0.7079862293037188 0.26688443809672285 0.03006932954530477 0.022220445337363514
0 0.674174290992116 0.27899353942549576 0.03163182954530477 0.022238626670908878
0 0.6085083806836905 0.28057367341658707 0.03163182954530477 0.022238626670908878
0 0.6419384894499884 0.29033957208781414 0.03163182954530477 0.022238626670908878
0 0.6088941643689105 0.3032390140833598 0.03006932954530477 0.022220445337363427
0 0.5782344995962582 0.31382197807922363 0.03157728246740401 0.01911362667090888
0 0.610869721593081 0.32436003608367797 0.028506829545304768 0.022202264003817973
0 0.6415702966741589 0.31143332208781416 0.03006932954530477 0.022220445337363427
0 0.6738060982162863 0.30008728942549573 0.028506829545304768 0.022202264003817973
0 0.7076180365278891 0.2879781880967228 0.03163182954530477 0.022238626670908878
0 0.7064413202131092 0.31062534742995007 0.03163182954530477 0.022238626670908878
0 0.672670292209932 0.32039069875872306 0.02845228246740401 0.019077264003817974
0 0.6419560803593789 0.3340986627545869 0.03006932954530477 0.022220445337363427
0 0.6089390288172514 0.3454356047501325 0.028452282467404187 0.019077264003817974
0 0.5774572037361735 0.35835322807922365 0.028506829545304768 0.022202264003817973
0 0.5778838977298191 0.37867481874599634 0.028506829545304768 0.022202264003817973
0 0.6101196992719466 0.36732878608367797 0.028506829545304768 0.022202264003817973
0 0.6423691375835493 0.3552015034213596 0.028506829545304768 0.022202264003817973
0 0.7060731274372796 0.3317190974299501 0.03163182954530477 0.022238626670908878
0 0.6738509626646272 0.3422838800922685 0.028506829545304768 0.022202264003817973
0 0.6734554963498474 0.3649401300922685 0.028506829545304768 0.022202264003817973
0 0.6412196948077198 0.3762861627545869 0.028506829545304768 0.022202264003817973
0 0.610532756496117 0.3884316267504507 0.028452282467404187 0.019077264003817974
0 0.9066106899364558 0.2137156267902216 0.028506829545304768 0.022202264003817973
0 0.9392459119332786 0.22425368479467594 0.03163182954530477 0.022238626670908878
0 0.9054339736216759 0.23636278612344888 0.03006932954530477 0.022220445337363427
0 0.9380555588490236 0.2476820941279032 0.03163182954530477 0.022238626670908878
0 0.9050521440763711 0.2582377861234489 0.03163182954530477 0.022238626670908878
0 0.9376737293037187 0.2695570941279032 0.03163182954530477 0.022238626670908878
0 0.872389648540598 0.2492622281189945 0.03163182954530477 0.022238626670908878
0 0.870431682225818 0.2719002967854491 0.03163182954530477 0.022238626670908878
0 0.9038890645310664 0.2801036954566761 0.03006932954530477 0.022220445337363427
0 0.9365379232973643 0.28986050346113046 0.03163182954530477 0.022238626670908878
0 0.9345935937520595 0.311717322127585 0.03163182954530477 0.022238626670908878
0 0.9034935982162864 0.30275994545667617 0.028506829545304768 0.022202264003817973
0 0.8700634894499885 0.29299404678544905 0.028506829545304768 0.022202264003817973
0 0.8382095174531656 0.2824650794477675 0.030096603084255234 0.023782945337363515
0 0.8047794086868677 0.2726991807765404 0.03006932954530477 0.022220445337363514
0 0.7725163336057899 0.28560771343885877 0.028506829545304768 0.022202264003817973
0 0.8043703056026127 0.2961366807765404 0.03006932954530477 0.022220445337363514
0 0.8362651879078609 0.30432189811422206 0.03006932954530477 0.022220445337363514
0 0.8689004099046838 0.31485995611867634 0.03006932954530477 0.022220445337363427
0 0.9015492686709816 0.3246167641231307 0.03006932954530477 0.022220445337363427
0 0.8677509671288541 0.3359446154519036 0.03163182954530477 0.022238626670908878
0 0.836650971593081 0.3269872387809947 0.031659103084255236 0.02380112667090888
0 0.804783362826783 0.31723952144331313 0.028452282467404187 0.019077264003817974
0 0.771353254060485 0.30747362277208606 0.03006932954530477 0.022220445337363427
0 0.7394992820636623 0.2969446554344044 0.028506829545304768 0.022202264003817973
0 0.7398714289794072 0.3203912461011772 0.03319432954530477 0.022256808004454332
0 0.7371594862035776 0.341457724100859 0.033248876623205345 0.02538180800445433
0 0.70570493466145 0.35281284742995006 0.03163182954530477 0.022238626670908878
0 0.8028526700509534 0.3383150901097677 0.033248876623205345 0.02538180800445442
0 0.8339526655867265 0.3472724667806766 0.031659103084255236 0.02380112667090888
0 0.8681503875835495 0.35782870611867634 0.03319432954530477 0.022256808004454332
0 0.8335708360414218 0.36914746678067656 0.031659103084255236 0.02380112667090888
0 0.8040333405056487 0.36020827144331313 0.03163182954530477 0.022238626670908878
0 0.7698219817393508 0.3504332821053133 0.03163182954530477 0.022238626670908878
0 0.7709850612846555 0.32856737277208603 0.03163182954530477 0.022238626670908878
0 0.737572543427748 0.3625605647676317 0.03163182954530477 0.022238626670908878
0 0.7053367418856205 0.3739065974299501 0.03163182954530477 0.022238626670908878
0 0.6723060535740177 0.38602478942549573 0.03163182954530477 0.022238626670908878
0 0.6408651388013654 0.3965986627545869 0.028452282467404187 0.019077264003817974
0 0.6094105872592378 0.407953786083678 0.028452282467404187 0.019077264003817974
0 0.5771338754086848 0.42164356874599634 0.03163182954530477 0.022238626670908878
0 0.6098236444834082 0.42905662675045064 0.028506829545304768 0.022202264003817973
0 0.6389344460255357 0.41767423142104143 0.028452282467404187 0.019077264003817974
0 0.6719378607981882 0.40711853942549575 0.03163182954530477 0.022238626670908878
0 0.7041736623403156 0.3957725067631774 0.03006932954530477 0.022220445337363514
0 0.7371907138824432 0.38443556476763174 0.03163182954530477 0.022238626670908878
0 0.7694537889635211 0.37152703210531335 0.03163182954530477 0.022238626670908878
0 0.8013213977298191 0.38127474944299494 0.03163182954530477 0.022238626670908878
0 0.8339702564961172 0.3910315574474493 0.03478410308425524 0.023837489337999784
0 0.8320395637202875 0.4121071261139038 0.03475682954530477 0.022274989337999783
0 0.8009532049539896 0.4023684994429949 0.033248876623205345 0.02538180800445442
0 0.7683043461876915 0.3926116914385406 0.03163182954530477 0.022238626670908878
0 0.7360549078760888 0.404738974100859 0.03163182954530477 0.022238626670908878
0 0.7038327431034365 0.4153037567631774 0.03319432954530477 0.022256808004454242
0 0.7357139886392096 0.424270224100859 0.028452282467404187 0.019077264003817974
0 0.7679497901813371 0.4129241914385407 0.03006932954530477 0.022220445337363514
0 0.7667730738665572 0.4355713507717679 0.03163182954530477 0.022238626670908878
0 0.8005850121781599 0.42346224944299493 0.03006932954530477 0.022220445337363514
0 0.830903757713933 0.43241053544713115 0.03006932954530477 0.022220445337363514
0 0.8002577297107558 0.4422122494429949 0.028506829545304768 0.022202264003817973
0 0.7672134046296779 0.4551116914385406 0.03163182954530477 0.022238626670908878
0 0.7345509090939049 0.44613613343408626 0.03006932954530477 0.022220445337363514
0 0.704259437097082 0.43562534742995007 0.03163182954530477 0.022238626670908878
0 0.6715833047918337 0.42743103942549576 0.028506829545304768 0.022202264003817973
0 0.6409236400191813 0.43801400342135965 0.03163182954530477 0.022238626670909055
0 0.607920225246529 0.4485696954169052 0.03006932954530477 0.022220445337363514
0 0.5775878429412806 0.4404026594127691 0.03163182954530477 0.022238626670908878
0 0.6712423855549544 0.44696228942549576 0.028506829545304768 0.022202264003817973
0 0.6405690840128269 0.4583265034213596 0.028506829545304768 0.022202264003817973
0 0.6083332824706993 0.469672536083678 0.03001478246740419 0.019095445337363515
0 0.7031099943212524 0.4567100067631774 0.03163182954530477 0.022238626670908878
0 0.7342099898570256 0.46566738343408626 0.028506829545304768 0.022202264003817973
0 0.7990946501654511 0.46407815877622227 0.03163182954530477 0.022238626670908878
0 0.8301946457012243 0.4730355354471311 0.03163182954530477 0.022238626670908878
0 0.6708741927791249 0.46805603942549573 0.03163182954530477 0.022238626670908878
0 0.6402008912369974 0.47942025342135963 0.03001478246740419 0.019095445337363515
0 0.6095412264643449 0.4900032174172234 0.03163182954530477 0.022238626670908878
0 0.5776463441590967 0.4818180000795418 0.03006932954530477 0.022220445337363514
0 0.5781003116916926 0.5005770907463145 0.03006932954530477 0.022220445337363514
0 0.6713008867727704 0.48837763009226853 0.028506829545304768 0.022202264003817973
0 0.7027418015454228 0.4778037567631774 0.028506829545304768 0.022202264003817973
0 0.734623047081196 0.486770224100859 0.028506829545304768 0.022202264003817973
0 0.7660775986233235 0.4754151007717679 0.03006932954530477 0.022220445337363514
0 0.7964099809285718 0.483582136775904 0.03163182954530477 0.022238626670909055
0 0.829072476464345 0.49255769478035843 0.03006932954530477 0.022220445337363514
0 0.795246901383267 0.5054480461091313 0.03163182954530477 0.022238626670908878
0 0.764941792616969 0.4957185101049951 0.03006932954530477 0.022220445337363514
0 0.7327332646137918 0.5055020427673135 0.02688978246740419 0.019059082670272433
0 0.7024145190780188 0.49655375676317737 0.03006932954530477 0.022220445337363514
0 0.672508830766416 0.5087083114258139 0.028506829545304768 0.022202264003817973
0 0.6406139484611677 0.5005230940881323 0.03163182954530477 0.022238626670908878
0 0.6091866704579905 0.5103157174172235 0.03163182954530477 0.022238626670908878
0 0.6096270012211112 0.5298560580839962 0.03006932954530477 0.022220445337363514
0 0.6387378027632388 0.5184736627545868 0.03006932954530477 0.022220445337363514
0 0.7012923498411394 0.5160759160964046 0.03006932954530477 0.022220445337363514
0 0.7646281469190402 0.5136872601049951 0.03163182954530477 0.022238626670908878
0 0.8271554204579905 0.512852013446813 0.03163182954530477 0.022238626670908878
0 0.7949332556853381 0.5234167961091314 0.03163182954530477 0.022238626670908878
0 0.8275957512211113 0.5323923541135857 0.03163182954530477 0.022238626670908878
0 0.8579008599874094 0.5421218901177218 0.031659103084255236 0.02380112667090888
0 0.7323787086074375 0.5258145427673135 0.03163182954530477 0.022238626670908878
0 0.700937793834785 0.5363884160964046 0.028506829545304768 0.022202264003817973
0 0.6706054115295368 0.5282213800922685 0.02845228246740401 0.019077264003817974
0 0.6391781335263595 0.5380140034213596 0.028506829545304768 0.022202264003817973
0 0.6092860819842321 0.5493873080839962 0.028506829545304768 0.022202264003817973
0 0.6380559642894803 0.5575361627545868 0.028506829545304768 0.022202264003817973
0 0.6089315259778776 0.5696998080839961 0.028506829545304768 0.022202264003817973
0 0.6710593790621326 0.5469804707590412 0.028506829545304768 0.022202264003817973
0 0.7013644878284306 0.5567100067631774 0.03006932954530477 0.022220445337363514
0 0.7328190393705583 0.5453548834340862 0.028506829545304768 0.022202264003817973
0 0.7642463173737355 0.5355622601049952 0.03163182954530477 0.022238626670908878
0 0.7945923364484588 0.5429480461091314 0.03163182954530477 0.022238626670908878
0 0.7631241481368563 0.5550844194382225 0.03163182954530477 0.022238626670908878
0 0.732478120133679 0.5648861334340862 0.03163182954530477 0.022238626670908878
0 0.7018048185915514 0.5762503474299501 0.03157728246740419 0.01911362667090888
0 0.6699099362863031 0.5680651300922686 0.028506829545304768 0.022202264003817973
0 0.826473581984232 0.551914513446813 0.03163182954530477 0.022238626670908878
0 0.8560110775200052 0.5608537087841764 0.031659103084255236 0.02380112667090888
0 0.8878786862863031 0.570601426121858 0.03163182954530477 0.022238626670909055
0 0.826146299516828 0.570664513446813 0.03163182954530477 0.022238626670908878
0 0.8564377715136509 0.5811752994509491 0.031659103084255236 0.02380112667090888
0 0.8875514038188991 0.5893514261218581 0.03163182954530477 0.022238626670909055
0 0.8537803758157219 0.599116777450631 0.03163182954530477 0.022238626670908878
0 0.8856616213514951 0.6080832447883127 0.03163182954530477 0.022238626670908878
0 0.8550019565788425 0.6186662087841764 0.03322160308425524 0.023819308004454243
0 0.8246832110430695 0.6097179227800403 0.03319432954530477 0.022256808004454242
0 0.7927883287378211 0.6015327054423587 0.03163182954530477 0.022238626670909055
0 0.7931292479747004 0.5820014554423587 0.03319432954530477 0.022256808004454242
0 0.7950190304421044 0.563269636775904 0.03319432954530477 0.022256808004454242
0 0.7321372008967997 0.5844173834340862 0.03163182954530477 0.022238626670908878
0 0.7643593656694521 0.5738526007717679 0.03163182954530477 0.022238626670908878
0 0.7640184464325729 0.5933838507717679 0.03006932954530477 0.022220445337363514
0 0.7317962816599205 0.6039486334340862 0.028506829545304768 0.022202264003817973
0 0.6999286728936225 0.5942009160964046 0.03006932954530477 0.022220445337363514
0 0.669582653818899 0.5868151300922685 0.03006932954530477 0.022220445337363514
0 0.6381553758157218 0.5966077534213596 0.03319432954530477 0.022256808004454242
0 0.6078229935104735 0.5884407174172235 0.028506829545304768 0.022202264003817973
0 0.6090582110430695 0.6072088987507689 0.028506829545304768 0.022202264003817973
0 0.6378144565788426 0.6161390034213596 0.028506829545304768 0.022202264003817973
0 0.670817871351495 0.605583311425814 0.03163182954530477 0.022238626670908878
0 0.7003690036567433 0.6137412567631774 0.03163182954530477 0.022238626670908878
0 0.6712582021146157 0.6251236520925867 0.03163182954530477 0.022238626670908878
0 0.6390496741114384 0.634907184754905 0.03001478246740419 0.019095445337363515
0 0.6087172918061902 0.6267401487507689 0.028506829545304768 0.022202264003817973
0 0.669395693186162 0.6422929707590412 0.03006932954530477 0.022220445337363514
0 0.700809334419864 0.6332815974299502 0.028506829545304768 0.022202264003817973
0 0.7314689991925164 0.6226986334340863 0.03163182954530477 0.022238626670908878