0 0.43125 0.35859375 0.05625 0.08125
0 0.41796875 0.45390625 0.0578125 0.0828125
0 0.4046875 0.55234375 0.05625 0.08125
0 0.4546875 0.51484375 0.05625 0.0796875
0 0.4671875 0.42265625 0.053125 0.0796875
0 0.478125 0.328125 0.0578125 0.084375
0 0.44140625 0.60859375 0.0578125 0.084375
0 0.51328125 0.39296875 0.0546875 0.08125
0 0.52578125 0.30234375 0.053125 0.0796875
0 0.5015625 0.48203125 0.053125 0.078125
0 0.4640625 0.7546875 0.0578125 0.0859375
0 0.5375 0.2125 0.053125 0.08125
0 0.42890625 0.70546875 0.0546875 0.084375
0 0.4984375 0.803125 0.0546875 0.0828125
0 0.48828125 0.571875 0.0546875 0.0796875
0 0.52265625 0.625 0.053125 0.0796875
0 0.53046875 0.8515625 0.0515625 0.0796875
0 0.53359375 0.5375 0.0515625 0.078125
0 0.58671875 0.41953125 0.05 0.0765625
0 0.57578125 0.503125 0.05 0.0765625
0 0.48671875 0.89765625 0.053125 0.0796875
0 0.45234375 0.85 0.0578125 0.0859375
0 0.4921875 0.23828125 0.0546875 0.08125
0 0.59453125 0.6375 0.05 0.0765625
0 0.60546875 0.5546875 0.05 0.0765625
0 0.5609375 0.8953125 0.05 0.0796875
0 0.5921875 0.10078125 0.053125 0.0765625
0 0.5484375 0.121875 0.053125 0.0796875
0 0.590625 0.93828125 0.046875 0.0765625
0 0.63203125 0.08125 0.0484375 0.075
0 0.51796875 0.93828125 0.0546875 0.0828125
0 0.80625 0.3859375 0.0328125 0.0546875
0 0.478125 0.6625 0.053125 0.0796875
0 0.5109375 0.715625 0.0484375 0.0734375
0 0.5546875 0.6765625 0.0453125 0.0703125
0 0.54296875 0.7640625 0.046875 0.071875
0 0.54609375 0.44921875 0.0484375 0.0734375
0 0.5578125 0.36171875 0.0484375 0.0734375
0 0.56875 0.27421875 0.046875 0.075
0 0.5796875 0.18671875 0.05 0.0765625
0 0.62109375 0.16328125 0.0421875 0.0671875
0 0.609375 0.2484375 0.046875 0.0765625
0 0.59765625 0.334375 0.0453125 0.071875
0 0.65859375 0.1421875 0.0421875 0.06875
0 0.6484375 0.225 0.0421875 0.06875
0 0.6375 0.30859375 0.0421875 0.06875
0 0.67578125 0.28203125 0.04375 0.0703125
0 0.66328125 0.36328125 0.04375 0.0703125
0 0.56484375 0.5890625 0.04375 0.0703125
0 0.6328125 0.6046875 0.04375 0.0703125
0 0.64375 0.52421875 0.04375 0.0703125
0 0.653125 0.4421875 0.04375 0.0703125
0 0.62578125 0.3890625 0.04375 0.0703125
0 0.61640625 0.47265625 0.04375 0.071875
0 0.75859375 0.55859375 0.034375 0.0546875
0 0.73671875 0.5140625 0.0359375 0.059375
0 0.74921875 0.63046875 0.03125 0.0515625
0 0.69375 0.61953125 0.0390625 0.059375
0 0.58359375 0.7234375 0.04375 0.0671875
0 0.57265625 0.80859375 0.0421875 0.065625
0 0.60234375 0.85234375 0.04375 0.0671875
0 0.61171875 0.7703125 0.040625 0.0625
0 0.62265625 0.6859375 0.040625 0.065625
0 0.6859375 0.2 0.040625 0.065625
0 0.69453125 0.12265625 0.0375 0.0609375
0 0.71953125 0.17890625 0.0375 0.0625
0 0.753125 0.1609375 0.0359375 0.059375
0 0.77421875 0.21328125 0.034375 0.0578125
0 0.7953125 0.26640625 0.0328125 0.0515625
0 0.7859375 0.33984375 0.0328125 0.053125
0 0.79765625 0.459375 0.03125 0.0484375
0 0.7765625 0.41328125 0.0328125 0.053125
0 0.7671875 0.484375 0.034375 0.053125
0 0.74609375 0.4390625 0.0359375 0.059375
0 0.75625 0.3640625 0.0359375 0.059375
0 0.76484375 0.2890625 0.0359375 0.05625
0 0.74375 0.23515625 0.0375 0.065625
0 0.709375 0.25859375 0.040625 0.065625
0 0.7 0.3359375 0.040625 0.06875
0 0.734375 0.31015625 0.040625 0.0625
0 0.725 0.3875 0.040625 0.0625
0 0.71328125 0.46484375 0.0375 0.059375
0 0.6890625 0.415625 0.040625 0.065625
0 0.67890625 0.4953125 0.040625 0.065625
0 0.70234375 0.5421875 0.040625 0.0625
0 0.72734375 0.58828125 0.0359375 0.0578125
0 0.6703125 0.57109375 0.0421875 0.0640625
0 0.65859375 0.65078125 0.0421875 0.06875
0 0.64921875 0.73203125 0.0421875 0.065625
0 0.6390625 0.8140625 0.040625 0.0671875
0 0.62890625 0.8953125 0.040625 0.065625
0 0.65390625 0.93515625 0.040625 0.0625
0 0.665625 0.85546875 0.0375 0.0640625
0 0.68984375 0.89609375 0.0375 0.0625
0 0.721875 0.85703125 0.0375 0.0609375
0 0.7 0.8171875 0.0375 0.0625
0 0.70859375 0.73828125 0.0375 0.065625
0 0.68359375 0.6984375 0.0390625 0.065625
0 0.67421875 0.77578125 0.040625 0.065625
0 0.71796875 0.66328125 0.0375 0.0625
0 0.73125 0.78046875 0.034375 0.05625
0 0.73984375 0.70625 0.0328125 0.053125
0 0.76171875 0.746875 0.03125 0.053125
0 0.771875 0.6734375 0.0328125 0.05625