0 0.5034746194304773 0.6377983607213155 0.05476191106992552 0.04903967787060921
0 0.43875735500250707 0.6539380138773454 0.06117560217691818 0.05398184585538672
0 0.5689731338584476 0.6216905410633828 0.06117560217691818 0.0539818458553869
0 0.3740128087233714 0.6708589170333754 0.06435516587924912 0.05567167984777566
0 0.45319931171859623 0.7108565173373866 0.06117560217691818 0.0539818458553869
0 0.6321006164352525 0.6062684709111584 0.06117560217691818 0.0539818458553869
0 0.5818525905745368 0.6785453775272294 0.059613102176918176 0.05391817885919252
0 0.5185936771423585 0.5633076966908707 0.06117560217691818 0.0539818458553869
0 0.3907216482864179 0.595650669999125 0.06117560217691827 0.05398184585538672
0 0.5818030052726596 0.5455418765386464 0.06117560217691818 0.0539818458553869
0 0.3876462335882952 0.7285268369953194 0.06117560217691818 0.0539818458553869
0 0.5034969228811892 0.7715831117098987 0.06123016587924912 0.0555443458553869
0 0.6458158868536725 0.6615926408731024 0.059558538474587405 0.052355678859192525
0 0.5667335328626557 0.7530360415576743 0.06117560217691818 0.0539818458553869
0 0.5186978261465665 0.6947486976794538 0.059613102176918176 0.05391817885919252
0 0.43643590845321895 0.7876272643716371 0.06117560217691818 0.05398184585538672
0 0.4547122264167191 0.5779166833449978 0.06117560217691818 0.0539818458553869
0 0.631450797290626 0.7368963884016444 0.06117560217691818 0.0539818458553869
0 0.3069517942954011 0.6869030696951138 0.06446429328391083 0.05879667984777566
0 0.6952280990120573 0.5908464007589341 0.06279266587924912 0.055608012851581276
0 0.3236333520072822 0.6124760726608633 0.06117560217691827 0.0539818458553869
0 0.646465705998299 0.5309647233826164 0.06117560217691818 0.0539818458553869
0 0.7089706512816428 0.6453893207208781 0.06117560217691818 0.05398184585538672
0 0.32053065545799403 0.7461334896570577 0.06117560217691827 0.05398184585538672
0 0.5398982474681112 0.5133222841433006 0.06117560217691818 0.0539818458553869
0 0.41049100046333614 0.5448203404553604 0.06279266587924912 0.055608012851581276
0 0.3708555484717524 0.8060788340295698 0.06117560217691827 0.05398184585538672
0 0.481383820704271 0.8223179407593715 0.06117560217691818 0.05398184585538672
0 0.6961953435697618 0.7199754852456145 0.06117560217691818 0.05398184585538672
0 0.6109001951137077 0.7876948844473117 0.06117560217691818 0.05398184585538672
0 0.46983128412860015 0.503426019314553 0.06279266587924912 0.055608012851581276
0 0.5538218158949475 0.8315284560824108 0.059558538474587405 0.052355678859192525