0 0.2860779877170724 0.7365041103878557 0.04658583992388783 0.03204093262956
0 0.3397932367284892 0.7327575474816425 0.04983817391627667 0.03522047970746058
0 0.38950673524561447 0.7265990507280534 0.04346083992388783 0.03198638555165907
0 0.4408464007589341 0.7220303275134146 0.04346083992388792 0.03198638555165907
0 0.49212239927605933 0.7158991042987758 0.04346083992388792 0.03198638555165907
0 0.5442751482874761 0.7121252678536122 0.04346083992388792 0.03198638555165907
0 0.615018729808407 0.7047724638758527 0.046713173916276676 0.035165932629559825
0 0.663297062317921 0.7017116935833132 0.04346083992388792 0.03198638555165907
0 0.7138554778312407 0.6971293335991993 0.04346083992388792 0.03198638555165907
0 0.7651633098464631 0.6917793603845604 0.043333505931499164 0.02886138555165907
0 0.81340980885788 0.687937340092021 0.040335839923887916 0.03193183847375849
0 0.8663438078692968 0.6841771404163326 0.04346083992388792 0.03198638555165907
0 0.2296542327741565 0.7120983997551187 0.046458505931498986 0.028915932629560003
0 0.283305814789379 0.7067893368489054 0.04333350593149898 0.028861385551659246
0 0.3323017303026986 0.702179703325841 0.0432698389353046 0.027298885551659068
0 0.38442264581601826 0.6976246168806775 0.0432698389353046 0.027298885551659068
0 0.43651172783124065 0.6922882804355139 0.04020850593149898 0.02880683847375849
0 0.48710197684265744 0.6884871704514 0.04020850593149916 0.02880683847375849
0 0.5360342253597827 0.6823150369283356 0.04333350593149898 0.02886138555165907
0 0.604497723876908 0.6764838226421507 0.04020850593149916 0.02880683847375849
0 0.6558692228883248 0.6726963494275118 0.0432698389353046 0.027298885551659068
0 0.7056145549035472 0.6673191026739227 0.04346083992388792 0.03198638555165907
0 0.7538928874130612 0.6642583323813833 0.04346083992388792 0.03198638555165907
0 0.8044513029263809 0.6596759723972694 0.0432698389353046 0.027298885551659068
0 0.8519165519377978 0.6558203153352546 0.04020850593149916 0.02880683847375849
0 0.9008806339530201 0.6504294318121904 0.04014483893530461 0.02724433847375849
0 0.17557422783124066 0.6877335994308071 0.04645850593149907 0.028915932629560003
0 0.22691389334456033 0.6831648762161684 0.0432698389353046 0.027298885551659248
0 0.27897114186168553 0.6770472897710047 0.04014483893530461 0.02724433847375849
0 0.3288119743711996 0.6740137930174156 0.04020850593149907 0.02880683847375849
0 0.3793703898845192 0.6694314330333017 0.0432698389353046 0.027298885551659068
0 0.4298651384016445 0.6632865730491877 0.043333505931499164 0.02886138555165907
0 0.4796423039149641 0.6586905762955986 0.040335839923887916 0.03193183847375849
0 0.5302325529263809 0.6548894663114846 0.0432698389353046 0.027298885551659248
0 0.5986960514435061 0.6490582520252997 0.04014483893530461 0.02724433847375849
0 0.6461931339530201 0.645983844963285 0.04014483893530461 0.02724433847375849
0 0.6943441324701454 0.6397980746707456 0.0432698389353046 0.027298885551659068
0 0.7434037149796595 0.6367509411476812 0.043333505931499164 0.02886138555165907
0 0.7908052969948818 0.6313327840856666 0.04014483893530461 0.02724433847375849
0 0.8382387125082016 0.6266958770236519 0.04326983893530496 0.027298885551659068
0 0.8873301285158128 0.6244299935005877 0.043333505931499164 0.02886138555165907
0 0.9378567105310351 0.6190663835164737 0.0432698389353046 0.027298885551659248
0 0.17248371992257527 0.6502063258918568 0.04326983893530465 0.027298885551659068
0 0.2237915519377977 0.644856352677218 0.04020850593149898 0.02880683847375849
0 0.27281930094921447 0.6410279691541537 0.04014483893530461 0.02724433847375849
0 0.32650271646253415 0.6365001562479404 0.04014483893530461 0.02724433847375849
0 0.37318671547395094 0.6326308624164507 0.04014483893530461 0.02724433847375849
0 0.4229638809872706 0.6280348656628616 0.04014483893530461 0.02724433847375849
0 0.471927963002493 0.6226439821397973 0.04014483893530461 0.02724433847375849
0 0.5193932120139099 0.6187883250777826 0.04014483893530461 0.02724433847375849
0 0.5854811270329379 0.6121349504831721 0.040081171939110226 0.02568183847375849
0 0.6337276260443547 0.6082929301906326 0.03689250494291585 0.02406479139585791
0 0.6812247085538687 0.6052185231286179 0.03695617193911023 0.02562729139585791
0 0.7294393740671884 0.6005952528360785 0.04014483893530461 0.02724433847375849
0 0.7753421230786053 0.5967123222351136 0.04014483893530461 0.02724433847375849
0 0.8243062050938276 0.5913214387120492 0.04014483893530461 0.02724433847375849
0 0.8717714541052445 0.5874657816500346 0.04320617193911005 0.02573638555165907
0 0.9200816201128557 0.5851862613574952 0.036956171939110403 0.02562729139585791
0 0.1208111319758538 0.6274449358759707 0.0401448389353047 0.02724433847375849
0 0.17215079748917345 0.622876212661332 0.04326983893530469 0.027298885551659248
0 0.221927963002493 0.6182802159077428 0.040081171939110226 0.02568183847375849
0 0.2701744620139099 0.6144381956152033 0.03695617193911023 0.02562729139585791
0 0.3206692105310351 0.6082933356310894 0.04001750494291585 0.024119338473758488
0 0.36894754304054916 0.60523256533855 0.03689250494291585 0.02406479139585791
0 0.41872470855386873 0.6006365685849608 0.040081171939110226 0.02568183847375849
0 0.46540870756528563 0.596767274753471 0.03695617193911023 0.02562729139585791
0 0.5136552065767024 0.5929252544609316 0.03689250494291585 0.02406479139585791
0 0.11897937653864635 0.6016500491064956 0.04014483893530465 0.02724433847375849
0 0.16875654205196597 0.5970540523529064 0.040081171939110226 0.02568183847375849
0 0.21853370756528562 0.5924580555993174 0.03695617193911023 0.02562729139585791
0 0.26752962307860517 0.587848422076253 0.04014483893530461 0.02724433847375849
0 0.31658920558811926 0.5848012885531887 0.03689250494291585 0.02406479139585791
0 0.3655851211014388 0.5801916550301245 0.040081171939110226 0.02568183847375849
0 0.4122691201128557 0.5763223611986347 0.040081171939110226 0.02568183847375849
0 0.4604837856261753 0.5716990909060952 0.03689250494291585 0.02406479139585791
0 0.5071677846375922 0.5678297970746055 0.03682883794672147 0.02250229139585791
0 0.11792887110143888 0.5758687991064956 0.04014483893530465 0.02724433847375849
0 0.16926853661475852 0.5713000758918568 0.04001750494291585 0.024119338473758488
0 0.21667011862998092 0.5658819188298422 0.04014483893530461 0.02724433847375849
0 0.26494845113949494 0.5628211485373027 0.04001750494291585 0.024119338473758488
0 0.31238186665281453 0.5581842414752881 0.04001750494291585 0.024119338473758488
0 0.3606601991623286 0.5551234711827486 0.03689250494291585 0.02406479139585791
0 0.40734419817374545 0.5512541773512588 0.040081171939110226 0.02568183847375849
0 0.4539963636870651 0.546603633519769 0.03689250494291585 0.02406479139585791
0 0.500712196196579 0.5435155896882792 0.04014483893530461 0.02724433847375849
0 0.11769144916232861 0.5508824358759707 0.04320617193911027 0.02573638555165907
0 0.16590611467564825 0.5462591655834312 0.03689250494291585 0.02406479139585791
0 0.21415261368706506 0.5424171452908919 0.0401448389353047 0.02724433847375849
0 0.2623672792003847 0.5377938749983524 0.04001750494291585 0.024119338473758488
0 0.3090831117098987 0.5347058311668625 0.04001750494291585 0.024119338473758488
0 0.35570344372512114 0.5292740373353727 0.04326983893530469 0.027298885551659068
0 0.4032641932308296 0.5277621302733582 0.04014483893530461 0.02724433847375849
0 0.4483856922422464 0.5238655629029181 0.03695617193911023 0.02562729139585791
0 0.49350719125366316 0.5199689955324779 0.036956171939110403 0.02562729139585791
0 0.1163544422422464 0.5180699358759707 0.03689250494291585 0.02406479139585791
0 0.16456910775556602 0.5134466655834313 0.04320617193911027 0.025736385551659247
0 0.21047185676698285 0.5095637349824663 0.040081171939110226 0.02568183847375849
0 0.2579371057783996 0.5057080779204517 0.040081171939110226 0.02568183847375849
0 0.3054341882879137 0.502633670858437 0.040081171939110226 0.02568183847375849
0 0.34980627079742777 0.4995047167185217 0.04014483893530461 0.02724433847375849
0 0.3964902698088445 0.49563542288703194 0.03689250494291585 0.02406479139585791
0 0.4400492688202614 0.4917115819776415 0.03682883794672147 0.02250229139585791
0 0.48438951783167816 0.48780137783772604 0.03689250494291585 0.02406479139585791
0 0.11380510380123332 0.4938239123370204 0.03689250494291585 0.02406479139585791
0 0.16127035281265015 0.48996825527500576 0.03682883794672147 0.02250229139585791
0 0.20798618532216415 0.48688021144351606 0.03682883794672147 0.02250229139585791
0 0.25388893433358095 0.482997280842551 0.04001750494291585 0.024119338473758488
0 0.30135418334499786 0.4791416237805364 0.04001750494291585 0.024119338473758488
0 0.3449450158545118 0.4759990328711458 0.04314250494291585 0.024173885551659068
0 0.3908159313678315 0.4713348522701809 0.04001750494291585 0.024119338473758488
0 0.43596926387734547 0.4682195348997407 0.03682883794672165 0.02250229139585791
0 0.4795600963868595 0.46507694399035027 0.03682883794672147 0.02250229139585791
0 0.11210068235641464 0.47115402556754515 0.03695617193911027 0.02562729139585791
0 0.15728584836402587 0.468819958197105 0.03689250494291589 0.02406479139585791
0 0.20478293087353988 0.46574555113509053 0.03682883794672147 0.02250229139585791
0 0.25059017939066514 0.4595188705341255 0.03364017095052709 0.02088524431795715
0 0.29733784539827635 0.4572120767026357 0.03364017095052709 0.02088524431795715
0 0.34011559440969313 0.45327459902377 0.03364017095052709 0.02088524431795715
0 0.3853007604173044 0.4509405316533298 0.03689250494291585 0.02406479139585791
0 0.431171675930624 0.4462763510523649 0.03689250494291585 0.02406479139585791
0 0.47482617543633243 0.4446962601429744 0.03682883794672147 0.02250229139585791
0 0.15789334342111 0.44540973173605547 0.03682883794672147 0.02250229139585791
0 0.2023290929268184 0.4438432775961402 0.04001750494291585 0.024119338473758488
0 0.5773993715957305 0.5862309695578956 0.040081171939110406 0.02568183847375849
0 0.6256140371090501 0.581607699265356 0.03695617193911023 0.02562729139585791
0 0.6707673696185641 0.578492381894916 0.03682883794672147 0.02250229139585791
0 0.7198269521280781 0.5754452483718516 0.03682883794672147 0.02250229139585791
0 0.7664791176413978 0.5707947045403619 0.03370383794672147 0.022447744317957152
0 0.8131949501509117 0.5677066607088721 0.036956171939110403 0.02562729139585791
0 0.859815282166134 0.5622748668773822 0.03682883794672165 0.02250229139585791
0 0.5709119496566202 0.5611355121715693 0.04001750494291585 0.024119338473758488
0 0.6176596156642314 0.5588287183400796 0.03682883794672147 0.02250229139585791
0 0.6627811146756482 0.5549321509696394 0.03682883794672165 0.02250229139585791
0 0.7109639466908707 0.5495276306770999 0.03682883794672147 0.02250229139585791
0 0.5629575282118016 0.5383565312462928 0.03682883794672147 0.02250229139585791
0 0.6096415272232184 0.5344872374148031 0.03364017095052709 0.020885244317956974
0 0.6562618592384408 0.5290554435833131 0.03682883794672147 0.02250229139585791
0 0.7014151917479549 0.525940126212873 0.03689250494291585 0.02406479139585791
0 0.7568666957022875 0.5456447000761349 0.03682883794672147 0.02250229139585791
0 0.8019881947137044 0.5417481327056948 0.03689250494291585 0.02406479139585773
0 0.8487040272232182 0.538660088874205 0.03682883794672165 0.02250229139585791
0 0.5572831897707885 0.5140559606294418 0.04001750494291585 0.024119338473758488
0 0.6031859387822053 0.5101730300284768 0.03682883794672147 0.02250229139585791
0 0.6483392712917193 0.5070577126580366 0.03682883794672147 0.02250229139585791
0 0.6910851868050389 0.5023389849791711 0.03682883794672147 0.02250229139585791
0 0.7369879358164557 0.4984560543782061 0.03689250494291585 0.02406479139585791
0 0.7473179407593716 0.522057195611908 0.03682883794672147 0.02250229139585791
0 0.7924394397707883 0.5181606282414679 0.03689250494291585 0.02406479139585791
0 0.8375609387822053 0.5142640608710278 0.04008117193911005 0.02568183847375849
0 0.7821412683259698 0.49534073700776593 0.03682883794672147 0.02250229139585791
0 0.7620078404553604 0.441902091309837 0.04001750494291585 0.024119338473758488
0 0.8834955212917194 0.5111623802700628 0.03682883794672165 0.02250229139585791
0 0.9072805311775511 0.5584192098153676 0.04001750494291585 0.024119338473758488
0 0.9555906971851623 0.5561396895228281 0.03682883794672165 0.02250229139585791
0 0.9421038587441493 0.5317027512112255 0.04001750494291585 0.024119338473758488
0 0.8945749427365379 0.5339959082732401 0.03682883794672165 0.02250229139585791
0 0.928585186805039 0.5064845628996227 0.03682883794672165 0.02250229139585791
0 0.9175694323564146 0.48521353489644553 0.03364017095052709 0.02088524431795715
0 0.8716666833449978 0.48909646549741037 0.03682883794672165 0.02250229139585791
0 0.9022017589344296 0.45293682304589244 0.036765170950527094 0.020939791395857908
0 0.8919990879839025 0.4324606818121904 0.03364017095052709 0.02088524431795715
0 0.8578615099230127 0.4568470271858077 0.04001750494291585 0.024119338473758488
0 0.8127400109115961 0.46074359455624786 0.03682883794672165 0.02250229139585791
0 0.7691491784020819 0.4638861854656383 0.03689250494291585 0.02406479139585791
0 0.7255901793906652 0.4678100263750288 0.03682883794672147 0.02250229139585791
0 0.6796874303792483 0.4716929569759937 0.03682883794672147 0.02250229139585791
0 0.6361284313678315 0.4756167978853843 0.036765170950527094 0.02093979139585773
0 0.592473931862123 0.47719688879477484 0.03682883794672147 0.02250229139585791
0 0.5473842663488034 0.48187470616521483 0.03682883794672147 0.02250229139585791
0 0.5402429284020819 0.4598906120094135 0.03682883794672165 0.02250229139585791
0 0.5830843444096931 0.457515634330548 0.03682883794672147 0.02250229139585791
0 0.6274564269192072 0.45438668019063255 0.03357650395433272 0.019322744317957153
0 0.6726097594287211 0.4512713628201924 0.03682883794672147 0.02250229139585791
0 0.7153238414439437 0.44577138514132686 0.03682883794672147 0.02250229139585791
0 0.8288252673373865 0.49147144317627606 0.03689250494291585 0.02406479139585791
0 0.8055986729648744 0.43875950040044653 0.03682883794672165 0.02250229139585791
0 0.8468457554743886 0.43557599918263057 0.03689250494291585 0.02406479139585791
0 0.5331334239534578 0.4386877678536122 0.03682883794672165 0.02250229139585791
0 0.5782867564629717 0.43557245048317206 0.03364017095052709 0.02088524431795715
0 0.6210326719762913 0.4308537228043064 0.03357650395433254 0.019322744317957153
0 0.6646553379839025 0.4284923818949159 0.03364017095052709 0.02088524431795715
0 0.7089955869953194 0.4245821777550006 0.03682883794672147 0.02250229139585791
0 0.7502745030029306 0.4221799265371846 0.03364017095052709 0.02088524431795715
0 0.7945829185162502 0.4174884723972694 0.03682883794672165 0.02250229139585791
0 0.8373925010257641 0.4143322447184037 0.03364017095052709 0.02088524431795715
0 0.879389000037181 0.41038113027006284 0.03682883794672165 0.022502291395857733
0 0.8271261630790427 0.3922936034847016 0.03357650395433254 0.019322744317957153
0 0.785129664067626 0.39624471793304245 0.03682883794672147 0.02250229139585791
0 0.742351915056209 0.40018219561190804 0.03682883794672147 0.02250229139585791
0 0.7003872495428894 0.40491456006024895 0.03682883794672147 0.02250229139585791
0 0.658295250037181 0.4065219245085897 0.03682883794672147 0.02250229139585791
0 0.6139550010257643 0.41043212864850503 0.03364017095052709 0.02088524431795715
0 0.5711772520143474 0.41436960632737063 0.03364017095052709 0.020885244317956974
0 0.5276182530029306 0.4182934472367612 0.03364017095052709 0.02088524431795715
0 0.7739229086304185 0.37028618992986523 0.03670150395433254 0.01937729139585782
0 0.7303002426228072 0.3726475308392557 0.03357650395433272 0.019322744317957153
0 0.689021326615196 0.3750497820570717 0.03357650395433272 0.019322744317957153
0 0.7224413216722801 0.3522122999139792 0.03364017095052709 0.02088524431795715
0 0.6804448226608633 0.35616341436232 0.03364017095052709 0.02088524431795715
0 0.646992994105682 0.3782196465054125 0.03351283695813834 0.01776024431795715
0 0.6050283285923623 0.3829520109537533 0.03357650395433272 0.019322744317957153
0 0.5614374960828483 0.3860946018631438 0.036765170950527094 0.02093979139585782
0 0.5209716635733344 0.38929173985043497 0.03357650395433272 0.019322744317957153
0 0.5131127426228073 0.3688565089251584 0.03351283695813834 0.01776024431795715
0 0.5559223251323212 0.3657002812462928 0.03351283695813834 0.01776024431795715
0 0.5979506576418353 0.362530416797952 0.03351283695813834 0.01776024431795715
0 0.6391977401513493 0.359346915580136 0.03357650395433272 0.019322744317957153
0 0.6321519026989194 0.33970657142433464 0.03364017095052709 0.02088524431795715
0 0.6718683187065306 0.3372770466675683 0.03357650395433254 0.019322744317957153
0 0.5496895711779886 0.3468548238599666 0.03351283695813834 0.01776024431795715
0 0.5916860701894053 0.3429037094116258 0.03670150395433271 0.01937729139585782
0 0.5433931502274615 0.32644686647364046 0.03357650395433272 0.019322744317957153
0 0.5084424886684745 0.35003832507778265 0.03364017095052709 0.02088524431795715
0 0.5021142342198502 0.3288491176914564 0.036765170950527094 0.02093979139585782
0 0.24898125844013802 0.43919273376465034 0.03682883794672147 0.02250229139585791
0 0.29257209094965203 0.4360501428552599 0.03682883794672147 0.02250229139585791
0 0.33694417345916605 0.43292118871534446 0.03364017095052709 0.020885244317956974
0 0.3812844224705829 0.42901098457542924 0.03357650395433272 0.019322744317956976
0 0.4256246714819997 0.4251007804355139 0.03357650395433272 0.019322744317957153
0 0.46840242049341657 0.4211633027566483 0.03682883794672147 0.02250229139585791
0 0.19952508650102777 0.41334725405718975 0.03682883794672147 0.02250229139585791
0 0.2446147520143474 0.4086694366867496 0.03682883794672147 0.02250229139585791
0 0.28820558452386147 0.40552684577735915 0.03689250494291585 0.02406479139585791
0 0.3318282505314726 0.40316550486796865 0.03689250494291585 0.02406479139585791
0 0.37466966653908385 0.40079052718910296 0.03682883794672147 0.02250229139585791
0 0.4190099155505007 0.3968803230491877 0.03682883794672147 0.02250229139585782
0 0.46181949806001465 0.39372409537032205 0.03682883794672147 0.02250229139585791
0 0.4554912436113904 0.37253488798399587 0.03351283695813834 0.01776024431795715
0 0.4515704061589605 0.35294909090609516 0.03364017095052709 0.02088524431795715
0 0.44458823570272504 0.33487124675029384 0.03682883794672147 0.02250229139585782
0 0.4056212361970166 0.3365331582765353 0.03682883794672147 0.02250229139585782
0 0.4103233236494465 0.3561325921239112 0.03689250494291585 0.02406479139585782
0 0.4135265780980708 0.3772672524323367 0.03689250494291585 0.02406479139585782
0 0.37149824558855676 0.3804371168806775 0.036765170950527094 0.02093979139585782
0 0.36751374113993246 0.3592888198027768 0.03682883794672147 0.02250229139585782
0 0.32940624608284835 0.38204448132901836 0.03682883794672147 0.02250229139585782
0 0.28503416357333433 0.3851734354689337 0.03689250494291585 0.02406479139585782
0 0.24147516456191748 0.38909727637832414 0.04001750494291585 0.024119338473758488
0 0.2819264096190016 0.3663825251605081 0.03682883794672147 0.02250229139585782
0 0.32392290863041845 0.36243141071216733 0.03689250494291585 0.02406479139585782