0 0.5680357928205746 0.5708469092912148 0.04656746515360979 0.03699216014423623
0 0.5036285524392214 0.5848561643252079 0.05147321996293321 0.04335126291777787
0 0.6325521606065895 0.5599626542572217 0.05147321996293321 0.04335126291777787
0 0.43838549835553753 0.5973211031547914 0.05470734736759475 0.046548998100139016
0 0.5141865957231323 0.6409061425737148 0.04991071996293321 0.04331489532659738
0 0.6947247783926043 0.5491329506099994 0.05147321996293321 0.04335126291777787
0 0.6423562357416658 0.6168120663013189 0.04991071996293304 0.0433148953265972
0 0.5858929262156861 0.5000616306058676 0.05147321996293304 0.04335126291777769
0 0.4593130680483181 0.524900589287083 0.05147321996293304 0.04335126291777769
0 0.6495734802993701 0.48763305936746476 0.05147321996293304 0.04335126291777787
0 0.44975207349061375 0.6541341476077079 0.05147321996293321 0.04335126291777769
0 0.5600918619652011 0.7016066000206592 0.05314484736759475 0.046512630508958354
0 0.7052282579741844 0.6036204288585063 0.04673115626060209 0.041679660144236054
0 0.6245263841977197 0.6883785949866661 0.05147321996293304 0.04335126291777769
0 0.5802381816579818 0.6292042699485412 0.04991071996293321 0.04331489532659738
0 0.49563005788151704 0.7140533550546524 0.05147321996293321 0.04335126291777769
0 0.5229390584296713 0.5109095180486801 0.05147321996293304 0.04335126291777787
0 0.6874256882814038 0.6759682075438536 0.04991071996293321 0.0433148953265972
0 0.3731424442718535 0.6097860419843747 0.05626984736759484 0.046585365691319505
0 0.7576240824762884 0.5367225631671868 0.05470734736759475 0.046548998100139016
0 0.39328876396463414 0.5373837119122566 0.05147321996293304 0.04335126291777769
0 0.7140352843830542 0.47518630433347164 0.05147321996293321 0.04335126291777787
0 0.7689088120578683 0.5911918576201035 0.05147321996293321 0.04335126291777787
0 0.38372776940692976 0.6666172702328816 0.05147321996293304 0.04335126291777769
0 0.6100099832945951 0.45180531535138846 0.05147321996293321 0.04335126291777769
0 0.48105909327606167 0.4759175754193746 0.053035719962933214 0.04338763050895835
0 0.4296603175001639 0.728098977679826 0.05147321996293321 0.04335126291777787
0 0.536029368588623 0.7514254152751384 0.05147321996293321 0.04335126291777769
0 0.7510789605139223 0.6627583863054507 0.04991071996293321 0.04331489532659738
0 0.6656796630536602 0.724951221411562 0.04991071996293304 0.0433148953265972
0 0.5415501599736172 0.4393248055677426 0.053035719962933214 0.04338763050895835
0 0.6061062556119315 0.7654320574676037 0.05147321996293321 0.04335126291777787