0 0.60703125 0.2362792301177929 0.025 0.017623876623205435
0 0.49765625 0.2577196278443167 0.025 0.016061376623205437
0 0.5734375 0.24702186120522523 0.025 0.016061376623205437
0 0.634375 0.267833193186162 0.0265625 0.016088650162155816
0 0.66953125 0.23675078855977932 0.025 0.016061376623205437
0 0.6390625 0.20447012256931094 0.0265625 0.016088650162155816
0 0.43671875 0.23690829586337997 0.025 0.017623876623205435
0 0.375 0.2364231006519184 0.0265625 0.016088650162155816
0 0.57265625 0.2892229979747004 0.0265625 0.016088650162155816
0 0.49609375 0.2983719013832671 0.0265625 0.016088650162155816
0 0.46796875 0.22542532508437318 0.025 0.016061376623205437
0 0.53046875 0.2258968835263596 0.025 0.016061376623205437
0 0.4609375 0.48570430600964976 0.025 0.014498876623205348
0 0.50234375 0.1521690572274657 0.028125 0.017678423701106106
0 0.61015625 0.17294343303989224 0.028125 0.017678423701106106
0 0.64140625 0.16302296226088545 0.0265625 0.017651150162155772
0 0.70625 0.16345361039444634 0.03125 0.017732970779006773
0 0.7359375 0.19418541315438986 0.03125 0.017732970779006773
0 0.6734375 0.19527635471240348 0.03125 0.017732970779006818
0 0.703125 0.18382065747234702 0.03125 0.017732970779006773
0 0.7359375 0.17309166315438987 0.03125 0.017732970779006773
0 0.640625 0.1841303490303606 0.03125 0.017732970779006773
0 0.6734375 0.17418260471240346 0.03125 0.017732970779006773
0 0.40703125 0.18352024310343645 0.028125 0.017678423701106106
0 0.40703125 0.16320774310343644 0.028125 0.017678423701106106
0 0.4390625 0.17358613555495447 0.028125 0.016115923701106104
0 0.4703125 0.18319691477594766 0.028125 0.016115923701106104
0 0.5015625 0.1943701939969409 0.028125 0.017678423701106106
0 0.4703125 0.16288441477594767 0.028125 0.017678423701106106
0 0.5015625 0.17327644399694087 0.028125 0.017678423701106106
0 0.5328125 0.18366847321793406 0.028125 0.017678423701106106
0 0.57734375 0.1844536773578494 0.028125 0.017678423701106106
0 0.609375 0.19405081980936742 0.028125 0.019240923701106104
0 0.61015625 0.15184968303989224 0.028125 0.017678423701106106
0 0.6078125 0.21595309334831775 0.028125 0.017678423701106106
0 0.57578125 0.22588720089679973 0.028125 0.016115923701106104
0 0.5 0.21549121753589118 0.0265625 0.016088650162155816
0 0.46875 0.204317938314898 0.0265625 0.017651150162155814
0 0.4390625 0.19389863555495448 0.025 0.017623876623205435
0 0.5 0.23658496753589123 0.025 0.016061376623205437
0 0.5296875 0.24778552029583473 0.025 0.016061376623205437
0 0.375 0.1723606006519184 0.028125 0.017678423701106106
0 0.37578125 0.19344071388244322 0.0296875 0.017705697240056485
0 0.40546875 0.2038600166423868 0.0265625 0.016088650162155816
0 0.4375 0.2158009090939048 0.0265625 0.016088650162155816
0 0.40703125 0.22648899310343645 0.028125 0.016115923701106104
0 0.375 0.2153293506519184 0.0265625 0.016088650162155816
0 0.34453125 0.20336118466145003 0.0234375 0.01603410308425506
0 0.3140625 0.19373676867098166 0.025 0.016061376623205437
0 0.28125 0.2036845129889388 0.025 0.016061376623205437
0 0.31328125 0.21562540544045686 0.0234375 0.01603410308425506
0 0.34453125 0.22523618466145004 0.025 0.016061376623205437
0 0.40546875 0.2468287666423868 0.0265625 0.016088650162155816
0 0.43671875 0.25722079586338 0.0265625 0.016088650162155816
0 0.46640625 0.24654634862332353 0.025 0.014498876623205436
0 0.4671875 0.2676264618538483 0.0265625 0.016088650162155816
0 0.4984375 0.27879974107484157 0.025 0.014498876623205436
0 0.528125 0.2892190438347851 0.025 0.014498876623205436
0 0.25234375 0.2784078234595201 0.028125 0.016115923701106104
0 0.190625 0.2560476282480585 0.028125 0.016115923701106104
0 0.19140625 0.2779089914785834 0.028125 0.016115923701106104
0 0.221875 0.26643965746905174 0.028125 0.016115923701106104
0 0.25234375 0.2557515734595201 0.028125 0.016115923701106104
0 0.28203125 0.2669521262194636 0.028125 0.016115923701106104
0 0.3125 0.257045292209932 0.028125 0.016115923701106104
0 0.2828125 0.24662598944998848 0.028125 0.016115923701106104
0 0.22109375 0.2461407942385269 0.028125 0.016115923701106104
0 0.190625 0.2357351282480585 0.028125 0.016115923701106104
0 0.25234375 0.2362203234595201 0.028125 0.016115923701106104
0 0.2203125 0.22584193100800207 0.028125 0.016115923701106104
0 0.375 0.2575168506519184 0.028125 0.016115923701106104
0 0.3421875 0.24637084496987555 0.028125 0.016115923701106104
0 0.3140625 0.23670551867098166 0.028125 0.016115923701106104
0 0.2828125 0.2255322394499885 0.028125 0.016115923701106104
0 0.2515625 0.21514021022899527 0.028125 0.016115923701106104
0 0.496875 0.3194520146137919 0.0265625 0.016088650162155816
0 0.52578125 0.3095724541432106 0.0265625 0.016088650162155816
0 0.3140625 0.3398305186709817 0.0265625 0.016088650162155816
0 0.34375 0.3283748214309252 0.025 0.016061376623205437
0 0.3125 0.318764042209932 0.025 0.016061376623205437
0 0.37578125 0.3192219638824432 0.025 0.016061376623205437
0 0.34375 0.3080623214309252 0.025 0.016061376623205437
0 0.2828125 0.30834473944998847 0.0265625 0.016088650162155816
0 0.37578125 0.2778157138824432 0.025 0.016061376623205437
0 0.34375 0.26743732143092525 0.025 0.016061376623205437
0 0.253125 0.3174566866900449 0.025 0.016061376623205437
0 0.31328125 0.27890665544045684 0.025 0.016061376623205437
0 0.2828125 0.28803223944998846 0.0265625 0.016088650162155816
0 0.253125 0.2979254366900449 0.025 0.016061376623205437
0 0.2234375 0.32813113393010135 0.0265625 0.016088650162155816
0 0.1921875 0.31773910470910816 0.025 0.016061376623205437
0 0.22265625 0.3078322706995766 0.0265625 0.016088650162155816
0 0.19140625 0.2974402414785834 0.0265625 0.016088650162155816
0 0.2234375 0.28828738393010134 0.0265625 0.016088650162155816
0 0.31328125 0.29843790544045684 0.028125 0.016115923701106104
0 0.375 0.2981418506519184 0.025 0.016061376623205437
0 0.465625 0.3090599853927987 0.0265625 0.016088650162155816
0 0.4046875 0.309342403411862 0.0265625 0.016088650162155816
0 0.43515625 0.29943556940233035 0.0265625 0.016088650162155816
0 0.4046875 0.28902990341186197 0.0265625 0.016088650162155816
0 0.4671875 0.28950146185384834 0.0265625 0.016088650162155816
0 0.4359375 0.27910943263285515 0.0265625 0.016088650162155816
0 0.40546875 0.26792251664238675 0.0265625 0.016088650162155816
0 0.34375 0.2877498214309252 0.025 0.016061376623205437
0 0.28359375 0.3278623526805133 0.025 0.016061376623205437
0 0.25234375 0.3385640734595201 0.025 0.016061376623205437
0 0.4921875 0.3804713352306429 0.0265625 0.014526150162155815
0 0.40234375 0.3890708137202875 0.0265625 0.014526150162155815
0 0.3421875 0.38855834496987557 0.025 0.014498876623205436
0 0.28359375 0.3887998526805133 0.025 0.014498876623205436
0 0.31484375 0.3788793819015065 0.025 0.014498876623205526
0 0.4625 0.3700520324706994 0.0265625 0.014526150162155815
0 0.49609375 0.36009065138326707 0.0265625 0.014526150162155815
0 0.43359375 0.37915034294128064 0.0265625 0.014526150162155815
0 0.37421875 0.3794054874213936 0.025 0.014498876623205436
0 0.40390625 0.36951229018133713 0.0265625 0.014526150162155815
0 0.43515625 0.3603730694023303 0.0265625 0.014526150162155815
0 0.46484375 0.3496986221622739 0.0265625 0.014526150162155815
0 0.37265625 0.3591202609603439 0.0265625 0.014526150162155815
0 0.34296875 0.3690134582004004 0.025 0.014498876623205436
0 0.2828125 0.3685009894499885 0.025 0.014498876623205436
0 0.31328125 0.3593754054404569 0.0265625 0.014526150162155815
0 0.34375 0.34946857143092525 0.0265625 0.014526150162155815
0 0.4046875 0.34996740341186194 0.0265625 0.014526150162155815
0 0.43515625 0.3400605694023303 0.0265625 0.014526150162155815
0 0.525 0.35021109091268576 0.0265625 0.014526150162155815
0 0.49609375 0.34055940138326707 0.0265625 0.014526150162155815
0 0.465625 0.32937248539279873 0.0265625 0.014526150162155815
0 0.40546875 0.3296412666423868 0.0265625 0.014526150162155815
0 0.4359375 0.31973443263285517 0.0265625 0.014526150162155815
0 0.37421875 0.3395617374213936 0.025 0.014498876623205436
0 0.253125 0.35886293669004493 0.0265625 0.014526150162155815
0 0.2828125 0.3489697394499885 0.025 0.014498876623205436
0 0.31328125 0.39921915544045683 0.0265625 0.014526150162155815
0 0.521875 0.4096406379905865 0.0265625 0.014526150162155815
0 0.43203125 0.418240116480231 0.0265625 0.014526150162155815
0 0.46328125 0.4098821457012242 0.0265625 0.014526150162155815
0 0.525 0.3705235909126857 0.0265625 0.014526150162155815
0 0.4921875 0.4000025852306429 0.0265625 0.014526150162155815
0 0.34375 0.4088435714309252 0.0265625 0.014526150162155815
0 0.315625 0.4179282451320313 0.0265625 0.014526150162155815
0 0.37265625 0.4184952609603439 0.0265625 0.014526150162155815
0 0.40234375 0.40938331372028747 0.0265625 0.014526150162155815
0 0.434375 0.40023045617180547 0.0265625 0.014526150162155815
0 0.4625 0.3895832824706994 0.0265625 0.014526150162155815
0 0.3734375 0.3997316241908687 0.025 0.014498876623205526
0 0.28515625 0.40908507914156295 0.0265625 0.014526150162155815
0 0.403125 0.42811967695081227 0.0234375 0.014471603084255236
0 0.4328125 0.4377577297107559 0.021875 0.012881829545304768
0 0.52109375 0.42840427476006165 0.021875 0.012881829545304768
0 0.49375 0.4187253116916926 0.025 0.014498876623205348
0 0.4625 0.4286457824706993 0.025 0.014498876623205348
0 0.49140625 0.43829747200011804 0.021875 0.014444329545304769
0 0.46171875 0.4474094192401745 0.025 0.014498876623205348
0 0.4328125 0.45572647971075586 0.025 0.016061376623205347
0 0.403125 0.44765092695081227 0.0234375 0.014471603084255236
0 0.3734375 0.43723162419086875 0.0234375 0.014471603084255057
0 0.34296875 0.4276072082004004 0.0234375 0.01603410308425506
0 0.28515625 0.427053829141563 0.0265625 0.014526150162155815
0 0.31484375 0.43747313190150655 0.025 0.014498876623205348
0 0.34375 0.44712482143092525 0.0234375 0.014471603084255057
0 0.3734375 0.45598162419086874 0.0234375 0.012909103084255058
0 0.49140625 0.45704747200011814 0.025 0.014498876623205348
0 0.4609375 0.46695430600964977 0.0234375 0.014471603084255236
0 0.5203125 0.4666991615295368 0.0234375 0.01603410308425506
0 0.48984375 0.4766059955390684 0.025 0.014498876623205526
0 0.51796875 0.4862713218379623 0.0234375 0.014471603084255057
0 0.48984375 0.4953559955390684 0.025 0.014498876623205526
0 0.43203125 0.47527136648023094 0.025 0.016061376623205347
0 0.403125 0.46718217695081227 0.0234375 0.014471603084255236
0 0.37265625 0.4755265109603439 0.0234375 0.012909103084255236
0 0.34375 0.46587482143092523 0.025 0.014498876623205348
0 0.3140625 0.4562367686709816 0.025 0.016061376623205347
0 0.284375 0.46612996591103817 0.03125 0.016170470779006862
0 0.31484375 0.4757543819015065 0.0265625 0.014526150162155815
0 0.34296875 0.48463845820040036 0.0234375 0.014471603084255057
0 0.75390625 0.662621767456461 0.0265625 0.016088650162155816
0 0.73125 0.5997359837712409 0.0265625 0.014526150162155815
0 0.78984375 0.5807444760606032 0.0265625 0.014526150162155815
0 0.6375 0.6615286461082613 0.0265625 0.014526150162155815
0 0.61015625 0.6518496830398922 0.0265625 0.014526150162155815
0 0.48046875 0.7127071367727705 0.0265625 0.014526150162155815
0 0.578125 0.7141275405883742 0.0265625 0.014526150162155815
0 0.665625 0.7063502224071552 0.0265625 0.014526150162155815
0 0.665625 0.6883814724071552 0.0265625 0.014526150162155815
0 0.6375 0.6794973961082613 0.0265625 0.014526150162155815
0 0.61015625 0.6518496830398922 0.0265625 0.014526150162155815
0 0.61171875 0.6338536595009419 0.0265625 0.014526150162155815
0 0.6984375 0.625308728089198 0.0265625 0.014526150162155815
0 0.78671875 0.6175177731385039 0.0265625 0.014526150162155815
0 0.84609375 0.6188251286583909 0.0265625 0.014526150162155815
0 0.8140625 0.6443842362068729 0.0265625 0.014526150162155815
0 0.61484375 0.5619241124230412 0.0265625 0.014526150162155815
0 0.72578125 0.6537376911575671 0.0265625 0.014526150162155815
0 0.75625 0.6446121071480355 0.0265625 0.014526150162155815
0 0.728125 0.6341655308491416 0.0265625 0.014526150162155815
0 0.7296875 0.5997632573101912 0.0265625 0.014526150162155815
0 0.728125 0.6169780308491416 0.0265625 0.014526150162155815
0 0.75703125 0.6266297203785604 0.0265625 0.014526150162155815
0 0.88125 0.5728989740320083 0.0265625 0.017651150162155814
0 0.8765625 0.6096995446488592 0.028125 0.016115923701106104
0 0.87890625 0.5909086343404338 0.0296875 0.017705697240056394
0 0.871875 0.6457188652657103 0.028125 0.016115923701106104
0 0.81171875 0.6639563965152984 0.028125 0.016115923701106104
0 0.78203125 0.6707245937553548 0.0265625 0.016088650162155816
0 0.753125 0.6806041542259361 0.025 0.016061376623205347
0 0.69296875 0.6964979354755242 0.0265625 0.012963650162155815
0 0.72421875 0.6709524646965174 0.028125 0.016115923701106104
0 0.63671875 0.6959172828777364 0.025 0.016061376623205347
0 0.6078125 0.7042343433483177 0.028125 0.012990923701106105
0 0.5796875 0.6961315170494238 0.025 0.016061376623205347
0 0.609375 0.6870195698093674 0.0234375 0.014471603084255057
0 0.55234375 0.6864525539810548 0.028125 0.014553423701106105
0 0.5796875 0.6781627670494238 0.0265625 0.016088650162155816
0 0.61015625 0.6690371830398922 0.0265625 0.016088650162155816
0 0.66796875 0.6711530620987297 0.025 0.016061376623205347
0 0.69453125 0.6792831619365739 0.0234375 0.012909103084255058
0 0.69609375 0.6612871383976235 0.025 0.016061376623205347
0 0.69765625 0.6440723648586731 0.025 0.016061376623205347
0 0.66953125 0.6344070385597793 0.0234375 0.01603410308425506
0 0.6390625 0.642751372569311 0.025 0.014498876623205348
0 0.66875 0.6531706753292544 0.025 0.016061376623205347
0 0.58125 0.6601667435104736 0.0234375 0.014471603084255057
0 0.55234375 0.6512963039810549 0.025 0.016061376623205347
0 0.5546875 0.6325053936726294 0.028125 0.01611592370110628
0 0.5828125 0.6242019699715232 0.025 0.012936376623205348
0 0.78515625 0.6362950466774542 0.0265625 0.014526150162155815
0 0.784375 0.6542774334469292 0.0265625 0.014526150162155815
0 0.8421875 0.6563933125057668 0.0265625 0.014526150162155815
0 0.84453125 0.6368211521973413 0.025 0.014498876623205348
0 0.875 0.6276955681878096 0.0265625 0.014526150162155815
0 0.81640625 0.6271558258984473 0.025 0.012936376623205348
0 0.34140625 0.6659157317393507 0.021875 0.014444329545304769
0 0.3703125 0.6763486712687694 0.028125 0.016115923701106104
0 0.3125 0.675795292209932 0.028125 0.016115923701106104
0 0.2859375 0.6661026923720877 0.025 0.016061376623205347
0 0.31171875 0.6578401789794072 0.025 0.014498876623205348
0 0.25546875 0.6580407763816194 0.0265625 0.016088650162155816
0 0.22890625 0.6483481765437752 0.025 0.014498876623205348
0 0.19921875 0.6387101237838316 0.0265625 0.016088650162155816
0 0.36953125 0.6927685580382447 0.025 0.014498876623205348
0 0.39765625 0.7024338843371385 0.025 0.014498876623205348
0 0.42578125 0.6933492106360324 0.025 0.016061376623205347
0 0.453125 0.7030281737044014 0.0265625 0.016088650162155816
0 0.4828125 0.6954787264643449 0.025 0.016061376623205347
0 0.5109375 0.6871753027632389 0.0265625 0.016088650162155816
0 0.4828125 0.677509976464345 0.0234375 0.014471603084255236
0 0.4546875 0.6858134001654511 0.025 0.016061376623205347
0 0.42578125 0.6761617106360324 0.0265625 0.014526150162155815
0 0.39765625 0.6844651343371385 0.025 0.016061376623205347
0 0.39765625 0.6672776343371385 0.025 0.016061376623205347
0 0.42734375 0.658946937097082 0.0265625 0.014526150162155815
0 0.4546875 0.6678446501654511 0.0265625 0.016088650162155816
0 0.4828125 0.6603224764643449 0.028125 0.01611592370110628
0 0.5125 0.6504292792242885 0.0265625 0.016088650162155816
0 0.484375 0.6415452029253946 0.025 0.016061376623205524
0 0.4546875 0.649875900165451 0.025 0.016061376623205347
0 0.5140625 0.6332145056853381 0.0265625 0.016088650162155816
0 0.36953125 0.6583935580382446 0.025 0.014498876623205348
0 0.39765625 0.6508713843371385 0.025 0.014498876623205348
0 0.428125 0.640183300327607 0.025 0.012936376623205348
0 0.48671875 0.6235355426169691 0.0265625 0.012963650162155815
0 0.45546875 0.6318935133959759 0.0265625 0.016088650162155816
0 0.428125 0.6222145503276069 0.0265625 0.014526150162155815
0 0.3984375 0.6321077475676633 0.0234375 0.014471603084255057
0 0.3703125 0.6396299212687694 0.0234375 0.012909103084255058
0 0.3421875 0.6487145949698755 0.0234375 0.012909103084255236
0 0.34296875 0.6315134582004004 0.0234375 0.012909103084255058
0 0.3125 0.6398577922099321 0.025 0.012936376623205348
0 0.284375 0.6489424659110381 0.0234375 0.014471603084255057
0 0.25625 0.6392771396121443 0.0234375 0.012909103084255236
0 0.228125 0.6303930633132504 0.025 0.014498876623205348
0 0.19921875 0.6215226237838316 0.0265625 0.012963650162155815
0 0.22734375 0.6124379500827255 0.0234375 0.012909103084255058
0 0.1984375 0.6043487605533068 0.025 0.016061376623205347
0 0.228125 0.5952368133132504 0.0234375 0.014471603084255236
0 0.19921875 0.5855851237838317 0.0234375 0.014471603084255057
0 0.22734375 0.5757192000827256 0.0265625 0.014526150162155815
0 0.19765625 0.566862397322782 0.0265625 0.014526150162155815
0 0.2859375 0.6309464423720877 0.0234375 0.016034103084255236
0 0.25625 0.6220896396121443 0.0234375 0.012909103084255236
0 0.3140625 0.6218617686709816 0.028125 0.012990923701106282
0 0.3421875 0.6135583449698755 0.0234375 0.014471603084255236
0 0.37109375 0.6216475344992942 0.025 0.014498876623205348
0 0.39921875 0.6141253607981881 0.0265625 0.016088650162155816
0 0.428125 0.605027050327607 0.025 0.014498876623205348
0 0.45625 0.6146923766265007 0.0234375 0.014471603084255057
0 0.48515625 0.6055940661559195 0.0234375 0.014471603084255236
0 0.515625 0.5972497321463879 0.028125 0.016115923701106104
0 0.55625 0.597321870133679 0.028125 0.014553423701106105
0 0.55703125 0.5785582333642039 0.0265625 0.016088650162155816
0 0.51484375 0.577732118915863 0.0234375 0.014471603084255057
0 0.4875 0.5875844058474939 0.0265625 0.016088650162155816
0 0.4578125 0.5966963530875503 0.0265625 0.014526150162155815
0 0.3984375 0.5961702475676633 0.025 0.014498876623205348
0 0.37109375 0.6036787844992942 0.0234375 0.012909103084255058
0 0.34375 0.5963435714309252 0.025 0.012936376623205348
0 0.3140625 0.6046742686709816 0.0234375 0.012909103084255236
0 0.2859375 0.5950089423720878 0.028125 0.014553423701106105
0 0.28515625 0.612210079141563 0.0265625 0.014526150162155815
0 0.2578125 0.6040936160731938 0.025 0.012936376623205348
0 0.25625 0.5869333896121443 0.025 0.014498876623205348
0 0.25546875 0.5681970263816194 0.028125 0.016115923701106104
0 0.22734375 0.5585317000827256 0.028125 0.014553423701106105
0 0.2859375 0.5762589423720877 0.0234375 0.012909103084255236
0 0.31484375 0.5866918819015065 0.0234375 0.012909103084255058
0 0.34296875 0.5768259582004005 0.025 0.012936376623205348
0 0.3140625 0.5679555186709816 0.028125 0.012990923701106282
0 0.28515625 0.558303829141563 0.025 0.014498876623205348
0 0.25625 0.5494333896121442 0.028125 0.016115923701106104
0 0.25546875 0.5314782763816194 0.0265625 0.016088650162155816
0 0.37109375 0.5864912844992942 0.0265625 0.014526150162155815
0 0.39921875 0.5774066107981881 0.025 0.016061376623205347
0 0.42890625 0.5862634135581317 0.0265625 0.016088650162155816
0 0.4578125 0.5771651030875503 0.025 0.014498876623205348
0 0.4875 0.5688344058474939 0.0265625 0.016088650162155816
0 0.48828125 0.5508520190780187 0.025 0.016061376623205347
0 0.4875 0.5328969058474939 0.0265625 0.016088650162155816
0 0.4890625 0.5141196323085435 0.0265625 0.014526150162155815
0 0.459375 0.5044815795486001 0.025 0.012936376623205348
0 0.4015625 0.4851782004897626 0.0265625 0.014526150162155815
0 0.3734375 0.49504412419086874 0.0234375 0.012909103084255058
0 0.40234375 0.5039145637202875 0.0234375 0.014471603084255236
0 0.4328125 0.49400772971075585 0.0265625 0.016088650162155816
0 0.43203125 0.5127713664802309 0.025 0.012936376623205348
0 0.43046875 0.5315486400191813 0.021875 0.014444329545304769
0 0.4015625 0.5218969504897626 0.025 0.014498876623205348
0 0.3734375 0.5130128741908687 0.03125 0.013045470779006862
0 0.34375 0.5221248214309252 0.025 0.014498876623205348
0 0.31484375 0.5116918819015066 0.025 0.016061376623205347
0 0.3140625 0.49295551867098164 0.0234375 0.016034103084255236
0 0.3453125 0.5033475478919749 0.025 0.016061376623205347
0 0.284375 0.4840987159110381 0.028125 0.016115923701106104
0 0.28515625 0.502835079141563 0.034375 0.016225017856907442
0 0.284375 0.5208174659110382 0.0296875 0.016143197240056396
0 0.2859375 0.5395401923720878 0.028125 0.016115923701106104
0 0.31328125 0.5320316554404568 0.0296875 0.014580697240056395
0 0.3140625 0.5492055186709817 0.0265625 0.012963650162155815
0 0.34453125 0.54086118466145 0.0265625 0.014526150162155815
0 0.371875 0.5317901477298191 0.025 0.016061376623205347
0 0.4015625 0.5414282004897626 0.028125 0.014553423701106105
0 0.34375 0.5588435714309252 0.0265625 0.014526150162155815
0 0.37265625 0.5497452609603439 0.0296875 0.016143197240056396
0 0.371875 0.5685088977298192 0.025 0.014498876623205348
0 0.40078125 0.5594105872592378 0.0265625 0.014526150162155815
0 0.43046875 0.5502986400191814 0.025 0.012936376623205348
0 0.4578125 0.5599776030875503 0.025 0.016061376623205347
0 0.46015625 0.5427491927791249 0.0265625 0.016088650162155816
0 0.45859375 0.5232452163180753 0.0234375 0.016034103084255236
0 0.5171875 0.5237849586074376 0.025 0.014498876623205348
0 0.5171875 0.5417537086074374 0.0234375 0.017596603084255057
0 0.559375 0.5246110730557783 0.0296875 0.016143197240056396
0 0.5578125 0.5426070965947286 0.025 0.016061376623205347
0 0.42890625 0.5682946635581316 0.0265625 0.014526150162155815
0 0.76015625 0.24766892330065957 0.0296875 0.016143197240056396
0 0.79375 0.23770754221322726 0.0296875 0.016143197240056396
0 0.8578125 0.21705807711626335 0.0296875 0.016143197240056483
0 0.8265625 0.22775979789527012 0.0296875 0.016143197240056396
0 0.60390625 0.2574275271956936 0.0296875 0.016143197240056396
0 0.63671875 0.24747978287773648 0.0296875 0.016143197240056483
0 0.63828125 0.2271400093387861 0.0296875 0.016143197240056396
0 0.6703125 0.21642465179030418 0.0296875 0.016143197240056396
0 0.7015625 0.20494168101129734 0.0296875 0.016143197240056483
0 0.7328125 0.21611496023229054 0.0296875 0.016143197240056396
0 0.7640625 0.22728823945328375 0.0296875 0.016143197240056483
0 0.7953125 0.21736776867427698 0.0296875 0.016143197240056396
0 0.82734375 0.20587116112579498 0.0296875 0.016143197240056483
0 0.765625 0.2053859659143334 0.0296875 0.016143197240056396
0 0.7984375 0.19543822159637628 0.028125 0.016115923701106104
0 0.73203125 0.23722234700176573 0.028125 0.016115923701106104
0 0.7015625 0.22603543101129736 0.0265625 0.014526150162155815
0 0.6984375 0.247964978089198 0.028125 0.017678423701106106
0 0.6671875 0.2586666988682048 0.028125 0.016115923701106104
0 0.7296875 0.2575757573101912 0.0265625 0.016088650162155816
0 0.79296875 0.2588149289827025 0.028125 0.016115923701106104
0 0.8234375 0.24734559497317082 0.0265625 0.016088650162155816
0 0.85703125 0.2381654638857385 0.0265625 0.016088650162155816
0 0.82265625 0.26845298174264604 0.0265625 0.016088650162155816
0 0.76015625 0.26876267330065956 0.028125 0.016115923701106104
0 0.72890625 0.2794643940796664 0.028125 0.016115923701106104
0 0.69765625 0.2682911148586732 0.0265625 0.016088650162155816
0 0.66640625 0.27899283563767996 0.0265625 0.016088650162155816
0 0.60390625 0.27852127719569364 0.028125 0.016115923701106104
0 0.63359375 0.28894057995563716 0.028125 0.016115923701106104
0 0.60234375 0.2988610507346439 0.0265625 0.016088650162155816
0 0.571875 0.30954913474417556 0.0265625 0.012963650162155815
0 0.60234375 0.31917355073464393 0.0265625 0.016088650162155816
0 0.6328125 0.3092667167251123 0.0265625 0.016088650162155816
0 0.66484375 0.29933260917663035 0.025 0.016061376623205524
0 0.6953125 0.2894257751670987 0.028125 0.016115923701106104
0 0.69375 0.309765548706049 0.0265625 0.014526150162155815
0 0.6625 0.3196860194850559 0.0265625 0.014526150162155815
0 0.63203125 0.3295928534945875 0.0265625 0.014526150162155815
0 0.59921875 0.33954059781254464 0.025 0.014498876623205436
0 0.56796875 0.3502423185915514 0.025 0.014498876623205436
0 0.56796875 0.3697735685915514 0.025 0.014498876623205436
0 0.6 0.3606207110430694 0.025 0.014498876623205436
0 0.6296875 0.350727513803013 0.025 0.016061376623205437
0 0.6921875 0.3301053222449994 0.028125 0.014553423701106105
0 0.6609375 0.34080704302400616 0.0265625 0.016088650162155816
0 0.66015625 0.36113317979348136 0.025 0.016061376623205437
0 0.62890625 0.37027240057248817 0.0234375 0.014471603084255057
0 0.59765625 0.38019287135149493 0.025 0.014498876623205436
0 0.88828125 0.22746374310673173 0.025 0.016061376623205437
0 0.91953125 0.23785577232772495 0.028125 0.016115923701106104
0 0.8859375 0.24859840341515724 0.0265625 0.017651150162155814
0 0.9171875 0.2589904326361504 0.028125 0.016115923701106104
0 0.884375 0.2689381769541076 0.028125 0.016115923701106104
0 0.915625 0.28011145617510075 0.028125 0.016115923701106104
0 0.8546875 0.25851887419416403 0.028125 0.016115923701106104
0 0.85234375 0.2804347845025895 0.028125 0.016115923701106104
0 0.88203125 0.29085408726253303 0.0265625 0.014526150162155815
0 0.91328125 0.29968361648352626 0.0265625 0.014526150162155815
0 0.9109375 0.3208182767919518 0.028125 0.016115923701106104
0 0.8796875 0.3104262475709586 0.0265625 0.016088650162155816
0 0.85 0.3000069448110151 0.025 0.014498876623205436
0 0.81953125 0.2896012788205467 0.0265625 0.016088650162155816
0 0.78984375 0.2791819760606032 0.0265625 0.014526150162155815
0 0.75703125 0.28991097037856023 0.0265625 0.014526150162155815
0 0.7875 0.2995353863690286 0.0265625 0.014526150162155815
0 0.8171875 0.3099546891289722 0.0265625 0.014526150162155815
0 0.8484375 0.32034671834996536 0.0265625 0.014526150162155815
0 0.878125 0.329984771109909 0.0265625 0.014526150162155815
0 0.84453125 0.3415086521973413 0.028125 0.014553423701106105
0 0.81640625 0.33028082589844737 0.0265625 0.014526150162155815
0 0.78671875 0.3198615231385038 0.025 0.014498876623205436
0 0.75546875 0.3102507439175106 0.0265625 0.016088650162155816
0 0.7265625 0.2998178043880919 0.025 0.014498876623205436
0 0.725 0.32093882792704226 0.0296875 0.016143197240056483
0 0.721875 0.3413058750049429 0.028125 0.016115923701106104
0 0.690625 0.3504450957839497 0.028125 0.016115923701106104
0 0.784375 0.34099618344692934 0.028125 0.017678423701106106
0 0.81328125 0.35064787297634803 0.028125 0.016115923701106104
0 0.84453125 0.36182115219734123 0.0296875 0.016143197240056396
0 0.81171875 0.3709876465152984 0.0296875 0.016143197240056396
0 0.7828125 0.36055470698587966 0.028125 0.016115923701106104
0 0.7515625 0.3517251777648865 0.028125 0.014553423701106105
0 0.7546875 0.33057688068698576 0.028125 0.016115923701106104
0 0.71953125 0.36087803531336843 0.028125 0.016115923701106104
0 0.6890625 0.37000361932290005 0.028125 0.016115923701106104
0 0.65625 0.37995136364085724 0.028125 0.016115923701106104
0 0.62734375 0.38904967411143854 0.025 0.014498876623205436
0 0.59609375 0.3997513948904453 0.025 0.012936376623205436
0 0.565625 0.40965822889997694 0.0265625 0.014526150162155815
0 0.59609375 0.4200638948904453 0.025 0.014498876623205348
0 0.62578125 0.41017069765038877 0.025 0.014498876623205348
0 0.65546875 0.40105875041033234 0.0265625 0.016088650162155816
0 0.68828125 0.3903297560923752 0.0265625 0.016088650162155816
0 0.71796875 0.38121780885231876 0.028125 0.014553423701106105
0 0.75078125 0.3712700645343617 0.0265625 0.014526150162155815
0 0.7796875 0.3809217540637803 0.028125 0.014553423701106105
0 0.809375 0.3913410568237239 0.03125 0.016170470779006775
0 0.8078125 0.4116808303626742 0.03125 0.014607970779006862
0 0.778125 0.4012615276027307 0.028125 0.017678423701106106
0 0.7484375 0.39084222484278713 0.028125 0.016115923701106104
0 0.71640625 0.4007763323912691 0.0265625 0.016088650162155816
0 0.68671875 0.4106695296313256 0.028125 0.014553423701106105
0 0.71484375 0.4203348559302194 0.0234375 0.014471603084255236
0 0.746875 0.41040074838173746 0.0265625 0.014526150162155815
0 0.74453125 0.429972908690163 0.028125 0.014553423701106105
0 0.77578125 0.42083368791115616 0.0265625 0.016088650162155816
0 0.80546875 0.4304717406710997 0.0265625 0.016088650162155816
0 0.77421875 0.43961096145010653 0.0265625 0.016088650162155816
0 0.74296875 0.4487501822291133 0.028125 0.014553423701106283
0 0.7125 0.4399070162386449 0.0265625 0.016088650162155816
0 0.68359375 0.4302553267092263 0.0296875 0.016143197240056396
0 0.6546875 0.4198223871798076 0.0265625 0.014526150162155815
0 0.6234375 0.4297428579588144 0.0265625 0.014526150162155815
0 0.59296875 0.438868441968346 0.0265625 0.014526150162155815
0 0.56328125 0.4284491392084025 0.0265625 0.016088650162155816
0 0.653125 0.4385996607187579 0.025 0.014498876623205526
0 0.6234375 0.4484928579588144 0.0265625 0.014526150162155815
0 0.5921875 0.45763207873782114 0.0265625 0.012963650162155815
0 0.6828125 0.4490189634787014 0.0265625 0.014526150162155815
0 0.71171875 0.45867065300812015 0.025 0.014498876623205348
0 0.7734375 0.45915584821958166 0.028125 0.014553423701106283
0 0.80234375 0.4695887877490004 0.028125 0.016115923701106104
0 0.6515625 0.4573769342577082 0.028125 0.014553423701106283
0 0.621875 0.46805138149776476 0.0265625 0.014526150162155815
0 0.59140625 0.47717696550729627 0.028125 0.014553423701106105
0 0.56328125 0.4675116392084025 0.0265625 0.016088650162155816
0 0.56171875 0.48628891274735275 0.0265625 0.016088650162155816
0 0.65 0.47693545779665864 0.025 0.016061376623205347
0 0.68046875 0.46859112378712703 0.025 0.014498876623205348
0 0.71015625 0.47901042654707043 0.025 0.014498876623205348
0 0.740625 0.4691035925375388 0.0265625 0.014526150162155815
0 0.76953125 0.47875528206695755 0.028125 0.016115923701106104
0 0.79921875 0.48839333482690106 0.0265625 0.016088650162155816
0 0.76796875 0.49831380560590793 0.028125 0.01611592370110628
0 0.7390625 0.4878808660764892 0.0265625 0.014526150162155815
0 0.70859375 0.49700645008602085 0.0234375 0.014471603084255057
0 0.6796875 0.4865735105566021 0.0265625 0.016088650162155816
0 0.65 0.49646670779665864 0.025 0.016061376623205347
0 0.6203125 0.48760990503671503 0.028125 0.017678423701106106
0 0.58984375 0.4959542390462467 0.028125 0.016115923701106104
0 0.58828125 0.5139502625851969 0.0265625 0.016088650162155816
0 0.61875 0.5056059285756653 0.0265625 0.016088650162155816
0 0.67890625 0.5053371473260773 0.0265625 0.016088650162155816
0 0.73828125 0.5058632528459643 0.0265625 0.016088650162155816
0 0.796875 0.5071842451353266 0.0265625 0.014526150162155815
0 0.765625 0.5155422159143334 0.028125 0.016115923701106104
0 0.79609375 0.5259478819048018 0.028125 0.016115923701106104
0 0.8234375 0.5356268449731708 0.028125 0.01611592370110628
0 0.70625 0.5157973603944463 0.028125 0.016115923701106104
0 0.6765625 0.5256905576345028 0.025 0.014498876623205348
0 0.646875 0.5144900048745592 0.025 0.012936376623205348
0 0.6171875 0.5243832021146158 0.025 0.016061376623205524
0 0.5875 0.5334951493546722 0.025 0.016061376623205347
0 0.6171875 0.5431332021146157 0.025 0.012936376623205525
0 0.58671875 0.5514775361241473 0.025 0.014498876623205526
0 0.646875 0.5332400048745592 0.0265625 0.016088650162155816
0 0.67578125 0.543672944403978 0.0265625 0.016088650162155816
0 0.70546875 0.5345609971639215 0.0265625 0.016088650162155816
0 0.7359375 0.5254354131543899 0.028125 0.016115923701106104
0 0.76328125 0.5351143762227589 0.028125 0.016115923701106104
0 0.73515625 0.544980299923865 0.028125 0.012990923701106105
0 0.70390625 0.5533382707028719 0.028125 0.016115923701106104
0 0.67421875 0.5608877179429284 0.0265625 0.012963650162155815
0 0.6453125 0.5527985284135095 0.025 0.012936376623205348
0 0.79453125 0.5447251554437521 0.028125 0.016115923701106104
0 0.821875 0.5536228685121212 0.0296875 0.016143197240056396
0 0.85234375 0.5632472845025895 0.0296875 0.016143197240056396
0 0.7921875 0.5627348157521777 0.028125 0.016115923701106104
0 0.8203125 0.5724001420510716 0.028125 0.014553423701106105
0 0.85 0.5812569448110151 0.0265625 0.016088650162155816
0 0.81875 0.5903961655900218 0.028125 0.012990923701106105
0 0.84765625 0.6000478551194406 0.028125 0.014553423701106105
0 0.8171875 0.6091734391289721 0.0296875 0.014580697240056395
0 0.78984375 0.5987132260606032 0.028125 0.016115923701106104
0 0.76015625 0.5898564233006596 0.028125 0.016115923701106104
0 0.7609375 0.5718740365311844 0.0296875 0.016143197240056396
0 0.7640625 0.5538507394532838 0.028125 0.016115923701106104
0 0.70234375 0.5713342942418221 0.028125 0.014553423701106105
0 0.7328125 0.5622087102322906 0.028125 0.016115923701106104
0 0.73203125 0.5801910970017656 0.0265625 0.014526150162155815
0 0.7015625 0.5908791810112973 0.025 0.014498876623205348
0 0.67265625 0.5796649914818787 0.0265625 0.016088650162155816
0 0.64375 0.57001330195246 0.0265625 0.016088650162155816
0 0.6140625 0.5791252491925164 0.0296875 0.017705697240056394
0 0.58515625 0.5702548096630977 0.025 0.016061376623205347
0 0.5859375 0.5882099228936225 0.025 0.014498876623205348
0 0.6125 0.5979025227314667 0.025 0.014498876623205348
0 0.64375 0.58876330195246 0.0265625 0.016088650162155816
0 0.671875 0.5984286282513538 0.0265625 0.016088650162155816
0 0.6421875 0.6067593254914103 0.028125 0.016115923701106104
0 0.6125 0.6158712727314667 0.0265625 0.012963650162155815
0 0.5828125 0.6070144699715232 0.025 0.016061376623205347
0 0.63984375 0.6239877357998358 0.0265625 0.016088650162155816
0 0.6703125 0.6164246517903041 0.0265625 0.014526150162155815
0 0.69921875 0.6073263413197229 0.028125 0.014553423701106105