0 0.5927413995075691 0.4621156227903338 0.04495013050895835 0.05283549498543501
0 0.5989355417000343 0.5314195522572204 0.04978310087368065 0.05922188730530316
0 0.5873285073151038 0.3927889612701358 0.04978310087368065 0.05922188730530307
0 0.60594730148368 0.5991382496707957 0.04985583605604162 0.062346887305303154
0 0.6600366958603467 0.5226152020989357 0.04978310087368065 0.05922188730530316
0 0.5810798137358677 0.32582878180324926 0.04978310087368065 0.05922188730530316
0 0.6476120438842358 0.3855698431651626 0.0497103656913195 0.056096887305303156
0 0.5183596485576385 0.4377353999082224 0.04978310087368065 0.05922188730530316
0 0.5308024843293397 0.5739995088419956 0.04978310087368065 0.05922188730530316
0 0.5113297049784025 0.3707979524946472 0.04978310087368065 0.05922188730530316
0 0.6670120880528121 0.591896399512511 0.04978310087368065 0.05922188730530316
0 0.729786804617812 0.47764603140753775 0.051345600873680654 0.05926735141192587
0 0.64060028410059 0.31785114575158735 0.048147865691319326 0.056051423198680436
0 0.7212307286297566 0.4091915481005852 0.04978310087368065 0.05922188730530316
0 0.6530794874634719 0.45255275468536055 0.0497103656913195 0.056096887305303156
0 0.735962763014687 0.5477312108744244 0.04978310087368065 0.05922188730530316
0 0.523790724545694 0.5062808114284204 0.04978310087368065 0.05922188730530316
0 0.715018402641701 0.3406688686336986 0.04978310087368065 0.05922188730530316
0 0.6120868922893743 0.6707859291376822 0.052980836056041626 0.06243781551854859
0 0.574849303952222 0.25808735233636265 0.04978310087368065 0.05922188730530316
0 0.5377415089306246 0.6448432062555709 0.04978310087368065 0.05922188730530316
0 0.5066980627859372 0.30144855892113787 0.04978310087368065 0.05922188730530316
0 0.6343697743169442 0.25010971628470074 0.04978310087368065 0.05922188730530316
0 0.6746959950629161 0.664279864872775 0.04978310087368065 0.05922188730530316
0 0.47061313279006906 0.4094572872135256 0.04978310087368065 0.05922188730530316
0 0.4822383509705898 0.5473066282006102 0.04978310087368065 0.05922188730530316
0 0.7436830376159718 0.6185521762346883 0.04978310087368065 0.05922188730530316
0 0.7790776365897912 0.506659929995612 0.04978310087368065 0.05922188730530316
0 0.7080248266536456 0.27216892122012337 0.04978310087368065 0.05922188730530316
0 0.7643456022048608 0.3681202672217728 0.04978310087368065 0.05922188730530316
0 0.4501902235957635 0.48187785649299775 0.04978310087368065 0.05922188730530316
0 0.7995369133752774 0.4326768607161398 0.048147865691319326 0.056051423198680436