0 0.3856749213483853 0.20329325983808105 0.02668067466803503 0.021704581637205768
0 0.49596298155503976 0.22017646540143354 0.02668067466803503 0.021704581637205768
0 0.416979463502863 0.211030516735486 0.02668067466803503 0.021704581637205768
0 0.3553788881708981 0.2345775593631112 0.028243174668035033 0.021786468792335523
0 0.32160787616884556 0.20586938319840087 0.02668067466803503 0.021704581637205768
0 0.35266243344863374 0.17063789009580582 0.02668067466803503 0.021704581637205768
0 0.5599073068870049 0.1965065920411137 0.02668976502711473 0.023267081637205766
0 0.6216260568870047 0.19327204941348852 0.028243174668035033 0.021786468792335523
0 0.4187919483775525 0.25391737958035626 0.028243174668035033 0.021786468792335523
0 0.4954226260706497 0.2616236589789984 0.02981476502711473 0.02343085594746528
0 0.5262408340143678 0.18576716587640338 0.02668067466803503 0.021704581637205768
0 0.46295049365528823 0.18752109565915834 0.02668067466803503 0.021704581637205768
0 0.524656649878363 0.45077469018666283 0.02666249394987581 0.01857958163720568
0 0.49455449677854624 0.11240490897899842 0.02981476502711473 0.02343085594746528
0 0.3852931262670414 0.13766825983808104 0.029832945745273863 0.02655585594746528
0 0.35164028893302385 0.12927258367337072 0.028252265027114642 0.02334896879233552
0 0.2860016533944044 0.13036809418882028 0.032948855386194256 0.025157130257724793
0 0.25728630093507643 0.1646955065587207 0.032948855386194256 0.025157130257724793
0 0.32057209611461623 0.16216032677596576 0.032948855386194256 0.025157130257724793
0 0.2892584636010589 0.15286056987856078 0.032948855386194256 0.025157130257724793
0 0.25715903590796174 0.1428205065587207 0.032948855386194256 0.025157130257724793
0 0.3517584636010589 0.1495850836733707 0.032948855386194256 0.025157130257724793
0 0.3204493762670414 0.14106657677596574 0.032948855386194256 0.025157130257724793
0 0.5900624394987579 0.14100354251608355 0.02981476502711473 0.02343085594746528
0 0.5899397196511831 0.11990979251608355 0.029823855386194253 0.024993355947465278
0 0.5579675569852005 0.13174472919624347 0.02981476502711473 0.02343085594746528
0 0.5259999394987579 0.14436091587640337 0.02981476502711473 0.02343085594746528
0 0.49402777683277543 0.1561958525565633 0.029823855386194253 0.024993355947465278
0 0.5258726744716433 0.12248591587640338 0.029823855386194253 0.024993355947465278
0 0.49546755698520056 0.13502021540143355 0.02981476502711473 0.02343085594746528
0 0.46193289431921813 0.14693703923672322 0.029823855386194253 0.024993355947465278
0 0.4158345991396784 0.14857146031305088 0.029832945745273776 0.02655585594746528
0 0.3854249364736958 0.16032450983808105 0.029832945745273953 0.02655585594746528
0 0.38594711123992675 0.11575231626051616 0.028252265027114642 0.02334896879233552
0 0.3855476563212707 0.18141825983808105 0.029823855386194253 0.024993355947465278
0 0.416861288834828 0.190718016735486 0.02981476502711473 0.02343085594746528
0 0.4941459515008105 0.1765083525565633 0.02668067466803503 0.021704581637205768
0 0.5261226593463328 0.1654546658764034 0.029823855386194253 0.024993355947465278
0 0.5580902768327756 0.15283847919624347 0.02668976502711473 0.023267081637205766
0 0.49505901170746497 0.19912365897899842 0.02668067466803503 0.021704581637205768
0 0.46230105386194265 0.2102182892367232 0.02668067466803503 0.021704581637205768
0 0.6220300569852005 0.12838735583592364 0.029832945745273776 0.02655585594746528
0 0.6221618671918551 0.15104360583592363 0.02981476502711473 0.02343085594746528
0 0.5901851593463328 0.16209729251608357 0.028243174668035033 0.021786468792335523
0 0.5574317466803503 0.17397317277380836 0.028243174668035033 0.021786468792335523
0 0.5879686743734475 0.18409512324877816 0.02981476502711473 0.02343085594746528
0 0.62306583703943 0.17209641225835876 0.028243174668035033 0.021786468792335523
0 0.6534709545258726 0.1595621127333286 0.02668067466803503 0.021704581637205768
0 0.6846709575509348 0.14933061963073357 0.026680674668034855 0.021704581637205768
0 0.7159754997054124 0.15706787652813853 0.02668067466803503 0.021704581637205768
0 0.6855749273985096 0.1703834260531687 0.02668067466803503 0.021704581637205768
0 0.6520357195529872 0.18151899988845838 0.02668067466803503 0.021704581637205768
0 0.5888771894005621 0.20592917967121332 0.02668067466803503 0.021704581637205768
0 0.5584629815550397 0.21690097919624346 0.028243174668035033 0.021786468792335523
0 0.5263726442210223 0.2084234158764034 0.02668067466803503 0.021704581637205768
0 0.5257141140685971 0.22955810945396826 0.028243174668035033 0.021786468792335523
0 0.49530445140261464 0.2413111589789984 0.02668067466803503 0.021704581637205768
0 0.46410444837755255 0.25154265208159343 0.02667158430895533 0.020142081637205766
0 0.7445459273003137 0.23215640773580298 0.02981476502711473 0.02343085594746528
0 0.8077044574527388 0.20774622795304803 0.02981476502711473 0.02343085594746528
0 0.8062646773003136 0.22892186510817777 0.02981476502711473 0.02343085594746528
0 0.7757322947867564 0.21958116463320793 0.02981476502711473 0.02343085594746528
0 0.7444186622731991 0.21028140773580298 0.02981476502711473 0.02343085594746528
0 0.7140089996072165 0.22203445726083312 0.02981476502711473 0.023430855947465367
0 0.682699912273199 0.21351595036342816 0.02981476502711473 0.023430855947465367
0 0.7146675297596417 0.20089976368326828 0.02981476502711473 0.02343085594746528
0 0.7763862797596417 0.19766522105564305 0.02981476502711473 0.02343085594746528
0 0.8091442376051641 0.18657059079791827 0.02981476502711473 0.02343085594746528
0 0.7466396924256242 0.1890648270031084 0.02981476502711473 0.02343085594746528
0 0.7786118550916067 0.17722989032294845 0.02981476502711473 0.02343085594746528
0 0.6209766170936593 0.2159692429910534 0.02981476502711473 0.02343085594746528
0 0.652944234580102 0.20335305631089348 0.02981476502711473 0.02343085594746528
0 0.6841396924256242 0.19234031320829845 0.02981476502711473 0.02343085594746528
0 0.715321514732527 0.1789838201057034 0.02981476502711473 0.02343085594746528
0 0.7480794725780493 0.1678891898479786 0.02981476502711473 0.02343085594746528
0 0.49398284591822444 0.2827992961341282 0.028243174668034852 0.021786468792335523
0 0.4642317134046672 0.27341765208159347 0.028243174668035033 0.021786468792335523
0 0.6800567013044188 0.2964922246736877 0.028243174668035033 0.021786468792335523
0 0.6495288639704013 0.2879327741987178 0.028243174668035033 0.02178646879233561
0 0.6822868218159235 0.27683814394099304 0.028243174668035033 0.02178646879233561
0 0.6182152314568439 0.27863301730131285 0.028243174668035033 0.02178646879233561
0 0.6494015989432866 0.26605777419871784 0.028243174668035033 0.02178646879233561
0 0.7119061441228264 0.2635635379935278 0.028243174668035033 0.021786468792335523
0 0.6187464965821545 0.235623323723748 0.028243174668035033 0.02178646879233561
0 0.6515089996072165 0.2253099434660232 0.028243174668035033 0.02178646879233561
0 0.7424385266363838 0.2729042384684976 0.028243174668035033 0.021786468792335523
0 0.6820413821207738 0.23465064394099305 0.028243174668035033 0.02178646879233561
0 0.7141317194547914 0.24312820726083312 0.028243174668035033 0.02178646879233561
0 0.7423203519683488 0.2525917384684976 0.028243174668035033 0.021786468792335523
0 0.7721851139704012 0.2815046325210323 0.028243174668035033 0.021786468792335523
0 0.8041618218159237 0.2704509458408724 0.02824317466803521 0.021786468792335523
0 0.7736248941228264 0.2603289953659026 0.028243174668035033 0.021786468792335523
0 0.8056016019683486 0.24927530868574266 0.02824317466803521 0.021786468792335523
0 0.7750737646343312 0.24071585821077282 0.028243174668035033 0.021786468792335523
0 0.6813783067888088 0.2550040875185579 0.02981476502711473 0.023430855947465367
0 0.6180879664297293 0.25675801730131287 0.028243174668035033 0.02178646879233561
0 0.5259595537637468 0.27174560945396825 0.028243174668035033 0.021786468792335523
0 0.5884686441228264 0.2700326232487782 0.028243174668035033 0.021786468792335523
0 0.5571504664297293 0.2599516163513732 0.028243174668035033 0.021786468792335523
0 0.5891271742752516 0.24889792967121332 0.028243174668035033 0.021786468792335523
0 0.525836833916172 0.2506518594539683 0.028243174668035033 0.021786468792335523
0 0.5570232014026146 0.23807661635137323 0.028243174668035033 0.021786468792335523
0 0.5882232044276767 0.2278451232487782 0.028243174668035033 0.021786468792335523
0 0.6508459242752516 0.2456633870435881 0.028243174668035033 0.02178646879233561
0 0.7112430687908614 0.28391698157109263 0.028243174668035033 0.021786468792335523
0 0.7417799964839585 0.29403893204606246 0.028243174668035033 0.021786468792335523
0 0.49591350546094903 0.3459986589789984 0.028234084308955333 0.020223968792335522
0 0.5873788427949667 0.3513645104039079 0.028234084308955333 0.020223968792335612
0 0.6475350927949666 0.3482118549314125 0.028234084308955333 0.020223968792335522
0 0.7076958879745063 0.345840449458917 0.028234084308955333 0.020223968792335522
0 0.6779538458200287 0.3380213054063823 0.028234084308955333 0.020223968792335522
0 0.5270953277678518 0.3326421658764034 0.028234084308955333 0.020223968792335522
0 0.4942237404338344 0.32420554613412816 0.028234084308955333 0.020223968792335522
0 0.5568419151018694 0.3412425599289381 0.028234084308955333 0.020223968792335522
0 0.617788505460949 0.3396114608788777 0.028234084308955333 0.020223968792335612
0 0.5872652133064713 0.3318332604039079 0.028234084308955333 0.020223968792335612
0 0.5551657856133743 0.32179319708406784 0.028234084308955333 0.020223968792335612
0 0.5246334030998169 0.312452496609098 0.028234084308955333 0.020223968792335522
0 0.6184424904338344 0.31769551730131285 0.028234084308955333 0.020223968792335612
0 0.6489839633064713 0.3285987177762827 0.028234084308955333 0.020223968792335612
0 0.7091356681269316 0.3246648123037873 0.028234084308955333 0.020223968792335522
0 0.6786123759724537 0.31688661182881744 0.028234084308955333 0.020223968792335522
0 0.6480845386384363 0.3083271613538476 0.028234084308955333 0.020223968792335522
0 0.5863612434588965 0.3107804539814728 0.028234084308955333 0.020223968792335612
0 0.5558243157657994 0.3006585035065029 0.028234084308955333 0.020223968792335612
0 0.46368681274073714 0.31408359565915833 0.028234084308955333 0.020223968792335522
0 0.4941010205862595 0.3031117961341282 0.028234084308955333 0.020223968792335522
0 0.5252964784317818 0.29209905303153316 0.028234084308955333 0.020223968792335522
0 0.5862430687908615 0.2904679539814728 0.028234084308955333 0.020223968792335612
0 0.5572686410977643 0.2802641163513732 0.028234084308955333 0.020223968792335522
0 0.6183288609453392 0.29816426730131285 0.028234084308955333 0.020223968792335612
0 0.7411169211519937 0.3143923756236274 0.028234084308955333 0.020223968792335522
0 0.7105799934588966 0.30427042514865754 0.028234084308955333 0.020223968792335522
0 0.6788441801289841 0.35673036182881745 0.028234084308955333 0.020223968792335522
0 0.4648225867448422 0.37498015208159347 0.028234084308955333 0.020223968792335522
0 0.5570828096174794 0.3826488099289381 0.028234084308955333 0.020223968792335522
0 0.5242021319243821 0.37264969018666283 0.028234084308955333 0.020223968792335612
0 0.46380953258831215 0.33517734565915835 0.028234084308955333 0.020223968792335522
0 0.49602258976990443 0.36474865897899844 0.028234084308955333 0.020223968792335522
0 0.6460907674630016 0.36860624208654225 0.028234084308955333 0.020223968792335522
0 0.6758328096174793 0.37642538613907695 0.028234084308955333 0.020223968792335522
0 0.6180112192583996 0.37789271087887777 0.028234084308955333 0.020223968792335612
0 0.5859254271039219 0.37019639755903766 0.028234084308955333 0.020223968792335612
0 0.5553975897699044 0.3616369470840678 0.028234084308955333 0.020223968792335612
0 0.5272089572563472 0.3521734158764034 0.028234084308955333 0.020223968792335522
0 0.6179021349494442 0.3591427108788777 0.028234084308955333 0.020223968792335612
0 0.7070282674630016 0.3654126430364819 0.028234084308955333 0.020223968792335522
0 0.5844856469514967 0.3913720347141674 0.02666249394987581 0.018579581637205855
0 0.5548481439264347 0.4015216406616327 0.02351931323171641 0.015290807326946343
0 0.4641549662333375 0.3945523456591583 0.02351931323171641 0.015290807326946255
0 0.49457826443793945 0.3851430461341282 0.02667158430895533 0.020142081637205766
0 0.5243203065924172 0.39296219018666284 0.02667158430895533 0.020142081637205857
0 0.49546859874689486 0.40385210255656323 0.023519313231716587 0.015290807326946165
0 0.5252106409013726 0.41167124660909804 0.02667158430895533 0.020142081637205676
0 0.5549572282353901 0.4202716406616327 0.02668067466803503 0.021704581637205678
0 0.5845947312604522 0.4101220347141675 0.02667158430895533 0.020142081637205676
0 0.6150043939264347 0.39836898518913727 0.02510908430895533 0.020060194482076098
0 0.6454231469514968 0.3881784356641071 0.02511817466803503 0.02162269448207601
0 0.706356101771957 0.3842035866140468 0.02667158430895533 0.020142081637205766
0 0.6751697342855143 0.3967788297166418 0.02667158430895533 0.020142081637205857
0 0.6447509812604522 0.406969379241672 0.02668067466803503 0.021704581637205855
0 0.6143367734149299 0.4179411787667021 0.02666249394987581 0.01857958163720568
0 0.49558222823539017 0.42338335255656323 0.02667158430895533 0.020142081637205676
0 0.5253197252103281 0.4304212466090981 0.02510908430895533 0.020060194482076098
0 0.46516347521032797 0.4335739020815934 0.02511817466803503 0.0216226944820761
0 0.49491460772388535 0.44295554613412824 0.02666249394987581 0.01857958163720568
0 0.46528619505790286 0.45466765208159343 0.02510908430895533 0.020060194482076098
0 0.49502369203284075 0.46170554613412823 0.02666249394987581 0.01857958163720568
0 0.5550708577238853 0.4398028906616327 0.02668067466803503 0.021704581637205678
0 0.5839225655694076 0.4289129782917323 0.02666249394987581 0.01857958163720568
0 0.6152225625443455 0.43586898518913725 0.023519313231716587 0.015290807326946343
0 0.6440833607489473 0.4265415728192369 0.02667158430895533 0.020142081637205857
0 0.6745021137740095 0.4163510232942067 0.02668067466803503 0.021704581637205855
0 0.7050208607489473 0.42334797376917643 0.03293976502711473 0.0235946302577247
0 0.6738299480829649 0.4351419668717716 0.028243174668035033 0.02178646879233561
0 0.6441969902374426 0.4460728228192369 0.02667158430895533 0.020142081637205857
0 0.22098727009528024 0.6417426854369644 0.028243174668035033 0.02178646879233561
0 0.24717706537301587 0.5762881037997587 0.02823408430895542 0.020223968792335612
0 0.18691173106406045 0.5606907592722541 0.02823408430895542 0.020223968792335612
0 0.33895602009528025 0.6355602052246683 0.028234084308955333 0.020223968792335612
0 0.3670264779408025 0.6247112364323326 0.02823408430895542 0.020223968792335612
0 0.4970821374835269 0.6811958525565632 0.028234084308955333 0.020223968792335612
0 0.39786793266306686 0.6871769369073025 0.02823408430895542 0.020223968792335612
0 0.3087508905085891 0.6824695047496985 0.02823408430895542 0.020223968792335612
0 0.3094276013791735 0.6644598111721335 0.02823408430895542 0.020223968792335612
0 0.3390605592246958 0.6535289552246683 0.02823408430895542 0.020223968792335612
0 0.3670264779408025 0.6247112364323326 0.02823408430895542 0.020223968792335612
0 0.3661406888113869 0.6067834300098977 0.02823408430895542 0.020223968792335612
0 0.2785861466569092 0.6019941106971636 0.02823408430895542 0.020223968792335612
0 0.18868785450243147 0.5973276221171243 0.02823408430895542 0.020223968792335612
0 0.12853160450243148 0.6004802775896199 0.02823408430895542 0.020223968792335612
0 0.16071739060678497 0.62536409090946 0.02823408430895542 0.020223968792335612
0 0.3657134419346449 0.5333459300098976 0.02823408430895542 0.020223968792335612
0 0.24984352312034233 0.6316340230670641 0.02823408430895542 0.020223968792335612
0 0.22010148096586463 0.6238148790145294 0.02823408430895542 0.020223968792335612
0 0.2481628484523073 0.6114034102221938 0.02823408430895542 0.020223968792335612
0 0.24873956537301586 0.576206216644629 0.02823408430895542 0.020223968792335612
0 0.24806285450243148 0.5942159102221938 0.02823408430895542 0.020223968792335612
0 0.2192111466569092 0.6051058225920942 0.02823408430895542 0.020223968792335612
0 0.09466059855050316 0.5545846014249095 0.028243174668035033 0.02178646879233561
0 0.09722251716841397 0.5919617706922148 0.029814765027114644 0.02343085594746519
0 0.09711343285945856 0.5732117706922149 0.029823855386194274 0.02499335594746519
0 0.10056568578632481 0.6292979963819554 0.029814765027114644 0.023430855947465367
0 0.1616122700952802 0.644854397331895 0.029814765027114644 0.02343085594746519
0 0.19212647189067827 0.6510700978068649 0.028243174668035033 0.02178646879233561
0 0.22186396886561618 0.6581079918593996 0.02668067466803503 0.021704581637205678
0 0.2805668031745716 0.6737872235420339 0.02666249394987581 0.01857958163720568
0 0.2499389718906783 0.648040273067064 0.029814765027114644 0.02343085594746519
0 0.3375980531745716 0.6707983423797981 0.02668067466803503 0.021704581637205678
0 0.36812134532904933 0.6785765428547679 0.02980567466803503 0.02186835594746519
0 0.39620089353365123 0.6692900740624322 0.02668067466803503 0.021704581637205678
0 0.3672446465587133 0.6622112364323327 0.026671584308955422 0.020142081637205676
0 0.42505260137917344 0.6584001616925319 0.02981476502711473 0.02343085594746519
0 0.3976543092246958 0.6504581869073025 0.02668067466803503 0.021704581637205678
0 0.3655685170702181 0.6427618735874624 0.028243174668035033 0.02178646879233561
0 0.30776510742929775 0.6473541983272633 0.02668067466803503 0.021704581637205678
0 0.281243514045156 0.655777529964469 0.026671584308955422 0.020142081637205676
0 0.2795764749157404 0.6378906671195989 0.02668067466803503 0.021704581637205678
0 0.2786997761454044 0.6215253606971636 0.02668067466803503 0.021704581637205678
0 0.3083281888113869 0.6098132547496984 0.02668067466803503 0.021704581637205678
0 0.3380656857863248 0.616851148802233 0.026671584308955422 0.020142081637205676
0 0.30765602312034235 0.6286041983272632 0.02668067466803503 0.021704581637205678
0 0.39521056527482 0.6333935176399972 0.026671584308955422 0.020142081637205676
0 0.4248480682998821 0.6232439116925319 0.02668067466803503 0.021704581637205678
0 0.42552023399092676 0.6044529681149671 0.02981476502711473 0.02343085594746519
0 0.3949923966569092 0.5958935176399972 0.026671584308955422 0.020142081637205676
0 0.1903548936318471 0.6152144849619946 0.02823408430895542 0.020223968792335612
0 0.19046397794080253 0.6339644849619945 0.02980567466803503 0.02186835594746519
0 0.1310889779408025 0.6370761968569252 0.029814765027114644 0.023430855947465367
0 0.1294173936318471 0.6184080840120549 0.026671584308955422 0.020142081637205857
0 0.09967535147736939 0.6105889399595202 0.02823408430895542 0.020223968792335612
0 0.1582691014773694 0.6075181716421545 0.026671584308955422 0.020142081637205676
0 0.6398009026088376 0.630734427862191 0.023528403590796287 0.016853307326946166
0 0.6101679447633153 0.6416652838096562 0.02981476502711473 0.02343085594746519
0 0.668766239942855 0.6393757654922906 0.02981476502711473 0.02343085594746519
0 0.6968366977883773 0.628526796699955 0.028243174668035033 0.02178646879233561
0 0.6694338604543597 0.6198035719147257 0.02667158430895533 0.020142081637205676
0 0.7264787459929792 0.6191584407524898 0.028243174668035033 0.02178646879233561
0 0.7561071586589618 0.6074463348050244 0.02667158430895533 0.020142081637205676
0 0.7865304568635636 0.5980370352799943 0.02981476502711473 0.02343085594746519
0 0.6102724838927308 0.6596340338096562 0.02667158430895533 0.020142081637205857
0 0.579067935688129 0.6690842769122514 0.026680674668034855 0.021704581637205678
0 0.5532366887131911 0.6618416649718922 0.02668067466803503 0.021704581637205678
0 0.5251616856881289 0.6719093837642278 0.026680674668034855 0.021704581637205678
0 0.49542418871319105 0.664871489711693 0.02668067466803503 0.021704581637205678
0 0.4672491917382532 0.6577517085040286 0.028243174668035033 0.02178646879233561
0 0.4953196495837754 0.646902739711693 0.02511817466803503 0.0216226944820761
0 0.5242758965587133 0.6539815773417926 0.02668067466803503 0.021704581637205678
0 0.5531321495837755 0.6438729149718923 0.02667158430895533 0.020142081637205676
0 0.5828741917382532 0.651692059024427 0.02668067466803503 0.021704581637205855
0 0.5819929477883774 0.6345455026019918 0.02668067466803503 0.021704581637205855
0 0.55380431527482 0.6250819713943274 0.028234084308955333 0.020223968792335612
0 0.5249526074292977 0.6359718837642279 0.02668067466803503 0.021704581637205678
0 0.49677306527482 0.6280708525565633 0.02981476502711473 0.02343085594746519
0 0.4662452279408025 0.6195114020815934 0.028243174668035033 0.02178646879233561
0 0.4958872761454044 0.6101430461341282 0.02668067466803503 0.021704581637205678
0 0.5248480682998821 0.6180031337642278 0.02668067466803503 0.021704581637205678
0 0.46614523399092667 0.6023239020815934 0.028243174668035033 0.02178646879233561
0 0.6116213604543598 0.6228333966545265 0.02667158430895533 0.020142081637205857
0 0.5818838634794219 0.6157955026019918 0.02668067466803503 0.021704581637205855
0 0.5529185261454044 0.6071541649718922 0.02667158430895533 0.020142081637205676
0 0.4942247821955286 0.593037433289258 0.02666249394987581 0.01857958163720568
0 0.5247435291704665 0.6000343837642278 0.02668067466803503 0.021704581637205678
0 0.5528139870159888 0.5891854149718923 0.02979658430895533 0.02030585594746519
0 0.5817793243500062 0.5978267526019918 0.02510908430895533 0.020060194482076098
0 0.6115168213249442 0.6048646466545265 0.02510908430895533 0.020060194482076098
0 0.6396963634794219 0.612765677862191 0.023519313231716587 0.015290807326946165
0 0.6388151195295462 0.5956191214397558 0.02509999394987581 0.0184976944820761
0 0.670896366504484 0.6025341847595959 0.02667158430895533 0.020142081637205676
0 0.6990713634794219 0.6096539659672604 0.02511817466803503 0.0216226944820761
0 0.7287134116840239 0.6002856100197951 0.02510908430895533 0.020060194482076098
0 0.7560026195295462 0.5894775848050244 0.02666249394987581 0.01857958163720568
0 0.786425917734148 0.5800682852799943 0.02822499394987581 0.01866146879233561
0 0.7574605804001305 0.5714269476498947 0.02509999394987581 0.0184976944820761
0 0.7878838786047324 0.5620176481248645 0.02668067466803503 0.021704581637205678
0 0.7581372912707149 0.5534172540723299 0.02509999394987581 0.0184976944820761
0 0.787774794295777 0.5432676481248645 0.02668067466803521 0.021704581637205678
0 0.7588094569617596 0.534626310494765 0.02667158430895533 0.020142081637205676
0 0.7892282099868216 0.5244357609697348 0.02981476502711473 0.02343085594746519
0 0.6974088695295462 0.5925483531223902 0.02668067466803503 0.021704581637205678
0 0.7286088725546083 0.5823168600197951 0.02509999394987581 0.0184976944820761
0 0.6692293273750685 0.5846473219147257 0.02980567466803503 0.02186835594746519
0 0.6402685352205907 0.5767872342846261 0.02510908430895533 0.020060194482076098
0 0.6106310321955286 0.5869368402320914 0.02667158430895533 0.020142081637205676
0 0.5824514900410509 0.579035809024427 0.02668067466803503 0.021704581637205855
0 0.5542719478865733 0.5711347778167625 0.02667158430895533 0.020142081637205676
0 0.524638990041051 0.5820656337642278 0.02510908430895533 0.020060194482076098
0 0.4956781978865732 0.5742055461341282 0.02511817466803503 0.0216226944820761
0 0.46593161055255566 0.5656051520815935 0.02981476502711473 0.02343085594746519
0 0.42531115573209544 0.5685154681149671 0.02981476502711473 0.02343085594746519
0 0.42441627624360023 0.5490251616925319 0.02668067466803503 0.021704581637205678
0 0.46660377624360033 0.5468142085040286 0.02667158430895533 0.020142081637205676
0 0.494783318398078 0.554715239711693 0.02668067466803503 0.021704581637205678
0 0.5237486557320955 0.5633565773417926 0.02668067466803503 0.021704581637205678
0 0.5839049057320955 0.5602039218692971 0.02668067466803503 0.021704581637205855
0 0.6120844478865732 0.5681049530769616 0.02510908430895533 0.020060194482076098
0 0.6401639960911751 0.558818484284626 0.02666249394987581 0.01857958163720568
0 0.6706827430661131 0.5658154347595958 0.02509999394987581 0.0184976944820761
0 0.7003157009116353 0.5548845788121307 0.02980567466803503 0.02186835594746519
0 0.698857740041051 0.5729352159672605 0.028243174668035033 0.02178646879233561
0 0.7277139930661131 0.56282655359736 0.02667158430895533 0.020142081637205676
0 0.7299577491162372 0.5455162228646653 0.02667158430895533 0.020142081637205676
0 0.7306344599868216 0.5275065292871005 0.02981476502711473 0.02343085594746519
0 0.7602674178323439 0.5165756733396352 0.02980567466803503 0.02186835594746519
0 0.7002111617822198 0.5369158288121307 0.02666249394987581 0.01857958163720568
0 0.6705782039366974 0.5478466847595959 0.02666249394987581 0.01857958163720568
0 0.6416174117822196 0.5399865971294964 0.02667158430895533 0.020142081637205857
0 0.671250369627742 0.5290557411820311 0.02979658430895533 0.02030585594746519
0 0.7016645774732643 0.5180839416570009 0.028243174668035033 0.02178646879233561
0 0.7305208304983264 0.5079752792871005 0.02981476502711473 0.02343085594746519
0 0.7319787913689109 0.4899246421319708 0.028243174668035033 0.02178646879233561
0 0.6127611587571575 0.5500952594993967 0.028234084308955333 0.020223968792335612
0 0.5838003666026799 0.5422351718692972 0.02668067466803503 0.021704581637205855
0 0.5533816135776177 0.5524257213943274 0.028243174668035033 0.02178646879233561
0 0.5244208214231401 0.5445656337642278 0.02668067466803503 0.021704581637205678
0 0.4946787792686623 0.536746489711693 0.028243174668035033 0.02178646879233561
0 0.49535094495970694 0.5179555461341282 0.02668067466803503 0.021704581637205678
0 0.4960231106507516 0.49916460255656325 0.028243174668035033 0.02178646879233561
0 0.4943515263417962 0.480496489711693 0.02668067466803503 0.021704581637205678
0 0.5255560745463981 0.47104624660909805 0.02667158430895533 0.020142081637205676
0 0.5848174450579029 0.4484032847141675 0.02979658430895533 0.02030585594746519
0 0.6137827823919204 0.457044622344267 0.02666249394987581 0.018579581637205855
0 0.5841498245463981 0.4679754782917323 0.02666249394987581 0.01857958163720568
0 0.5528361920328407 0.45867572139432744 0.02981476502711473 0.02343085594746519
0 0.553731071521336 0.47816602781676243 0.02667158430895533 0.020142081637205676
0 0.5538401558302913 0.4969160278167625 0.02352840359079611 0.016853307326946166
0 0.5834731136758137 0.4859851718692972 0.02668067466803503 0.021704581637205855
0 0.613887321521336 0.4750133723442671 0.03293067466803503 0.022032130257724703
0 0.6420759540348933 0.4844769035519315 0.02668067466803503 0.021704581637205678
0 0.672481071521336 0.47194260402690136 0.02668067466803503 0.021704581637205678
0 0.6739344872123805 0.45311071687177157 0.02668067466803503 0.021704581637205678
0 0.6427435745463981 0.4649047099743666 0.02668067466803503 0.021704581637205855
0 0.7043486950579029 0.44213891734674143 0.02981476502711473 0.02343085594746519
0 0.7028998245463981 0.4617520545018712 0.03606476502711473 0.023758404567984216
0 0.7022276588553534 0.48054299807943596 0.02981476502711473 0.02343085594746519
0 0.7007742431643089 0.49937488523456575 0.02981476502711473 0.02343085594746519
0 0.674161746189371 0.49217321687177157 0.02980567466803503 0.02186835594746519
0 0.6726992401392468 0.5094426040269013 0.02667158430895533 0.020142081637205676
0 0.641399243164309 0.5024865971294963 0.028234084308955333 0.020223968792335612
0 0.6147822010098312 0.49450367876670215 0.02668067466803503 0.021704581637205678
0 0.582019697984769 0.504817059024427 0.02981476502711473 0.023430855947465367
0 0.6422895774732643 0.5211956535519315 0.028243174668035033 0.02178646879233561
0 0.6133242401392468 0.5125543159218319 0.03137726502711473 0.023512743102595123
0 0.6118708244482022 0.5313862030769616 0.02667158430895533 0.020142081637205857
0 0.5829100322937245 0.523526115446862 0.028234084308955333 0.020223968792335612
0 0.5539537853187866 0.5164472778167625 0.02666249394987581 0.01857958163720568
0 0.5235350322937244 0.5266378273417927 0.02668067466803503 0.021704581637205678
0 0.5226492431643089 0.5087100209193576 0.02981476502711473 0.02343085594746519
0 0.5248793636758137 0.4890559401866629 0.02511817466803503 0.0216226944820761
0 0.46549981849627386 0.4913864020815934 0.02668067466803503 0.021704581637205678
0 0.4648321979847691 0.5109585956591584 0.02511817466803503 0.0216226944820761
0 0.42409356849627394 0.49355641169253184 0.03137726502711473 0.023512743102595123
0 0.4234214028052293 0.5123473552700968 0.02668067466803503 0.021704581637205678
0 0.5540583244482022 0.5344160278167625 0.028243174668035033 0.02178646879233561
0 0.2286891231437834 0.2193354189286211 0.03137726502711473 0.023512743102595036
0 0.19581299063022609 0.2101175491863459 0.031377265027114645 0.023512743102595036
0 0.13161868042357164 0.1908186725466657 0.031377265027114645 0.023512743102595036
0 0.1629414032962086 0.20168092944407068 0.031377265027114645 0.023512743102595036
0 0.3881413911959602 0.2242641791053864 0.031377265027114645 0.023512743102595036
0 0.35369821350286307 0.21434694651824096 0.031377265027114645 0.023512743102595036
0 0.3527942436552882 0.19329414009580584 0.031377265027114645 0.023512743102595036
0 0.32226186114173083 0.183953439620836 0.03137726502711473 0.023512743102595036
0 0.2893811834486337 0.17395431987856078 0.031377265027114645 0.023512743102595036
0 0.25740902078265127 0.1857892565587207 0.031377265027114645 0.023512743102595036
0 0.2254414032962086 0.1984054432388806 0.03137726502711473 0.023512743102595036
0 0.19490902078265124 0.18906474276391078 0.031377265027114645 0.023512743102595036
0 0.16125618344863374 0.18066906659920043 0.031377265027114645 0.023512743102595036
0 0.22375163826909392 0.17661233039401036 0.031377265027114645 0.023512743102595036
0 0.1932147105759968 0.16649037991904053 0.029814765027114644 0.02343085594746528
0 0.2583175358097659 0.20762331298115583 0.02981476502711473 0.02343085594746528
0 0.28872265329620855 0.19508901345612567 0.028243174668035033 0.021786468792335523
0 0.2919794635028631 0.21758148914586614 0.029814765027114644 0.02343085594746528
0 0.3240743460164204 0.22684030246570625 0.029814765027114644 0.02343085594746528
0 0.26077946047780093 0.2278129822484612 0.028243174668035033 0.021786468792335523
0 0.19515446047780097 0.23125224276391076 0.029814765027114644 0.02343085594746528
0 0.1630595779642436 0.2219934294440707 0.028243174668035033 0.021786468792335523
0 0.1317414002711465 0.2119124225466657 0.028243174668035033 0.021786468792335523
0 0.16474479781181844 0.2430052922889409 0.028243174668035033 0.021786468792335523
0 0.2272493429913583 0.24051105608375084 0.02981476502711473 0.02343085594746528
0 0.2601254755049156 0.24972892582602607 0.029814765027114644 0.02343085594746528
0 0.2905351381708981 0.2379758763009959 0.028243174668035033 0.021786468792335523
0 0.3241925206844554 0.24715280246570623 0.029814765027114644 0.02343085594746528
0 0.38825956586399524 0.2445766791053864 0.029814765027114644 0.02343085594746528
0 0.35551069837755256 0.2572338093631112 0.029814765027114644 0.02343085594746528
0 0.3876055808911098 0.26649262268295126 0.028243174668035033 0.021786468792335523
0 0.41735216822512733 0.27509301673548603 0.02979658430895533 0.020305855947465278
0 0.38694250555914483 0.2868460662605162 0.02668067466803503 0.021704581637205768
0 0.35641012304558756 0.2775053657855463 0.028243174668035033 0.021786468792335523
0 0.32509649053203027 0.2682056088881414 0.02668067466803503 0.021704581637205768
0 0.29222490319801275 0.25976898914586616 0.029814765027114644 0.02343085594746528
0 0.29391012304558756 0.2807808519907364 0.029814765027114644 0.02343085594746528
0 0.3267771652000653 0.2884362217330116 0.02666249394987581 0.018579581637205765
0 0.3565328428931624 0.2985991157855463 0.028243174668035033 0.021786468792335523
0 0.38940443022717985 0.30703573552782154 0.02666249394987581 0.018579581637205765
0 0.4199413579202771 0.3171576860027914 0.02667158430895533 0.020142081637205766
0 0.41927373740877216 0.3367298795803563 0.02667158430895533 0.020142081637205766
0 0.3879691952542946 0.32899262268295126 0.026671584308955422 0.020142081637205766
0 0.35665556274073723 0.31969286578554634 0.02668067466803503 0.021704581637205768
0 0.2948095477136226 0.3010524084131715 0.029814765027114644 0.02343085594746528
0 0.3268998850476401 0.3095299717330116 0.02668067466803503 0.021704581637205768
0 0.32702260489521495 0.3306237217330116 0.02668067466803503 0.021704581637205768
0 0.35911294222923246 0.3391012850528517 0.026671584308955422 0.020142081637205766
0 0.3888640747427898 0.3484829291053864 0.02666249394987581 0.018579581637205765
0 0.09964651775758915 0.20265360922682563 0.02668067466803503 0.021704581637205768
0 0.06767435509160667 0.21448854590698554 0.029814765027114644 0.02343085594746528
0 0.09976469242562418 0.22296610922682564 0.028243174668035033 0.021786468792335523
0 0.06936866529826113 0.2370629087518558 0.029814765027114644 0.02343085594746528
0 0.10145445745273884 0.24475922207169587 0.029814765027114644 0.02343085594746528
0 0.07105388514583597 0.25807477159672604 0.029814765027114644 0.02343085594746528
0 0.13264991529826115 0.23374647896910083 0.029814765027114644 0.02343085594746528
0 0.13512093032537578 0.2554986482364062 0.029814765027114644 0.02343085594746528
0 0.10313967730031368 0.2657710849165661 0.02823408430895542 0.020223968792335522
0 0.07194876463433118 0.27756507801916114 0.02980567466803503 0.02186835594746528
0 0.07441523448190604 0.2985359972864665 0.029814765027114644 0.023430855947465367
0 0.10404819232742832 0.2876051413390012 0.02668067466803503 0.021704581637205855
0 0.1360203549934108 0.27577020465884133 0.026671584308955422 0.020142081637205857
0 0.16642547247985348 0.2632359051338112 0.028243174668035033 0.021786468792335523
0 0.19840218032537577 0.25218221845365124 0.02823408430895542 0.020223968792335522
0 0.2297158128389331 0.2614819753510562 0.026671584308955422 0.020142081637205766
0 0.2000874001729506 0.2731940812985215 0.02823408430895542 0.020223968792335612
0 0.1681106923274283 0.2842477679786814 0.02823408430895542 0.020223968792335612
0 0.13770102966144585 0.29600081750371154 0.02823408430895542 0.020223968792335612
0 0.10651466217500316 0.3085760606063066 0.028243174668035033 0.02178646879233561
0 0.13939079468856047 0.31779393034858183 0.029814765027114644 0.02343085594746528
0 0.16901920735454296 0.30608182440111653 0.029814765027114644 0.023430855947465367
0 0.19942432484098563 0.2935475248760864 0.02666249394987581 0.018579581637205855
0 0.23140103268650797 0.28249383819592644 0.028243174668035033 0.021786468792335523
0 0.2618061501729506 0.2699595386708963 0.02667158430895533 0.020142081637205766
0 0.26271466520006526 0.2917935950933314 0.031377265027114645 0.023512743102595036
0 0.2651856802271799 0.3135457643606368 0.029823855386194253 0.02499335594746537
0 0.2957089723816576 0.32132396483560666 0.029814765027114644 0.02343085594746528
0 0.20189533986810032 0.31529969414339176 0.029823855386194253 0.02499335594746537
0 0.1722578368430382 0.32544930009085704 0.029814765027114644 0.02343085594746528
0 0.1395089693565955 0.33810643034858184 0.031377265027114645 0.023512743102595036
0 0.17316180669061304 0.34650210651329216 0.029814765027114644 0.02343085594746528
0 0.20201805971567516 0.33639344414339173 0.029814765027114644 0.023430855947465367
0 0.23476692720211784 0.3237363138856669 0.02980567466803503 0.02186835594746537
0 0.23151920735454298 0.30280633819592645 0.029814765027114644 0.02343085594746528
0 0.26529930971567517 0.3330770143606368 0.029814765027114644 0.023430855947465367
0 0.2973851018701529 0.34077332768047686 0.029814765027114644 0.023430855947465367
0 0.32948452956325 0.35081339100031694 0.029814765027114644 0.023430855947465367
0 0.3600123668972675 0.3593728414752868 0.02666249394987581 0.018579581637205855
0 0.3905356590517452 0.36715104195025666 0.02666249394987581 0.018579581637205765
0 0.42264417710392194 0.3787536052700967 0.02980567466803503 0.02186835594746528
0 0.39065837889932004 0.38824479195025663 0.026671584308955422 0.020142081637205766
0 0.3616930415653025 0.3796034543201571 0.02666249394987581 0.018579581637205855
0 0.329602704231285 0.37112589100031695 0.029814765027114644 0.023430855947465367
0 0.2982936168972675 0.362607384102912 0.028243174668035033 0.02178646879233561
0 0.26620327956324996 0.3541298207830719 0.02980567466803503 0.02186835594746537
0 0.23488055669061306 0.3432675638856669 0.029814765027114644 0.023430855947465367
0 0.20447089402463056 0.35502061341069713 0.02980567466803503 0.02186835594746528
0 0.17328452653818788 0.3675958565132922 0.03293976502711464 0.02359463025772479
0 0.1757464512062229 0.38778552578059755 0.03293067466803503 0.02203213025772479
0 0.2045936138722054 0.37611436341069715 0.029823855386194253 0.024993355947465278
0 0.23578452653818788 0.3643203703081021 0.029814765027114644 0.02343085594746528
0 0.2670981590517452 0.373620127205507 0.029814765027114644 0.023430855947465367
0 0.2991884963857627 0.38209769052534714 0.03136817466803503 0.021950243102595034
0 0.26798849336070063 0.39232918362794217 0.02666249394987581 0.018579581637205855
0 0.23746520120622291 0.38455098315297237 0.028243174668035033 0.021786468792335523
0 0.23914587587425795 0.4047815959978426 0.029814765027114644 0.02343085594746519
0 0.20627883371978023 0.39712622625556737 0.028243174668035033 0.021786468792335523
0 0.1774225806947181 0.40723488862546786 0.028243174668035033 0.02178646879233561
0 0.20716462284919582 0.41505403267800245 0.02668067466803503 0.021704581637205678
0 0.23925496018321332 0.42353159599784257 0.029814765027114644 0.02343085594746519
0 0.27045496320827545 0.4133001028952476 0.028243174668035033 0.02178646879233561
0 0.299302125874258 0.40162894052534714 0.029814765027114644 0.023430855947465367
0 0.32971633371978026 0.39065714100031695 0.026671584308955422 0.020142081637205857
0 0.36024417105379775 0.3992165914752868 0.029814765027114644 0.023430855947465367
0 0.39232996320827546 0.4069129047951269 0.02823408430895542 0.020223968792335612
0 0.42196746623333753 0.3967632988476616 0.02981476502711473 0.023430855947465367
0 0.3306066680287357 0.4093661974227521 0.02667158430895533 0.020142081637205857
0 0.36113905054229295 0.4187068978977219 0.02667158430895533 0.020142081637205676
0 0.3916623426967707 0.4264850983726918 0.02822499394987581 0.01866146879233561
0 0.30097825536275313 0.42107830337021745 0.02980567466803503 0.02186835594746519
0 0.27134529751723085 0.43200915931768263 0.026671584308955422 0.020142081637205676
0 0.20884529751723085 0.4352846455228727 0.02980567466803503 0.02186835594746519
0 0.17765438485124838 0.4470786386254678 0.029814765027114644 0.02343085594746519
0 0.33150609269677067 0.4296377538451873 0.02980567466803503 0.02186835594746519
0 0.36203847521032795 0.43897845432015714 0.02822499394987581 0.01866146879233561
0 0.3917805173648057 0.4467975983726918 0.029814765027114644 0.02343085594746519
0 0.4221992703898678 0.4366070488476616 0.028243174668035033 0.02178646879233561
0 0.4223083546988232 0.4553570488476616 0.028243174668035033 0.02178646879233561
0 0.33240551736480567 0.4499093102676223 0.02668067466803503 0.021704581637205678
0 0.3018776800307882 0.4413498597926525 0.02668067466803503 0.021704581637205678
0 0.2714680173648057 0.45310290931768266 0.02668067466803503 0.021704581637205678
0 0.2409401800307882 0.4445434588427128 0.028234084308955333 0.020223968792335612
0 0.21051688182618628 0.45395275836774296 0.029814765027114644 0.02343085594746519
0 0.18010721916020378 0.4657058078927731 0.028243174668035033 0.02178646879233561
0 0.2122021016737611 0.4749646212126132 0.029814765027114644 0.02343085594746519
0 0.24183505951928339 0.464033765265148 0.02823408430895542 0.020223968792335612
0 0.27313051131468147 0.4702085221625529 0.02509999394987581 0.0184976944820761
0 0.3027680143397436 0.4600589162150877 0.028243174668035033 0.02178646879233561
0 0.3317378968533009 0.4694815038451873 0.02668067466803503 0.021704581637205678
0 0.3621521046988232 0.45850970432015714 0.029814765027114644 0.02343085594746519
0 0.3926753968533009 0.466287904795127 0.02981476502711473 0.02343085594746519
0 0.39278448116225634 0.485037904795127 0.028243174668035033 0.02178646879233561
0 0.36460039382823883 0.4763556235874624 0.028243174668035033 0.02178646879233561
0 0.303658348648699 0.47876797263752274 0.028243174668035033 0.02178646879233561
0 0.2419350534691592 0.481221265265148 0.029814765027114644 0.02343085594746519
0 0.1825555082896194 0.48355172716007855 0.02980567466803503 0.02186835594746519
0 0.2130833456236369 0.4921111776350484 0.029814765027114644 0.02343085594746519
0 0.1826691377781146 0.5030829771600785 0.029814765027114644 0.02343085594746519
0 0.15382197511213214 0.514754139529979 0.029814765027114644 0.02343085594746519
0 0.2732395956236369 0.48895852216255287 0.029814765027114644 0.02343085594746519
0 0.30377652331673405 0.49908047263752275 0.026671584308955422 0.020142081637205676
0 0.33418618598271654 0.48732742311249255 0.02666249394987581 0.01857958163720568
0 0.36470947813719423 0.4951056235874624 0.02668067466803503 0.021704581637205678
0 0.3936793606507516 0.504528211217562 0.02668067466803503 0.021704581637205678
0 0.36560435762568944 0.5145959300098977 0.026671584308955422 0.020142081637205676
0 0.39456969495970695 0.5232372676399972 0.026671584308955422 0.020142081637205676
0 0.33351402029167193 0.5061183666900575 0.02668067466803503 0.021704581637205678
0 0.30466685762568946 0.5177895290599579 0.028243174668035033 0.02178646879233561
0 0.27335777029167196 0.5092710221625529 0.02668067466803503 0.021704581637205678
0 0.24361572813719423 0.5014518781100182 0.029814765027114644 0.02343085594746519
0 0.21397822511213213 0.5116014840574834 0.029814765027114644 0.02343085594746519
0 0.24528731244614965 0.5201199909548885 0.02980567466803503 0.02186835594746519
0 0.2742481046006274 0.5279800785849881 0.029814765027114644 0.02343085594746519
0 0.30477139675510506 0.535758279059958 0.02979658430895542 0.02030585594746519
0 0.3344088997801672 0.5256086731124926 0.026671584308955422 0.020142081637205676
0 0.18434526726660985 0.5225323400049489 0.029814765027114644 0.02343085594746519
0 0.15548901424154773 0.5326410023748492 0.029814765027114644 0.02343085594746519
0 0.12429810157556524 0.5444349954774441 0.029814765027114644 0.02343085594746519
0 0.18523105639602547 0.5404601464273838 0.029814765027114644 0.02343085594746519
0 0.15638389373004297 0.5521313087972842 0.029814765027114644 0.02343085594746519
0 0.12518389070498084 0.5623628018998794 0.029814765027114644 0.02343085594746519
0 0.15883218285945855 0.5699772280645897 0.02980567466803503 0.02186835594746519
0 0.12763672501393625 0.5809899711671846 0.029814765027114644 0.02343085594746519
0 0.15816001716841396 0.5887681716421544 0.031377265027114645 0.023512743102595123
0 0.18701172501393626 0.5778782592722541 0.031377265027114645 0.023512743102595123
0 0.21742593285945855 0.566906459747224 0.029814765027114644 0.02343085594746519
0 0.21731684855050312 0.5481564597472239 0.031377265027114645 0.023512743102595123
0 0.21409185460062735 0.5311327340574834 0.031377265027114645 0.023512743102595123
0 0.2751384389095827 0.5466891350074231 0.02981476502711473 0.02343085594746519
0 0.24461060157556522 0.5381296845324532 0.02981476502711473 0.02343085594746519
0 0.24550548106406045 0.5576199909548885 0.028243174668035033 0.02178646879233561
0 0.276033318398078 0.5661794414298583 0.02667158430895533 0.020142081637205676
0 0.30643389070498084 0.5528638919048282 0.028243174668035033 0.02178646879233561
0 0.3352992340891226 0.5443177295349277 0.028243174668035033 0.02178646879233561
0 0.3658179810640605 0.5513146800098976 0.03137726502711473 0.023512743102595123
0 0.39545548408912257 0.5411650740624323 0.02668067466803503 0.021704581637205678
0 0.39477877321853816 0.5591747676399972 0.02668067466803503 0.021704581637205678
0 0.36670831537301585 0.5700237364323326 0.026671584308955422 0.020142081637205676
0 0.334627068398078 0.5631086731124926 0.02981476502711473 0.02343085594746519
0 0.3065475201934761 0.5723951419048282 0.029814765027114644 0.02343085594746519
0 0.3347361527070334 0.5818586731124926 0.029814765027114644 0.02343085594746519
0 0.3660316045024315 0.5880334300098976 0.02822499394987581 0.01866146879233561
0 0.39488785752749356 0.5779247676399972 0.02668067466803503 0.021704581637205678
0 0.3379566014773694 0.5981011488022331 0.028243174668035033 0.02178646879233561
0 0.3074423996819713 0.5918854483272632 0.02668067466803503 0.021704581637205678
0 0.27769581234795376 0.5832850542747285 0.02980567466803503 0.02186835594746519