0 0.6347126535916316 0.3920264779408025 0.03851829255305557 0.04396816861791084
0 0.5908347138121177 0.43083899306611306 0.03691942496187508 0.04239657825883114
0 0.5988095615516663 0.49104978522059073 0.036883057370694416 0.04083407825883114
0 0.5828962336637498 0.36906570091163526 0.03855466014423605 0.045530668617910844
0 0.5485556416237843 0.4680980985505032 0.03695579255305557 0.04395907825883114
0 0.5741583197197915 0.3080691135776178 0.038591027735416714 0.04709316861791084
0 0.5325513947579164 0.3500202642415477 0.03851829255305557 0.04396816861791084
0 0.5397631762930553 0.4094452612164856 0.03695579255305557 0.04395907825883114
0 0.5557492393633329 0.528304345525441 0.03695579255305574 0.04395907825883114
0 0.49579497074597184 0.4185657311622563 0.03535692496187508 0.04238748789975162
0 0.4885650054152427 0.3599219841873184 0.03695579255305557 0.04395907825883114
0 0.46548791527513844 0.5121521046988231 0.033758057370694414 0.040815897540672094
0 0.5230322308139581 0.28901913172799043 0.03855466014423605 0.045530668617910844
0 0.4574221485576385 0.4558475625443455 0.03535692496187508 0.04238748789975162
0 0.5045874360767011 0.47721856849627386 0.03539329255305575 0.043949987899751616
0 0.47899129008451363 0.3012646016737611 0.035393292553055566 0.043949987899751616
0 0.44939274943131907 0.3979805203898678 0.03535692496187508 0.04238748789975162
0 0.44134516650940936 0.3408947282353901 0.03535692496187508 0.04238748789975162
0 0.5126168352030204 0.5350856106507516 0.035393292553055566 0.043949987899751616
0 0.4141449272429858 0.4352805324901162 0.030633057370694418 0.040797716822512695