0 0.675634434723212 0.5267212236249712 0.04023015785015538 0.04752956493480802
0 0.6246557636482898 0.5041973871798076 0.0400481473268119 0.04440456493480802
0 0.6188299688534918 0.4434235284135096 0.0400481473268119 0.0444045649348082
0 0.6313538137047596 0.5633951091766303 0.045008663111827475 0.049173885551659066
0 0.5760208425733675 0.48163264042621845 0.03857665258848364 0.04593979139585791
0 0.6370886032378855 0.6257314679429283 0.04509966837349921 0.05073638555165907
0 0.587118695317143 0.5992877447282895 0.04023015785015538 0.0475295649348082
0 0.5812473978915091 0.5392951359619916 0.04023015785015538 0.04752956493480802
0 0.5700130372552259 0.42398378165992046 0.04023015785015538 0.0475295649348082
0 0.5363976294756576 0.5455411818220762 0.03848564732681172 0.04437729139585791
0 0.5415786821629633 0.6039849273578494 0.03857665258848364 0.04593979139585791
0 0.48557014782092195 0.46682189245481337 0.03683214206513998 0.042787517856907445
0 0.5922542453736127 0.6585127402640627 0.04344616311182729 0.04914661201270878
0 0.4901064584007354 0.5229355247600616 0.03683214206513981 0.042787517856907445
0 0.5319523241575161 0.487865049516828 0.03857665258848364 0.04593979139585791
0 0.5459784848502689 0.6624423096630977 0.03857665258848364 0.04593979139585791
0 0.49537851634971286 0.5798167702958347 0.03683214206513981 0.042787517856907445
0 0.5006050716678544 0.6374792658316079 0.0369231473268119 0.04435001785690744
0 0.5252087714702104 0.42944857752000515 0.03692314732681172 0.04435001785690744
0 0.45221234527479065 0.5571565661559195 0.03526964206513998 0.04276024431795715