0 0.506012508440138 0.4266332690780187 0.048466674904859806 0.03988070616851012
0 0.5770425914439437 0.4238298230557783 0.05484400889724857 0.04311480032431163
0 0.4348232579458465 0.4255304651002592 0.051719008897248564 0.04306025324641087
0 0.6488539244477493 0.42101274026406266 0.05490767589344294 0.04467730032431163
0 0.578402161596168 0.36126163920840243 0.051719008897248564 0.04306025324641087
0 0.36763575794584646 0.4267032272751239 0.05484400889724857 0.04311480032431163
0 0.4378408285923624 0.36527875771393303 0.051719008897248564 0.04306025324641087
0 0.46987869026508006 0.4991901075517773 0.051719008897248564 0.04306025324641087
0 0.6104081897707885 0.49439173904624667 0.05484400889724857 0.04311480032431163
0 0.40034744026508007 0.5004037800350674 0.051719008897248564 0.04306025324641087
0 0.6494004111018764 0.357676943186162 0.051719008897248564 0.04306025324641087
0 0.54328306228074 0.2860394967568844 0.05490767589344294 0.04467730032431154
0 0.36834141209045956 0.3672736801972232 0.051719008897248564 0.04306025324641087
0 0.473910979771226 0.2911594192401745 0.051719008897248564 0.04306025324641087
0 0.506527161596168 0.36251622200011807 0.051719008897248564 0.04306025324641087
0 0.6152217292769344 0.2863474139651688 0.05484400889724857 0.043114800324311545
0 0.53940994026508 0.49797643506848716 0.051719008897248564 0.04306025324641087
0 0.4036303132693232 0.29316797849293985 0.051719008897248564 0.04306025324641087
0 0.7214783409496521 0.41896327070287187 0.0580963428896375 0.04629434740221221
0 0.29813634144394363 0.428698149758414 0.05490767589344294 0.04467730032431163
0 0.6830326062726912 0.4923422694850558 0.05484400889724857 0.04311480032431163
0 0.33003494026508007 0.5016310892878326 0.051719008897248564 0.04306025324641087
0 0.29809257908665393 0.37006348944998846 0.051719008897248564 0.04306025324641087
0 0.7220248276037792 0.35562747362497116 0.051719008897248744 0.04306025324641087
0 0.43347561665281453 0.5459520592560606 0.051719008897248564 0.04306025324641105
0 0.5741006166528145 0.54349744075053 0.05484400889724857 0.04311480032431163
0 0.6877824787826428 0.28273544440397796 0.05484400889724857 0.04311480032431163
0 0.5812168023949082 0.23846902151365074 0.05484400889724857 0.043114800324311545
0 0.3334133137636147 0.29673903774570515 0.051719008897248564 0.04306025324641087
0 0.4384072198853942 0.24487080032760686 0.051719008897248564 0.04306025324641087
0 0.5033397890862165 0.5720957735422456 0.05484400889724857 0.04311480032431163
0 0.5105395464634092 0.21155769399694088 0.051719008897248564 0.04306025324641087