0 0.253955575703715 0.2709472942352316 0.03074216014423623 0.045830697240056485
0 0.2643832762168053 0.32662059577735914 0.03230466014423614 0.045857970779006864
0 0.27333939570784693 0.3783603737805364 0.03066942496187508 0.04270569724005648
0 0.28463926519888855 0.43014106209213904 0.02917966014423614 0.04580342370110611
0 0.2935772008943399 0.4826620900953163 0.030705792553055566 0.044268197240056394
0 0.303278202794201 0.5359780048679686 0.030705792553055566 0.044268197240056394
0 0.3187927935998953 0.6081530137964224 0.032268292553055564 0.04429547077900686
0 0.32700403068211753 0.6583166550301245 0.03066942496187508 0.04270569724005639
0 0.3351789001731591 0.7100427962638265 0.02910692496187508 0.042678423701106104
0 0.3448980858686105 0.7625774610364788 0.02910692496187508 0.042678423701106104
0 0.35390875674642297 0.8119734890396562 0.030633057370694418 0.0411431972400564
0 0.36439100864628404 0.8653030405817838 0.03066942496187508 0.04270569724005639
0 0.2732517427818054 0.21422968993316052 0.027617160144236142 0.04577615016215582
0 0.28373399468166643 0.2675592414752881 0.029143292553055568 0.044240923701106105
0 0.2934713641727081 0.3193126562479405 0.02754442496187508 0.042651150162155815
0 0.30313599848138856 0.3741910710205928 0.02598192496187508 0.04262387662320544
0 0.31289155176802047 0.4251632357932452 0.029070557370694416 0.04111592370110628
0 0.32341017125906213 0.4769302873353728 0.02910692496187508 0.042678423701106104
0 0.3331839083412843 0.5271212021080252 0.029143292553055568 0.044240923701106105
0 0.3456280505337495 0.5968979139585782 0.029070557370694507 0.0411159237011061
0 0.3561284862292008 0.6494462155007057 0.02754442496187508 0.042651150162155815
0 0.3651027895158328 0.7004047435038829 0.02910692496187508 0.042678423701106104
0 0.3733322103936452 0.749787134737585 0.029143292553055568 0.044240923701106105
0 0.3823065136802771 0.8007456627407622 0.027580792553055566 0.04421365016215582
0 0.3912990007624993 0.8509229407439396 0.029070557370694416 0.04111592370110628
0 0.4018539878447215 0.901127492286067 0.027508057370694415 0.041088650162155814
0 0.2933291598598957 0.1575257224005646 0.02917966014423614 0.04580342370110611
0 0.3030483455553471 0.21006038717321696 0.027580792553055566 0.04421365016215582
0 0.31356696504638865 0.26182743871534453 0.02598192496187508 0.04262387662320544
0 0.32250490074184 0.31434846671852174 0.029070557370694416 0.0411159237011061
0 0.3314610202328817 0.366088244721699 0.02754442496187508 0.042651150162155815
0 0.34201600731510384 0.4162927962638265 0.029143292553055568 0.044240923701106105
0 0.3525164430105552 0.468841097805954 0.027435322188333354 0.03796365016215582
0 0.36147256250159676 0.5205808758091313 0.02754442496187508 0.042651150162155815
0 0.37473432228524256 0.5888087244291595 0.027508057370694505 0.041088650162155814
0 0.38294555936746477 0.6389723656628614 0.025872822188333356 0.03793637662320535
0 0.3927556640408675 0.687600780435514 0.02910692496187508 0.042678423701106104
0 0.4009669011230897 0.737764421669216 0.02910692496187508 0.042678423701106104
0 0.40997757200090207 0.7871604496723931 0.024310322188333445 0.037909103084255234
0 0.41978767667430483 0.8357888644450455 0.02910692496187508 0.042678423701106284
0 0.427217663756527 0.8859388689092725 0.02910692496187508 0.042678423701106284
0 0.4369550332475686 0.9376922836819247 0.027580792553055566 0.04421365016215582
0 0.33253713022461795 0.1519575608743231 0.027580792553055566 0.04421365016215582
0 0.34147506592006927 0.2044785888775003 0.029070557370694416 0.0411159237011061
0 0.3512124354111109 0.2562320036501527 0.025945557370694417 0.041061376623205435
0 0.36247593731097194 0.3095751919617554 0.027508057370694505 0.041088650162155814
0 0.3699422919843747 0.3581626964259823 0.027435322188333354 0.03796365016215582
0 0.3796978452710066 0.4091348611986346 0.027508057370694505 0.041088650162155814
0 0.38947158235322876 0.459325775971287 0.027508057370694505 0.041088650162155814
0 0.39771918702663156 0.5079269172049891 0.025872822188333266 0.03793637662320535
0 0.41101731440145783 0.5745922658250173 0.025945557370694417 0.041061376623205345
0 0.4192285514836801 0.6247559070587194 0.024310322188333445 0.037909103084255234
0 0.4274761561570827 0.6733570482924214 0.024310322188333445 0.03790910308425506
0 0.43570557703489515 0.7227394395261234 0.027508057370694415 0.041088650162155814
0 0.44555204929947845 0.7698053542987757 0.025872822188333443 0.03793637662320535
0 0.45532578638170074 0.8199962690714282 0.025872822188333443 0.03793637662320535
0 0.4635733910551035 0.8685974103051303 0.026018292553055565 0.04418637662320535
0 0.47102156193291583 0.9179661647693571 0.025872822188333443 0.03793637662320535
0 0.35019806212034715 0.09833768303330166 0.02598192496187508 0.04262387662320544
0 0.36069849781579844 0.1508859845754292 0.02910692496187508 0.042678423701106104
0 0.36969098489802066 0.2010632625786064 0.02598192496187508 0.04262387662320544
0 0.3794283543890623 0.2528166773512588 0.024310322188333355 0.03790910308425506
0 0.3891839076756942 0.30378884212391116 0.025945557370694417 0.041061376623205435
0 0.39663207855350663 0.35315759658813806 0.024310322188333355 0.03790910308425506
0 0.4071870656357288 0.40336214813026566 0.024310322188333445 0.037909103084255234
0 0.4162159203091315 0.4519769261334428 0.025872822188333443 0.03793637662320535
0 0.4244635249825343 0.5005780673671449 0.024310322188333445 0.037909103084255234
0 0.37761454730270827 0.09568996996493262 0.024310322188333355 0.0379091030842551
0 0.38658885058934017 0.14664849796810983 0.025945557370694417 0.041061376623205435
0 0.39558133767156234 0.19682577597128703 0.024310322188333445 0.037909103084255144
0 0.4053368909581943 0.24779794074393938 0.024310322188333445 0.03790910308425506
0 0.4135481280404164 0.29796158197764144 0.02271145459715278 0.03631932954530477
0 0.4233218651226386 0.34815249675029386 0.024310322188333445 0.03790910308425506
0 0.4315694697960414 0.3967536379839959 0.025945557370694417 0.041061376623205526
0 0.4406165082650343 0.44458716598717307 0.024237587005972117 0.03478410308425506
0 0.44810104673402734 0.49239342045139994 0.02271145459715278 0.03631932954530477
0 0.40346853248506936 0.09301498335761323 0.025945557370694417 0.041061376623205435
0 0.4124064681805207 0.14553601136079045 0.024346689779513753 0.039471603084255104
0 0.42297963905833313 0.19495931290291796 0.02754442496187508 0.042651150162155774
0 0.43122724373173593 0.24356045413662003 0.02434668977951393 0.039471603084255055
0 0.4394566646095484 0.29294284537032206 0.02271145459715278 0.03631932954530477
0 0.4477042692829511 0.34154398660402413 0.024310322188333445 0.03790910308425506
0 0.45597005775194416 0.38936387783772614 0.025945557370694417 0.041061376623205345
0 0.4657619786297566 0.43877354261037854 0.024310322188333445 0.03790910308425506
0 0.4740459508943399 0.48581218384408054 0.02754442496187508 0.042651150162155815
0 0.42926796628065966 0.09268374675029382 0.02598192496187508 0.04262387662320544
0 0.4382968209540624 0.14129852475347104 0.02271145459715278 0.03631932954530477
0 0.4473074918318748 0.19069455275664826 0.024310322188333445 0.0379091030842551
0 0.4563181627096872 0.24009058075982548 0.025945557370694417 0.041061376623205435
0 0.46458395117868034 0.2879104719935275 0.024310322188333445 0.03790910308425506
0 0.4744122396476733 0.33575763676617987 0.02598192496187508 0.04262387662320544
0 0.4810973443210761 0.38433150446093156 0.025872822188333443 0.03793637662320552
0 0.4886000665856594 0.4313565089251584 0.024310322188333445 0.03790910308425506
0 0.497683472645833 0.4776275369283357 0.024310322188333445 0.03790910308425506
0 0.46293445146302076 0.09014512783772614 0.02271145459715278 0.03631932954530477
0 0.4719451223408332 0.13954115584090335 0.02598192496187508 0.04262387662320544
0 0.4802472784010067 0.18579854707460539 0.024383057370694416 0.04103410308425506
0 0.4892579492788192 0.23519457507778257 0.025945557370694417 0.041061376623205435
0 0.49752373774781233 0.28301446631148464 0.025945557370694417 0.041061376623205435
0 0.5050446438079857 0.3292582207757115 0.024310322188333445 0.03790910308425506
0 0.5141280498681594 0.3755292487788887 0.024310322188333445 0.03790910308425506
0 0.521648955928333 0.4217730032431156 0.02271145459715278 0.03631932954530477
0 0.5291880457840968 0.46723550770734246 0.02271145459715278 0.03631932954530477
0 0.4864446866453819 0.08742923092198125 0.02271145459715278 0.03631932954530477
0 0.4946922913187846 0.1360303721556833 0.02114895459715278 0.03629205600635439
0 0.5037756973789582 0.18230140015886048 0.02271145459715278 0.03631932954530477
0 0.5112784196435415 0.22932640462308734 0.02271145459715278 0.03631932954530477
0 0.5211067081125345 0.2771735693957397 0.02271145459715278 0.03631932954530477
0 0.5286094303771177 0.32419857385996664 0.02441942496187508 0.04259660308425506
0 0.5361485202328817 0.3696610783241935 0.024383057370694416 0.04103410308425506
0 0.545213742497465 0.41671335632737067 0.02271145459715278 0.03631932954530477
0 0.5519897661488191 0.46138097402212236 0.02271145459715278 0.03631932954530477
0 0.511517421827743 0.08474060754518668 0.024310322188333445 0.0379091030842551
0 0.5182752616835068 0.13018947523993837 0.02271145459715278 0.03631932954530477
0 0.5265228663569095 0.17879061647364042 0.022638719414791807 0.03319432954530477
0 0.5348068386214928 0.22582925770734247 0.022638719414791807 0.03319432954530477
0 0.5415283108860762 0.2728406254020942 0.02263871941479163 0.03319432954530477
0 0.55141115074184 0.31834404017474655 0.02107621941479181 0.03316705600635448
0 0.5589684243931942 0.36302529463897343 0.02271145459715278 0.03631932954530477
0 0.5664529628621872 0.4108315491032003 0.02271145459715278 0.03631932954530477
0 0.5740284203091315 0.4547315535674271 0.02271145459715278 0.03631932954530477
0 0.5417309454790972 0.1298173283241935 0.02271145459715278 0.03631932954530477
0 0.548488785334861 0.17526619601894516 0.02271145459715278 0.03631932954530477
0 0.4362173361529509 0.5664348924482228 0.024310322188333445 0.037909103084255234
0 0.44600925703076333 0.615844557220875 0.024310322188333445 0.03790910308425506
0 0.45351197929534665 0.6628695616851019 0.02271145459715278 0.03631932954530477
0 0.46175958396874944 0.7114707029188041 0.024310322188333445 0.03790910308425506
0 0.4708066224377424 0.7593042309219813 0.024237587005972117 0.03478410308425524
0 0.4782911609067355 0.8071104853862081 0.025872822188333443 0.03793637662320535
0 0.4881194493757285 0.8549576501588605 0.02271145459715278 0.03631932954530477
0 0.462198607904444 0.5582911558409034 0.02271145459715278 0.03631932954530477
0 0.46968314637343694 0.6060974103051302 0.022638719414791807 0.03319432954530477
0 0.4772222362292009 0.6515599147693572 0.02271145459715278 0.03631932954530477
0 0.4870141571070133 0.7009695795420094 0.02271145459715278 0.03631932954530477
0 0.4850730634515273 0.5493116221556833 0.02271145459715278 0.03631932954530477
0 0.4933206681249301 0.5979127633893853 0.02263871941479163 0.03319432954530477
0 0.5023858903895133 0.6449650413925625 0.02271145459715278 0.03631932954530477
0 0.5106698626540966 0.6920036826262645 0.024310322188333445 0.037909103084255234
0 0.4952981293715967 0.7480082207757115 0.02271145459715278 0.03631932954530477
0 0.5035821016361799 0.7950468620094135 0.02271145459715278 0.03631932954530477
0 0.5110666401051729 0.8428531164736404 0.02271145459715278 0.03631932954530477
0 0.5094736514074301 0.5419218620094135 0.02114895459715278 0.0362920560063543
0 0.5169763736720133 0.5889468664736404 0.02114895459715278 0.0362920560063543
0 0.5252967135277773 0.6344230077073425 0.022638719414791807 0.03319432954530477
0 0.5335806857923606 0.6814616489410446 0.022638719414791807 0.03319432954530477
0 0.5411197756481243 0.7269241534052714 0.02271145459715278 0.03631932954530477
0 0.5190083863054508 0.7366985738599666 0.02271145459715278 0.03631932954530477
0 0.5272741747744438 0.7845184650936685 0.02271145459715278 0.03631932954530477
0 0.5355763308346173 0.8307758563273708 0.024310322188333445 0.037909103084255234
0 0.549421931708298 0.7731815446389734 0.02271145459715278 0.03631932954530477
0 0.6038918793715966 0.7499037317327601 0.024346689779513753 0.039471603084255236
0 0.5430608693036104 0.8785821107915975 0.02271145459715278 0.03631932954530477
0 0.4971301202535409 0.9043536781620377 0.02271145459715278 0.03631932954530477
0 0.5038334087225339 0.9521462958567894 0.02271145459715278 0.03631932954530441
0 0.5276164008387492 0.9377116489410444 0.02434668977951393 0.039471603084255236
0 0.520894928574166 0.8907002812462927 0.02271145459715278 0.03631932954530477
0 0.5521624591593742 0.9240718887947749 0.02271145459715278 0.03631932954530477
0 0.573565333684409 0.9111588315706044 0.02263871941479163 0.03319432954530477
0 0.5652631776242354 0.8649014403369023 0.02271145459715278 0.03631932954530477
0 0.6044523109829854 0.893721915580136 0.02114895459715278 0.0362920560063543
0 0.6258006341212493 0.8831526083559655 0.022675087005972296 0.03475682954530477
0 0.5976762873316313 0.8490542978853842 0.02271145459715278 0.03631932954530441
0 0.5893559474758674 0.8035781566516823 0.02271145459715278 0.03631932954530477
0 0.5810356076201035 0.7581020154179802 0.024310322188333445 0.03790910308425506
0 0.5726970839687494 0.7134071241842782 0.02271145459715278 0.03631932954530477
0 0.5651761779085758 0.6671633697200513 0.02271145459715278 0.03631932954530477
0 0.5568012866660411 0.6240309784863494 0.021076219414791632 0.0331670560063543
0 0.5492803806058676 0.5777872240221223 0.022638719414791807 0.03319432954530477
0 0.540978224545694 0.5315298327884204 0.02271145459715278 0.03631932954530477
0 0.5638344962971871 0.5233315491032002 0.02271145459715278 0.03631932954530477
0 0.5706105199485412 0.567999166797952 0.02114895459715278 0.036292056006354476
0 0.5781859773954856 0.6118991712621789 0.02107621941479181 0.03316705600635448
0 0.585688699660069 0.6589241757264057 0.02107621941479181 0.03316705600635448
0 0.5948448409026036 0.702070203729583 0.02271145459715278 0.03631932954530477
0 0.5585235215640618 0.8186713226421507 0.02114895459715278 0.0362920560063543
0 0.6106679030229507 0.7945713494275118 0.02114895459715278 0.0362920560063543
0 0.6182433604698951 0.8384713538917389 0.02114895459715278 0.0362920560063543
0 0.5851100842530899 0.5158872418790299 0.02114895459715278 0.0362920560063543
0 0.591886107904444 0.5605548595737815 0.02107621941479181 0.0331670560063543
0 0.6002064477602078 0.6060310008074836 0.02107621941479181 0.03316705600635448
0 0.6085631552071522 0.6499446420411856 0.022638719414791807 0.03319432954530477
0 0.6169016788585064 0.6946395332748876 0.02114895459715278 0.0362920560063543
0 0.6237140701010411 0.7377446509696395 0.02107621941479181 0.0331670560063543
0 0.6312713437523951 0.7824259054338663 0.021076219414791632 0.0331670560063543
0 0.6396280511993396 0.8263395466675683 0.022638719414791807 0.033194329545304414
0 0.6471853248506937 0.8710208011317953 0.02107621941479181 0.0331670560063543
0 0.6593956905420132 0.8165242159044477 0.01795121941479163 0.03311250892845372
0 0.6518202330950688 0.7726242114402206 0.02114895459715278 0.036292056006354476
0 0.6442447756481243 0.7287242069759937 0.02114895459715278 0.0362920560063543
0 0.6366511344055897 0.6856054525117669 0.02107621941479181 0.0331670560063543
0 0.6290756769586453 0.6417054480475402 0.022638719414791807 0.03319432954530477
0 0.6215184033072912 0.5970241935833132 0.022638719414791807 0.03319432954530477
0 0.6131616958603467 0.5531105523496112 0.022638719414791807 0.03319432954530477
0 0.6056044222089927 0.5084292978853843 0.02107621941479181 0.03316705600635448
0 0.6794731076201035 0.7598202483718517 0.01795121941479163 0.03311250892845372
0 0.6718976501731591 0.7159202439076248 0.01795121941479181 0.03311250892845372
0 0.6650852589306245 0.6728151262128731 0.02107621941479181 0.03316705600635448
0 0.691683473311423 0.705323663144504 0.02263871941479163 0.03319432954530477
0 0.6840716482732981 0.6629861586802772 0.022638719414791807 0.03319432954530477
0 0.6574916176880897 0.6296963717486462 0.01795121941479181 0.03311250892845372
0 0.6491349102411453 0.5857827305149441 0.01795121941479181 0.03311250892845372
0 0.6415412689986107 0.5426639760507174 0.02107621941479181 0.0331670560063543
0 0.634728877756076 0.49955885835596553 0.01795121941479181 0.03311250892845372
0 0.6544419657119788 0.49208727759284476 0.01795121941479181 0.03311250892845372
0 0.6628168569545135 0.5352196688265469 0.01795121941479181 0.03311250892845372
0 0.6688116306058676 0.5798736497518234 0.02107621941479181 0.0331670560063543
0 0.6764416394395829 0.6214299042160503 0.01795121941479181 0.03311250892845372
0 0.6961547273954857 0.6139583234529296 0.02107621941479181 0.0331670560063543
0 0.7022222362292009 0.655487304378206 0.01795121941479181 0.03311250892845372
0 0.6817486949104163 0.527734451293951 0.01795121941479181 0.03311250892845372
0 0.6893241523573607 0.5716344557581777 0.021076219414791632 0.0331670560063543
0 0.7014254152751385 0.5218253705308302 0.01795121941479181 0.03311250892845372
0 0.6749181198722912 0.48541058359919925 0.02107621941479181 0.03316705600635448
0 0.6946130240326038 0.4787202528360785 0.02114895459715278 0.036292056006354476
0 0.5575358238038539 0.22309972402212236 0.02271145459715278 0.03631932954530477
0 0.5650749136596179 0.26856222848634925 0.022638719414791807 0.03319432954530477
0 0.5733952535153817 0.31403836972005134 0.022638719414791807 0.03319432954530477
0 0.5801712771667358 0.358705987414803 0.02107621941479181 0.03316705600635439
0 0.5877103670224997 0.4041684918790299 0.01795121941479181 0.03311250892845372
0 0.5952858244694441 0.44806849634325674 0.02263871941479163 0.03319432954530477
0 0.5782853881084027 0.17109689325900163 0.02271145459715278 0.03631932954530477
0 0.5873687941685762 0.21736792126217885 0.02271145459715278 0.03631932954530477
0 0.59490788402434 0.2628304257264057 0.02271145459715278 0.03631932954530477
0 0.6017020914712845 0.30671679342115743 0.02271145459715278 0.03631932954530477
0 0.6084781151226386 0.3513844111159091 0.02107621941479181 0.03316705600635448
0 0.616834822569583 0.39529805234961113 0.02271145459715278 0.03631932954530477
0 0.624392096220937 0.439979306813838 0.02271145459715278 0.03631932954530477
0 0.6456495003812497 0.43331624958966763 0.021076219414791632 0.03316705600635448
0 0.6653080369503815 0.4281884188265469 0.02107621941479181 0.03316705600635448
0 0.6842398749062844 0.4207032012939509 0.02107621941479181 0.0331670560063543
0 0.6781723660725691 0.37917422036867443 0.02263871941479163 0.03319432954530477
0 0.6592587119122566 0.3858781879012703 0.02271145459715278 0.03631932954530477
0 0.6372564253431247 0.39096510835596554 0.02271145459715278 0.03631932954530477
0 0.6304804016917706 0.34629749066121385 0.01802395459715278 0.03623750892845372
0 0.6501207544653121 0.3419509098980931 0.022638719414791807 0.03319432954530477
0 0.6236498266536457 0.3039736229664622 0.02114895459715278 0.036292056006354476
0 0.6153113030022915 0.25927873173276017 0.02271145459715278 0.03631932954530477
0 0.6077540293509374 0.2145974772685333 0.02271145459715278 0.03631932954530477
0 0.6357329057758332 0.2549457877391146 0.02271145459715278 0.03631932954530477
0 0.6433265470183678 0.29806454220334144 0.02271145459715278 0.03631932954530477