0 0.2962669111868631 0.6788483221686877 0.04740562101845249 0.03804796360606986
0 0.34040331903701854 0.6300447950803825 0.045661110495108834 0.03485018899896399
0 0.40327504535949527 0.6341286734925953 0.044280621018452496 0.03790241439185813
0 0.2766138348220341 0.6283410539717227 0.05062162628012441 0.039756012820281586
0 0.3827952163638303 0.5844390425991832 0.050439615756780666 0.03663101282028158
0 0.2129608584995574 0.6242935628630628 0.05062162628012441 0.039756012820281586
0 0.260176763718877 0.5761257365605459 0.05062162628012441 0.039756012820281586
0 0.3213949847796818 0.5818448895798645 0.045661110495108834 0.03485018899896399
0 0.44497669794797884 0.5869968083149488 0.050439615756780756 0.03663101282028158
0 0.33432689526067316 0.5337156046336764 0.045661110495108834 0.03485018899896417
0 0.27462567156903245 0.5287049270072519 0.047223610495108835 0.034922963606069855
0 0.43472100838661804 0.4955370543860075 0.04547909997176518 0.031725188998963996
0 0.19725953476556438 0.5728231081483331 0.050621626280124364 0.039756012820281586
0 0.3758010346949772 0.49048998945603 0.045661110495108834 0.03485018899896399
0 0.39485487158314986 0.537908644956548 0.045661110495108834 0.03485018899896399
0 0.21248969261571987 0.5253659112914862 0.050439615756780666 0.03663101282028158
0 0.3144008031108287 0.4878958364367113 0.045661110495108834 0.03485018899896417
0 0.255435326788352 0.48363002150673395 0.045661110495108834 0.03485018899896399
0 0.4561640979056266 0.5420652979758667 0.045661110495108834 0.03485018899896399
0 0.3573009346526249 0.4469411966519591 0.04391659997176518 0.03165241439185813