0 0.39140625 0.665625 0.040625 0.03125
0 0.42734375 0.6203125 0.0390625 0.028125
0 0.4859375 0.6234375 0.0375 0.03125
0 0.36875 0.61875 0.0421875 0.03125
0 0.4625 0.57734375 0.0421875 0.028125
0 0.309375 0.61484375 0.0421875 0.03125
0 0.34765625 0.57109375 0.0421875 0.03125
0 0.40546875 0.575 0.0390625 0.0296875
0 0.51953125 0.5796875 0.0421875 0.0296875
0 0.4125 0.53125 0.0390625 0.028125
0 0.35625 0.52734375 0.040625 0.028125
0 0.50078125 0.4953125 0.0390625 0.0265625
0 0.2890625 0.56796875 0.0421875 0.03125
0 0.44609375 0.49140625 0.0390625 0.028125
0 0.46875 0.53515625 0.0390625 0.028125
0 0.2984375 0.52421875 0.0421875 0.028125
0 0.38984375 0.4890625 0.0390625 0.028125
0 0.334375 0.48515625 0.0390625 0.028125
0 0.52578125 0.53828125 0.0390625 0.028125
0 0.425 0.4515625 0.0375 0.025