0 0.772487237798891 0.19321560958960673 0.05479881596343468 0.036246572208706994
0 0.7177098465663966 0.20838206733693315 0.0580693651776464 0.039389752926866264
0 0.6628960680303493 0.22276727508425961 0.050111315963434676 0.03621930113146821
0 0.608863539494302 0.23714793765204617 0.05479881596343468 0.03624657220870695
0 0.5556486482618077 0.2523053050402931 0.05479881596343468 0.03624657220870695
0 0.49930875702931327 0.2674808531466991 0.05479881596343468 0.03624657220870695
0 0.4260724642252424 0.28900639520298094 0.054944365177646406 0.03937157220870695
0 0.3728211856891951 0.3033825125912277 0.05479881596343468 0.03624657220870695
0 0.319497132546042 0.31619612997947455 0.05167381596343468 0.036228391490547726
0 0.26550099131354765 0.3313580425472612 0.050111315963434676 0.03621930113146821
0 0.21373943817039448 0.3441625695764284 0.0502568651776464 0.03934430113146821
0 0.15818079693790013 0.3593335725032946 0.05479881596343472 0.03624657220870695
0 0.8396940084770554 0.21001676932872299 0.05465326674922295 0.03312157220870704
0 0.783354117244561 0.22519231743512905 0.05167381596343468 0.036228391490547726
0 0.7308477014049608 0.23878263964383603 0.04996576674922295 0.03309430113146812
0 0.6745441974760193 0.2547394377502421 0.04840326674922295 0.033085210772388504
0 0.6212565316364191 0.2683343051384889 0.050111315963434676 0.03621930113146821
0 0.5672603904039248 0.28349621770627553 0.050111315963434676 0.036219301131468117
0 0.5140454991714305 0.29865358509452233 0.05479881596343468 0.03624657220870695
0 0.4422261571531479 0.3170450367917246 0.050111315963434676 0.03621930113146821
0 0.3897925159206535 0.33219785900043153 0.05152826674922295 0.03310339149054773
0 0.33497873738460615 0.34658306674775796 0.05167381596343468 0.036228391490547726
0 0.28407120884855896 0.36094554859738537 0.05479881596343468 0.03624657220870704
0 0.23074715570540577 0.3737591659856322 0.05152826674922295 0.03310339149054773
0 0.1790219898658056 0.3873449430147994 0.04854881596343472 0.03621021077238851
0 0.1273695986333112 0.40249322004396654 0.049965766749223 0.033094301131468204
0 0.9045206418516669 0.22605031460645866 0.05479881596343468 0.03624657220870704
0 0.8497432506191724 0.2412167723537851 0.05152826674922295 0.03310339149054773
0 0.7964555847795725 0.2548116397420319 0.04840326674922295 0.033085210772388504
0 0.740896943547078 0.26998264266889815 0.050111315963434676 0.03621930113146821
0 0.6876456650110307 0.284358760057145 0.04996576674922295 0.033094301131468204
0 0.6351756364749834 0.29873033226585194 0.05167381596343468 0.036228391490547726
0 0.581179495242489 0.3138922448336386 0.04698631596343468 0.0362011204133089
0 0.5287094667064418 0.3282638170423456 0.04996576674922295 0.03309430113146812
0 0.45692651199171214 0.34743651873954784 0.04996576674922295 0.033094301131468204
0 0.40598259615211185 0.3610177505891752 0.04684076674922295 0.033076120413308895
0 0.35429381761606454 0.3753847776183424 0.05465326674922295 0.03312157220870695
0 0.3040583771693585 0.38739896428842996 0.050111315963434676 0.03621930113146821
0 0.2508070986333112 0.40177508167667675 0.04527826674922304 0.033067030054229285
0 0.19989957009726392 0.41613756352630416 0.054653266749222995 0.03312157220870695
0 0.14891926695411078 0.4289375453759316 0.050111315963434676 0.036219301131468026
0 0.0941054884180635 0.44332275312325803 0.049965766749223 0.03309430113146803
0 0.9165326443328663 0.2658349772724412 0.05152826674922295 0.03310339149054773
0 0.8633541404039249 0.28177359466068796 0.05011131596343503 0.03621930113146821
0 0.8093216118678775 0.29615425722847455 0.04840326674922295 0.033085210772388504
0 0.7545806079389361 0.312101964975801 0.04996576674922295 0.03309430113146812
0 0.7043087801886772 0.3233349016458886 0.050111315963434676 0.036219301131468117
0 0.6518387516526298 0.33770647385459557 0.04840326674922295 0.033085210772388504
0 0.5986238604201355 0.35286384124284237 0.04840326674922295 0.033085210772388504
0 0.5484248072769823 0.36565927791292996 0.04684076674922295 0.033076120413308985
0 0.47898560256225264 0.38481834407151283 0.04840326674922295 0.033085210772388504
0 0.42729682402620534 0.39918537110068 0.04371576674922295 0.033057939695149675
0 0.3770613835794993 0.41119955777076755 0.04371576674922295 0.033057939695149585
0 0.3261174677398991 0.4247807896203949 0.04996576674922304 0.033094301131468204
0 0.2767360519002989 0.43835293111094276 0.04527826674922304 0.033067030054229465
0 0.2250472733642516 0.4527199581401099 0.04527826674922295 0.033067030054229285
0 0.17484822022109842 0.46551539481019744 0.05152826674922299 0.033103391490547904
0 0.12386791707794528 0.4783153766598248 0.045278266749222994 0.033067030054229285
0 0.9751456650110306 0.28268613398649534 0.042080492142117266 0.031486349336070064
0 0.9250193864749834 0.2970440706565829 0.05167381596343468 0.036228391490547726
0 0.8725129706353831 0.3106343928652898 0.04840326674922295 0.033085210772388504
0 0.8201157167064418 0.3265684650739969 0.04527826674922295 0.033067030054229285
0 0.7660468008668415 0.34016787764178347 0.04669521753501123 0.029951120413308895
0 0.7150301104201355 0.3521866094914109 0.04527826674922295 0.033067030054229285
0 0.6633777191876412 0.36733488652057805 0.04840326674922295 0.033085210772388504
0 0.612397416044488 0.38013486837020544 0.04527826674922295 0.033067030054229285
0 0.5622347502048879 0.39371155504029304 0.043570217535011224 0.029932939695149673
0 0.9819243579389362 0.3107793177297166 0.03583049214211727 0.03144998789975162
0 0.9333605794028887 0.3251281640407246 0.04840326674922295 0.033085210772388504
0 0.8808541635632887 0.33871848624943157 0.04527826674922295 0.033067030054229285
0 0.8299466350272414 0.353080968099059 0.04527826674922295 0.033067030054229285
0 0.7765861945805353 0.3651133354873058 0.043570217535011224 0.029932939695149673
0 0.725715053348041 0.38025706733693315 0.04527826674922295 0.033067030054229285
0 0.6755160002048879 0.39305250400702074 0.04684076674922295 0.033076120413308895
0 0.6254261089723935 0.40819169067710837 0.042080492142117266 0.031486349336070064
0 0.5759355312221345 0.419420082167656 0.043570217535011224 0.029932939695149586
0 0.9858027210496679 0.3388770466524778 0.028394557900664096 0.0298693071815924
0 0.9401392723307943 0.3532213477839459 0.04669521753501123 0.029951120413308895
0 0.8892681310982999 0.36836507963357334 0.04840326674922295 0.033085210772388504
0 0.8390326906515938 0.38037926630366087 0.04513271753501158 0.029942030054229286
0 0.7880523875084406 0.39317924815328825 0.043570217535011224 0.029932939695149763
0 0.7378533343652875 0.40597468482337584 0.043570217535011224 0.029932939695149763
0 0.6876542812221345 0.41877012149346343 0.04840326674922295 0.033085210772388504
0 0.636746752686087 0.43313260334309084 0.04527826674922295 0.033067030054229465
0 0.588891449542934 0.445914404474559 0.04840326674922295 0.033085210772388504
0 0.9887468615582913 0.3654168207547787 0.022506276883417442 0.0314227168225127
0 0.9491161660444881 0.37817589598854784 0.041934942927905186 0.02836134933607006
0 0.8982086375084407 0.3925383778381752 0.04527826674922295 0.033067030054229285
0 0.8472647216688405 0.40611960968780264 0.04669521753501158 0.029951120413308985
0 0.7978833058292404 0.41969175117835034 0.045132717535011226 0.029942030054229286
0 0.7485018899896401 0.4332638926688981 0.04996576674922295 0.03309430113146803
0 0.699047699542934 0.4452735341594459 0.04527826674922295 0.033067030054229285
0 0.6496298963997809 0.4580644256499937 0.04527826674922295 0.033067030054229465
0 0.6009569559530747 0.4700695219610016 0.04527826674922295 0.033067030054229285
0 0.9943440441471145 0.40131795931846026 0.011311911705771038 0.025136355386194253
0 0.9603105312221345 0.4171838538340701 0.04840326674922295 0.033085210772388504
0 0.9108199534718754 0.4284122453246179 0.04840326674922295 0.033085210772388504
0 0.8598760376322752 0.44199347717424525 0.04684076674922295 0.033076120413308985
0 0.8104218471855692 0.454003118664793 0.04684076674922295 0.033076120413308985
0 0.761785294042416 0.466789464975801 0.04527826674922295 0.033067030054229465
0 0.71389360359571 0.4787900161072692 0.043570217535011224 0.029932939695149586
0 0.6652934377561097 0.49235761241827714 0.043570217535011224 0.029932939695149586
0 0.6189278600058508 0.5035678231906656 0.043570217535011224 0.029932939695149586
0 0.9984782533075144 0.4286298930616816 0.0030434933849711856 0.02668067466803503
0 0.9692146503287222 0.440575902038672 0.040299668320799495 0.02678975897699054
0 0.9189792098820163 0.4525900887087596 0.04357021753501158 0.029932939695149586
0 0.870342656738863 0.4653764350197676 0.04193494292790554 0.02836134933607006
0 0.8209612408992628 0.4789485765103153 0.043570217535011224 0.029932939695149586
0 0.7723246877561097 0.4917349228213233 0.05152826674922295 0.03310339149054773
0 0.7243966100058508 0.5029542239527914 0.045059942927905536 0.028379530054229284
0 0.6765413068626975 0.5157360250842596 0.04193494292790536 0.02836134933607006
0 0.6294308664159916 0.5277320310361879 0.04193494292790554 0.02836134933607006
0 0.9781551567388631 0.464749200243274 0.04193494292790554 0.02836134933607006
0 0.927919716292157 0.4767633869133615 0.0371746683207995 0.02677157825883114
0 0.8792831631490039 0.48954973322436945 0.0371746683207995 0.02677157825883114
0 0.8306102227022979 0.5015548295353774 0.0371746683207995 0.02677157825883114
0 0.7819736695591446 0.5143411758463854 0.0371746683207995 0.02677157825883114
0 0.7364257291124385 0.5263280914392341 0.04371576674922295 0.033057939695149585
0 0.6870079259692854 0.5391189829297819 0.04193494292790554 0.02836134933607006
0 0.6406059609154735 0.5495479437021704 0.04193494292790554 0.02836134933607006
0 0.9806839585389726 0.48816397434557485 0.03863208292205478 0.029932939695149586
0 0.9360789727022979 0.5009412302975033 0.041934942927905186 0.02836134933607006
0 0.49357679549015804 0.41286607601933606 0.04527826674922295 0.033067030054229285
0 0.44497662965055784 0.42643367233034396 0.04527826674922295 0.033067030054229285
0 0.39314230190029886 0.4376756993595111 0.04193494292790545 0.02836134933607006
0 0.3430160233642516 0.45203363602959873 0.04193494292790545 0.02836134933607006
0 0.29434308291754546 0.46403873234060666 0.042080492142117086 0.031486349336070064
0 0.24339916707794532 0.4776199641902341 0.04527826674922295 0.033067030054229285
0 0.19398136393479215 0.49041085568078185 0.043570217535011266 0.029932939695149586
0 0.5072775765074047 0.4385746031466991 0.04193494292790554 0.02836134933607006
0 0.4570785233642516 0.4513700398167867 0.0371746683207995 0.02677157825883114
0 0.4107857202210985 0.4641427505891752 0.04193494292790554 0.02836134933607006
0 0.3582429170779453 0.4769518227978821 0.043570217535011224 0.029932939695149586
0 0.5209419702210984 0.46350188027406214 0.04193494292790554 0.02836134933607006
0 0.4722690297743924 0.4755069765850701 0.0371746683207995 0.02677157825883114
0 0.42288761393479213 0.4890791180756179 0.04193494292790554 0.02836134933607006
0 0.37425106079163906 0.5018654643866258 0.043570217535011224 0.029932939695149586
0 0.31038761393479214 0.4897336239293503 0.040299668320799495 0.026789758976990364
0 0.261751060791639 0.5025199702403583 0.04193494292790536 0.02836134933607006
0 0.21307812034493293 0.5145250665513663 0.04193494292790545 0.02836134933607006
0 0.5345699766312393 0.4876479074014252 0.04193494292790554 0.02836134933607006
0 0.48515217348808604 0.500438798891973 0.040299668320799495 0.02678975897699054
0 0.43807812034493293 0.5132160548439012 0.0371746683207995 0.02677157825883114
0 0.3909676798982269 0.5252120607958297 0.0371746683207995 0.02677157825883114
0 0.3423311267550737 0.5379984071068377 0.043570217535011224 0.029932939695149586
0 0.3271406203449329 0.5138614703385541 0.04193494292790536 0.02836134933607006
0 0.2777228172017798 0.5266523618291019 0.04193494292790536 0.02836134933607006
0 0.22912265136217957 0.5402199581401099 0.04527826674922295 0.033067030054229285
0 0.2936581863083677 0.5500035034178455 0.04193494292790536 0.02836134933607006
0 0.3298354348606256 0.6052768106976337 0.04349744292790545 0.028370439695149584
0 0.1812309609154735 0.5522205092715781 0.04193494292790545 0.02836134933607006
0 0.14385508539874486 0.5047687923508695 0.04193494292790545 0.02836134933607006
0 0.09280200764848587 0.5160062742004967 0.040299668320799585 0.02678975897699054
0 0.11349765136217957 0.5408926447120016 0.045132717535011316 0.029942030054229286
0 0.16295184180888564 0.5288830032214539 0.04193494292790545 0.02836134933607006
0 0.13255802046876744 0.564225605582586 0.04193494292790545 0.02836134933607006
0 0.15001950227180239 0.58678640681225 0.03717466832079959 0.02677157825883114
0 0.19947369271850843 0.5747767653217023 0.040299668320799585 0.02678975897699054
0 0.17569374441391955 0.6178955062465159 0.040299668320799585 0.02678975897699054
0 0.1924103635205074 0.6412421026557198 0.03717466832079959 0.02677157825883114
0 0.22205932216417854 0.6066852954741274 0.04193494292790545 0.02836134933607006
0 0.2691697626108846 0.5946892895221991 0.040299668320799585 0.02678975897699054
0 0.31784270305759066 0.5826841932111911 0.043570217535011224 0.029932939695149586
0 0.3633542562007438 0.5699160276183424 0.040299668320799585 0.02678975897699054
0 0.41050108395100277 0.558701271666414 0.04193494292790554 0.02836134933607006
0 0.45679388709415586 0.5459285608940255 0.0371746683207995 0.02677157825883114
0 0.5046491902373091 0.5331467597625574 0.0371746683207995 0.02677157825883114
0 0.5517232433804622 0.520369503810629 0.040299668320799495 0.02678975897699054
0 0.5661688870941559 0.5452922357584523 0.040299668320799495 0.02678975897699054
0 0.5189856720403441 0.5557257417103806 0.040299668320799495 0.02678975897699054
0 0.471875231593638 0.567721747662309 0.0371746683207995 0.02677157825883114
0 0.423947153843379 0.5789410487937771 0.0371746683207995 0.02677157825883114
0 0.3791804633966729 0.590923419207086 0.04193494292790536 0.02836134933607006
0 0.2465841331652145 0.5627807593697739 0.04193494292790536 0.02836134933607006
0 0.2850323571103666 0.6164779311109427 0.04193494292790545 0.02836134933607006
0 0.23792191666366053 0.628473937062871 0.04193494292790545 0.02836134933607006
0 0.5781252315936379 0.567103603244895 0.04193494292790536 0.02836134933607006
0 0.530978403843379 0.5783183591968233 0.0371746683207995 0.02677157825883114
0 0.48383157609311994 0.5895331151487516 0.0371746683207995 0.02677157825883114
0 0.43832002294996675 0.6023012807416004 0.0371746683207995 0.02677157825883114
0 0.3912459698068137 0.6150785366935286 0.04193494292790536 0.02836134933607006
0 0.34796900475300174 0.625489316747758 0.03717466832079959 0.02677157825883114
0 0.3008949516098486 0.6382665726996863 0.03717466832079959 0.02677157825883114
0 0.2546021484666955 0.6510392834720748 0.03717466832079959 0.02677157825883114
0 0.20976268341288354 0.6614591538853837 0.03717466832079959 0.02677157825883114
0 0.2696107183590716 0.6712699702403583 0.03717466832079959 0.02677157825883114
0 0.3151950461093306 0.6600643046475095 0.040299668320799585 0.02678975897699054
0 0.3607793738595896 0.6488586390546608 0.040299668320799585 0.02678975897699054
0 0.4070357896991898 0.6353046782822723 0.03717466832079967 0.02677157825883114
0 0.45180248014589586 0.6233223078689634 0.0371746683207995 0.02677157825883114
0 0.4974231951997078 0.6128978922761148 0.0371746683207995 0.02677157825883114
0 0.542971135646414 0.600910976683266 0.0371746683207995 0.02677157825883114
0 0.590045188789567 0.5881337207313375 0.0371746683207995 0.02677157825883114
0 0.3352186017336831 0.6872989703385542 0.03702911910658786 0.023646578258831142
0 0.38162056678749506 0.6768700095661656 0.03717466832079959 0.02677157825883114
0 0.4248247572342011 0.6648967295119362 0.0371746683207995 0.02677157825883114
0 0.3950666366798712 0.6971097866935286 0.03717466832079959 0.02677157825883114
0 0.43823443982302435 0.6843552566392994 0.0371746683207995 0.02677157825883114
0 0.4695914476809072 0.6529143590986275 0.03710189371369381 0.02520907825883114
0 0.5151757754311662 0.6417086935057787 0.0371746683207995 0.02677157825883114
0 0.5607237158778723 0.6297217779129299 0.0371746683207995 0.02677157825883114
0 0.6047455436281313 0.6185252026791609 0.0371746683207995 0.02677157825883114
0 0.6181552262169545 0.637983729806524 0.03710189371369381 0.02520907825883114
0 0.5718988103773542 0.6515376905789125 0.03710189371369381 0.02520907825883114
0 0.5270957326270953 0.6627388109922213 0.03710189371369381 0.02520907825883114
0 0.4830375175732833 0.6731541362259905 0.0371746683207995 0.02677157825883114
0 0.4949210874656595 0.6934030037124332 0.0371746683207995 0.02677157825883114
0 0.45242537241184755 0.7038092385871226 0.0371746683207995 0.02677157825883114
0 0.5845272429661774 0.6710007628858153 0.03710189371369381 0.02520907825883114
0 0.5381980525194715 0.6829922236582039 0.03710189371369381 0.02520907825883114
0 0.5941398374656595 0.6928257659108775 0.0371746683207995 0.02677157825883114
0 0.6285854580199894 0.6605854376520461 0.0371746683207995 0.02677157825883114
0 0.6389429152159185 0.6816246454975685 0.04193494292790554 0.02836134933607006
0 0.8858799195591447 0.5137366669675909 0.04193494292790554 0.02836134933607006
0 0.8395507291124386 0.5257281277399793 0.0371746683207995 0.02677157825883114
0 0.7924039013621795 0.5369428836919077 0.0371746683207995 0.02677157825883114
0 0.7445122109154735 0.5489434348233758 0.0371746683207995 0.02677157825883114
0 0.6981830204687676 0.5609348955957645 0.0371746683207995 0.02677157825883114
0 0.6526350800220614 0.5729218111886131 0.0371746683207995 0.02677157825883114
0 0.9461646021479678 0.5329224833225654 0.040299668320799495 0.02678975897699054
0 0.898200137094156 0.5433605344540335 0.041934942927905186 0.02836134933607006
0 0.8511624712545558 0.5569190404059619 0.041934942927905186 0.02836134933607006
0 0.8055781435042967 0.5681247059988106 0.04193494292790554 0.02836134933607006
0 0.7592125657540377 0.5793349167711991 0.0371746683207995 0.02677157825883114
0 0.7128469880037788 0.5905451275435876 0.04193494292790536 0.02836134933607006
0 0.6657729348606256 0.6033223834955159 0.040299668320799495 0.026789758976990364
0 0.6776928920565547 0.6243525009819587 0.03390411910658777 0.023628397540672096
0 0.6888315992524838 0.6453871636479411 0.0371746683207995 0.02677157825883114
0 0.6991526691448599 0.6656451214934634 0.0371746683207995 0.02677157825883114
0 0.7432108841986718 0.6552297962596944 0.0371746683207995 0.02677157825883114
0 0.7321085643062957 0.6349763835937118 0.04193494292790536 0.02836134933607006
0 0.7224231951997078 0.6115888805686497 0.04193494292790536 0.02836134933607006
0 0.7688251602535198 0.6011599197962612 0.040299668320799495 0.026789758976990364
0 0.7776928920565547 0.623770718000863 0.0371746683207995 0.02677157825883114
0 0.8129197626108846 0.591525844562492 0.04193494292790554 0.02836134933607006
0 0.8591761784504847 0.5779718837901036 0.041934942927905186 0.02836134933607006
0 0.9063957808078497 0.5683196278381752 0.04193494292790554 0.02836134933607006
0 0.8695700229499668 0.5997923416356258 0.040299668320799495 0.02678975897699054
0 0.8232044451997078 0.6110025524080144 0.04193494292790554 0.02836134933607006