0 0.35078125 0.41640625 0.059375 0.0890625
0 0.371875 0.51328125 0.059375 0.0890625
0 0.39453125 0.61171875 0.059375 0.0875
0 0.42734375 0.55703125 0.059375 0.0859375
0 0.40703125 0.4640625 0.05625 0.084375
0 0.3828125 0.3703125 0.0609375 0.0921875
0 0.44765625 0.6515625 0.059375 0.090625
0 0.4375 0.41796875 0.0578125 0.0890625
0 0.41796875 0.32734375 0.05625 0.084375
0 0.4578125 0.50859375 0.05625 0.084375
0 0.521875 0.7828125 0.0609375 0.0921875
0 0.3953125 0.23671875 0.05625 0.0859375
0 0.471875 0.7484375 0.05625 0.0875
0 0.56953125 0.81640625 0.05625 0.0875
0 0.47890625 0.5984375 0.0578125 0.0859375
0 0.528125 0.6359375 0.05625 0.084375
0 0.61640625 0.84921875 0.05625 0.084375
0 0.5078125 0.54921875 0.0546875 0.0828125
0 0.51484375 0.41640625 0.0515625 0.0796875
0 0.53359375 0.50078125 0.0515625 0.0796875
0 0.5921875 0.91015625 0.05625 0.084375
0 0.54375 0.878125 0.0609375 0.0921875
0 0.3625 0.27890625 0.0578125 0.0875
0 0.6 0.62109375 0.0515625 0.0796875
0 0.58046875 0.53828125 0.0515625 0.0796875
0 0.659375 0.88046875 0.053125 0.0828125
0 0.40546875 0.11015625 0.0546875 0.08125
0 0.3734375 0.146875 0.05625 0.084375
0 0.7015625 0.91015625 0.05 0.0796875
0 0.43671875 0.0765625 0.0515625 0.078125
0 0.63515625 0.93671875 0.05625 0.0875
0 0.7046875 0.3015625 0.034375 0.0578125
0 0.5015625 0.6890625 0.05625 0.084375
0 0.55 0.72734375 0.0515625 0.0765625
0 0.57578125 0.6734375 0.0484375 0.0734375
0 0.596875 0.7609375 0.05 0.075
0 0.48828125 0.4609375 0.0515625 0.078125
0 0.4671875 0.371875 0.0515625 0.0765625
0 0.44609375 0.284375 0.0484375 0.0796875
0 0.4265625 0.196875 0.0515625 0.0796875
0 0.45546875 0.159375 0.046875 0.071875
0 0.475 0.2453125 0.0484375 0.0796875
0 0.4953125 0.33125 0.05 0.0765625
0 0.48203125 0.1234375 0.0453125 0.071875
0 0.50234375 0.20703125 0.0453125 0.071875
0 0.521875 0.290625 0.0453125 0.071875
0 0.546875 0.2515625 0.046875 0.0734375
0 0.565625 0.33359375 0.046875 0.0734375
0 0.55546875 0.5859375 0.046875 0.0734375
0 0.6234375 0.57578125 0.046875 0.0734375
0 0.6046875 0.49453125 0.046875 0.0734375
0 0.58359375 0.4140625 0.046875 0.0734375
0 0.5390625 0.37265625 0.046875 0.0734375
0 0.5609375 0.45546875 0.0484375 0.0765625
0 0.721875 0.48515625 0.0359375 0.0578125
0 0.6859375 0.45 0.0390625 0.0625
0 0.73828125 0.55703125 0.034375 0.0546875
0 0.684375 0.5671875 0.0421875 0.0625
0 0.6203125 0.7078125 0.046875 0.0703125
0 0.640625 0.79375 0.0453125 0.0703125
0 0.6828125 0.82421875 0.046875 0.0703125
0 0.6625 0.7421875 0.0421875 0.065625
0 0.64140625 0.65859375 0.0453125 0.0703125
0 0.52734375 0.1703125 0.0453125 0.0703125
0 0.5078125 0.0921875 0.0390625 0.065625
0 0.5515625 0.1375 0.0390625 0.065625
0 0.575 0.10625 0.0390625 0.0625
0 0.61328125 0.14921875 0.0375 0.0625
0 0.65234375 0.19140625 0.034375 0.0546875
0 0.66953125 0.26484375 0.034375 0.05625
0 0.72265625 0.375 0.0328125 0.053125
0 0.68671875 0.3375 0.034375 0.05625
0 0.70390625 0.4109375 0.0375 0.05625
0 0.66796875 0.375 0.0390625 0.0625
0 0.65078125 0.3 0.0390625 0.0625
0 0.6328125 0.22421875 0.0375 0.059375
0 0.59375 0.18203125 0.040625 0.06875
0 0.57109375 0.2171875 0.04375 0.06875
0 0.5890625 0.29375 0.04375 0.071875
0 0.6109375 0.25703125 0.0421875 0.065625
0 0.6296875 0.334375 0.0421875 0.065625
0 0.64765625 0.41171875 0.040625 0.0625
0 0.60703125 0.37421875 0.04375 0.06875
0 0.6265625 0.453125 0.04375 0.06875
0 0.665625 0.4890625 0.0421875 0.065625
0 0.70390625 0.52421875 0.0390625 0.0609375
0 0.64453125 0.5296875 0.0453125 0.0703125
0 0.66328125 0.6109375 0.0453125 0.071875
0 0.6828125 0.68984375 0.0453125 0.0703125
0 0.703125 0.7734375 0.04375 0.071875
0 0.721875 0.85390625 0.04375 0.06875
0 0.7609375 0.88203125 0.0421875 0.065625
0 0.74140625 0.80234375 0.0390625 0.065625
0 0.778125 0.83203125 0.0390625 0.065625
0 0.79453125 0.7828125 0.0390625 0.0640625
0 0.759375 0.753125 0.0390625 0.065625
0 0.73984375 0.67421875 0.040625 0.06875
0 0.70234375 0.6453125 0.0421875 0.0703125
0 0.721875 0.7234375 0.04375 0.06875
0 0.721875 0.6 0.0390625 0.065625
0 0.77578125 0.70703125 0.0359375 0.059375
0 0.75703125 0.6328125 0.034375 0.05625
0 0.79140625 0.66328125 0.0328125 0.05625
0 0.77421875 0.58984375 0.034375 0.0578125