0 0.60390625 0.24375 0.025 0.0171875
0 0.496875 0.26484375 0.025 0.015625
0 0.571875 0.25390625 0.025 0.015625
0 0.63203125 0.275 0.0265625 0.015625
0 0.665625 0.24375 0.025 0.015625
0 0.6359375 0.2125 0.0265625 0.015625
0 0.4359375 0.24375 0.025 0.0171875
0 0.375 0.24375 0.0265625 0.015625
0 0.57109375 0.2953125 0.0265625 0.015625
0 0.49609375 0.3046875 0.0265625 0.015625
0 0.4671875 0.2328125 0.025 0.015625
0 0.52890625 0.2328125 0.025 0.015625
0 0.46484375 0.48984375 0.025 0.0140625
0 0.49921875 0.16015625 0.028125 0.0171875
0 0.60625 0.18125 0.028125 0.0171875
0 0.6375 0.17109375 0.0265625 0.0171875
0 0.7015625 0.17109375 0.03125 0.0171875
0 0.73046875 0.20234375 0.03125 0.0171875
0 0.66875 0.203125 0.03125 0.0171875
0 0.6984375 0.1921875 0.03125 0.0171875
0 0.73046875 0.18125 0.03125 0.0171875
0 0.63671875 0.1921875 0.03125 0.0171875
0 0.66875 0.18203125 0.03125 0.0171875
0 0.40625 0.19140625 0.028125 0.0171875
0 0.40625 0.17109375 0.028125 0.0171875
0 0.4375 0.18125 0.028125 0.015625
0 0.46875 0.19140625 0.028125 0.015625
0 0.49921875 0.20234375 0.028125 0.0171875
0 0.46875 0.17109375 0.028125 0.0171875
0 0.49921875 0.18125 0.028125 0.0171875
0 0.53046875 0.19140625 0.028125 0.0171875
0 0.57421875 0.1921875 0.028125 0.0171875
0 0.60546875 0.20234375 0.028125 0.01875
0 0.60546875 0.16015625 0.028125 0.0171875
0 0.6046875 0.2234375 0.028125 0.0171875
0 0.5734375 0.2328125 0.028125 0.015625
0 0.4984375 0.22265625 0.0265625 0.015625
0 0.46796875 0.2125 0.0265625 0.0171875
0 0.4375 0.2015625 0.025 0.0171875
0 0.4984375 0.24375 0.025 0.015625
0 0.52890625 0.2546875 0.025 0.015625
0 0.37421875 0.18046875 0.028125 0.0171875
0 0.375 0.2015625 0.0296875 0.0171875
0 0.40546875 0.21171875 0.0265625 0.015625
0 0.43671875 0.22265625 0.0265625 0.015625
0 0.40703125 0.23359375 0.028125 0.015625
0 0.375 0.22265625 0.0265625 0.015625
0 0.3453125 0.21171875 0.0234375 0.015625
0 0.3140625 0.2015625 0.025 0.015625
0 0.2828125 0.21171875 0.025 0.015625
0 0.3140625 0.22265625 0.0234375 0.015625
0 0.3453125 0.2328125 0.025 0.015625
0 0.40625 0.25390625 0.0265625 0.015625
0 0.43671875 0.2640625 0.0265625 0.015625
0 0.46640625 0.25390625 0.025 0.0140625
0 0.4671875 0.275 0.0265625 0.015625
0 0.49765625 0.28515625 0.025 0.0140625
0 0.52734375 0.2953125 0.025 0.0140625
0 0.2546875 0.28515625 0.028125 0.015625
0 0.19375 0.26328125 0.028125 0.015625
0 0.19453125 0.284375 0.028125 0.015625
0 0.225 0.2734375 0.028125 0.015625
0 0.2546875 0.26328125 0.028125 0.015625
0 0.284375 0.27421875 0.028125 0.015625
0 0.3140625 0.2640625 0.028125 0.015625
0 0.284375 0.25390625 0.028125 0.015625
0 0.2234375 0.253125 0.028125 0.015625
0 0.19296875 0.24296875 0.028125 0.015625
0 0.25390625 0.24375 0.028125 0.015625
0 0.22265625 0.2328125 0.028125 0.015625
0 0.37578125 0.26484375 0.028125 0.015625
0 0.34375 0.25390625 0.028125 0.015625
0 0.31484375 0.24375 0.028125 0.015625
0 0.284375 0.2328125 0.028125 0.015625
0 0.253125 0.22265625 0.028125 0.015625
0 0.496875 0.32578125 0.0265625 0.015625
0 0.52578125 0.315625 0.0265625 0.015625
0 0.3171875 0.3453125 0.0265625 0.015625
0 0.34609375 0.33515625 0.025 0.015625
0 0.31484375 0.325 0.025 0.015625
0 0.37734375 0.32578125 0.025 0.015625
0 0.34609375 0.31484375 0.025 0.015625
0 0.2859375 0.31484375 0.0265625 0.015625
0 0.3765625 0.284375 0.025 0.015625
0 0.3453125 0.275 0.025 0.015625
0 0.25625 0.32421875 0.025 0.015625
0 0.31484375 0.28515625 0.025 0.015625
0 0.28515625 0.29453125 0.0265625 0.015625
0 0.25625 0.3046875 0.025 0.015625
0 0.2265625 0.334375 0.0265625 0.015625
0 0.19609375 0.32421875 0.025 0.015625
0 0.22578125 0.3140625 0.0265625 0.015625
0 0.1953125 0.30390625 0.0265625 0.015625
0 0.22578125 0.29453125 0.0265625 0.015625
0 0.315625 0.3046875 0.028125 0.015625
0 0.3765625 0.3046875 0.025 0.015625
0 0.46640625 0.315625 0.0265625 0.015625
0 0.40625 0.315625 0.0265625 0.015625
0 0.4359375 0.30546875 0.0265625 0.015625
0 0.40546875 0.2953125 0.0265625 0.015625
0 0.4671875 0.29609375 0.0265625 0.015625
0 0.4359375 0.28515625 0.0265625 0.015625
0 0.40625 0.275 0.0265625 0.015625
0 0.3453125 0.29453125 0.025 0.015625
0 0.28671875 0.334375 0.025 0.015625
0 0.25625 0.34453125 0.025 0.015625
0 0.49375 0.3859375 0.0265625 0.0140625
0 0.40546875 0.39453125 0.0265625 0.0140625
0 0.34609375 0.39453125 0.025 0.0140625
0 0.2875 0.39453125 0.025 0.0140625
0 0.31796875 0.384375 0.025 0.0140625
0 0.4640625 0.37578125 0.0265625 0.0140625
0 0.496875 0.365625 0.0265625 0.0140625
0 0.43515625 0.38515625 0.0265625 0.0140625
0 0.3765625 0.38515625 0.025 0.0140625
0 0.40625 0.375 0.0265625 0.0140625
0 0.43671875 0.365625 0.0265625 0.0140625
0 0.46640625 0.35546875 0.0265625 0.0140625
0 0.375 0.36484375 0.0265625 0.0140625
0 0.34609375 0.375 0.025 0.0140625
0 0.28671875 0.37421875 0.025 0.0140625
0 0.31640625 0.36484375 0.0265625 0.0140625
0 0.346875 0.35546875 0.0265625 0.0140625
0 0.40703125 0.35546875 0.0265625 0.0140625
0 0.43671875 0.3453125 0.0265625 0.0140625
0 0.52578125 0.35546875 0.0265625 0.0140625
0 0.496875 0.34609375 0.0265625 0.0140625
0 0.46640625 0.3359375 0.0265625 0.0140625
0 0.40703125 0.3359375 0.0265625 0.0140625
0 0.43671875 0.32578125 0.0265625 0.0140625
0 0.3765625 0.3453125 0.025 0.0140625
0 0.25703125 0.36484375 0.0265625 0.0140625
0 0.28671875 0.3546875 0.025 0.0140625
0 0.3171875 0.40390625 0.0265625 0.0140625
0 0.5234375 0.41484375 0.0265625 0.0140625
0 0.434375 0.4234375 0.0265625 0.0140625
0 0.465625 0.41484375 0.0265625 0.0140625
0 0.52578125 0.37578125 0.0265625 0.0140625
0 0.49375 0.4046875 0.0265625 0.0140625
0 0.34765625 0.4140625 0.0265625 0.0140625
0 0.31953125 0.42265625 0.0265625 0.0140625
0 0.37578125 0.4234375 0.0265625 0.0140625
0 0.40546875 0.4140625 0.0265625 0.0140625
0 0.43671875 0.4046875 0.0265625 0.0140625
0 0.46484375 0.3953125 0.0265625 0.0140625
0 0.3765625 0.4046875 0.025 0.0140625
0 0.2890625 0.4140625 0.0265625 0.0140625
0 0.40703125 0.4328125 0.0234375 0.0140625
0 0.4359375 0.44296875 0.021875 0.0125
0 0.5234375 0.43359375 0.021875 0.0125
0 0.4953125 0.4234375 0.025 0.0140625
0 0.465625 0.43359375 0.025 0.0140625
0 0.49375 0.44296875 0.021875 0.0140625
0 0.46484375 0.45234375 0.025 0.0140625
0 0.4359375 0.4609375 0.025 0.015625
0 0.40703125 0.45234375 0.0234375 0.0140625
0 0.37734375 0.4421875 0.0234375 0.0140625
0 0.34765625 0.4328125 0.0234375 0.015625
0 0.28984375 0.43203125 0.0265625 0.0140625
0 0.31953125 0.4421875 0.025 0.0140625
0 0.3484375 0.4515625 0.0234375 0.0140625
0 0.37734375 0.4609375 0.0234375 0.0125
0 0.49375 0.46171875 0.025 0.0140625
0 0.4640625 0.47109375 0.0234375 0.0140625
0 0.52265625 0.47109375 0.0234375 0.015625
0 0.49296875 0.48046875 0.025 0.0140625
0 0.52109375 0.490625 0.0234375 0.0140625
0 0.49296875 0.49921875 0.025 0.0140625
0 0.4359375 0.4796875 0.025 0.015625
0 0.40703125 0.47109375 0.0234375 0.0140625
0 0.37734375 0.4796875 0.0234375 0.0125
0 0.3484375 0.4703125 0.025 0.0140625
0 0.31875 0.4609375 0.025 0.015625
0 0.2890625 0.4703125 0.03125 0.015625
0 0.3203125 0.4796875 0.0265625 0.0140625
0 0.3484375 0.4890625 0.0234375 0.0140625
0 0.75703125 0.6640625 0.0265625 0.015625
0 0.7328125 0.60234375 0.0265625 0.0140625
0 0.790625 0.584375 0.0265625 0.0140625
0 0.6421875 0.66328125 0.0265625 0.0140625
0 0.61484375 0.65390625 0.0265625 0.0140625
0 0.4875 0.71328125 0.0265625 0.0140625
0 0.584375 0.71484375 0.0265625 0.0140625
0 0.6703125 0.7078125 0.0265625 0.0140625
0 0.66953125 0.68984375 0.0265625 0.0140625
0 0.6421875 0.68125 0.0265625 0.0140625
0 0.61484375 0.65390625 0.0265625 0.0140625
0 0.615625 0.6359375 0.0265625 0.0140625
0 0.7015625 0.628125 0.0265625 0.0140625
0 0.78828125 0.6203125 0.0265625 0.0140625
0 0.846875 0.62109375 0.0265625 0.0140625
0 0.815625 0.646875 0.0265625 0.0140625
0 0.61796875 0.56484375 0.0265625 0.0140625
0 0.72890625 0.65546875 0.0265625 0.0140625
0 0.75859375 0.646875 0.0265625 0.0140625
0 0.73046875 0.63671875 0.0265625 0.0140625
0 0.73125 0.60234375 0.0265625 0.0140625
0 0.73046875 0.61953125 0.0265625 0.0140625
0 0.759375 0.62890625 0.0265625 0.0140625
0 0.88125 0.57578125 0.0265625 0.0171875
0 0.87734375 0.6125 0.028125 0.015625
0 0.87890625 0.59375 0.0296875 0.0171875
0 0.8734375 0.6484375 0.028125 0.015625
0 0.8140625 0.665625 0.028125 0.015625
0 0.784375 0.67265625 0.0265625 0.015625
0 0.75625 0.68203125 0.025 0.015625
0 0.69765625 0.6984375 0.0265625 0.0125
0 0.72734375 0.67265625 0.028125 0.015625
0 0.6421875 0.69765625 0.025 0.015625
0 0.61328125 0.70625 0.028125 0.0125
0 0.5859375 0.69765625 0.025 0.015625
0 0.6140625 0.6890625 0.0234375 0.0140625
0 0.5578125 0.68828125 0.028125 0.0140625
0 0.58515625 0.6796875 0.0265625 0.015625
0 0.61484375 0.67109375 0.0265625 0.015625
0 0.671875 0.67265625 0.025 0.015625
0 0.6984375 0.68125 0.0234375 0.0125
0 0.7 0.66328125 0.025 0.015625
0 0.70078125 0.646875 0.025 0.015625
0 0.67265625 0.63671875 0.0234375 0.015625
0 0.64296875 0.6453125 0.025 0.0140625
0 0.67265625 0.6546875 0.025 0.015625
0 0.58671875 0.66171875 0.0234375 0.0140625
0 0.5578125 0.653125 0.025 0.015625
0 0.559375 0.63515625 0.028125 0.015625
0 0.5875 0.6265625 0.025 0.0125
0 0.78671875 0.6390625 0.0265625 0.0140625
0 0.78671875 0.65625 0.0265625 0.0140625
0 0.84375 0.6578125 0.0265625 0.0140625
0 0.8453125 0.6390625 0.025 0.0140625
0 0.87578125 0.63046875 0.0265625 0.0140625
0 0.81796875 0.6296875 0.025 0.0125
0 0.34921875 0.66796875 0.021875 0.0140625
0 0.378125 0.678125 0.028125 0.015625
0 0.32109375 0.67734375 0.028125 0.015625
0 0.29453125 0.66796875 0.025 0.015625
0 0.3203125 0.659375 0.025 0.0140625
0 0.26484375 0.659375 0.0265625 0.015625
0 0.2375 0.65 0.025 0.0140625
0 0.20859375 0.64140625 0.0265625 0.015625
0 0.37734375 0.69453125 0.025 0.0140625
0 0.40625 0.70390625 0.025 0.0140625
0 0.43359375 0.6953125 0.025 0.015625
0 0.4609375 0.7046875 0.0265625 0.015625
0 0.48984375 0.696875 0.025 0.015625
0 0.5171875 0.6890625 0.0265625 0.015625
0 0.4890625 0.67890625 0.0234375 0.0140625
0 0.46171875 0.6875 0.025 0.015625
0 0.4328125 0.678125 0.0265625 0.0140625
0 0.40546875 0.6859375 0.025 0.015625
0 0.40546875 0.66875 0.025 0.015625
0 0.434375 0.6609375 0.0265625 0.0140625
0 0.46171875 0.66953125 0.0265625 0.015625
0 0.4890625 0.66171875 0.028125 0.015625
0 0.51875 0.65234375 0.0265625 0.015625
0 0.48984375 0.64375 0.025 0.015625
0 0.46171875 0.6515625 0.025 0.015625
0 0.51953125 0.6359375 0.0265625 0.015625
0 0.37734375 0.66015625 0.025 0.0140625
0 0.40546875 0.65234375 0.025 0.0140625
0 0.434375 0.64296875 0.025 0.0125
0 0.4921875 0.62578125 0.0265625 0.0125
0 0.46171875 0.634375 0.0265625 0.015625
0 0.434375 0.625 0.0265625 0.0140625
0 0.40546875 0.634375 0.0234375 0.0140625
0 0.37734375 0.6421875 0.0234375 0.0125
0 0.34921875 0.65078125 0.0234375 0.0125
0 0.35 0.63359375 0.0234375 0.0125
0 0.3203125 0.6421875 0.025 0.0125
0 0.2921875 0.65078125 0.0234375 0.0140625
0 0.26484375 0.64140625 0.0234375 0.0125
0 0.23671875 0.6328125 0.025 0.0140625
0 0.20859375 0.62421875 0.0265625 0.0125
0 0.2359375 0.61484375 0.0234375 0.0125
0 0.20703125 0.60703125 0.025 0.015625
0 0.2359375 0.59765625 0.0234375 0.0140625
0 0.2078125 0.58828125 0.0234375 0.0140625
0 0.23515625 0.57890625 0.0265625 0.0140625
0 0.20625 0.5703125 0.0265625 0.0140625
0 0.29375 0.63359375 0.0234375 0.015625
0 0.26484375 0.62421875 0.0234375 0.0125
0 0.321875 0.62421875 0.028125 0.0125
0 0.34921875 0.615625 0.0234375 0.0140625
0 0.378125 0.62421875 0.025 0.0140625
0 0.40625 0.61640625 0.0265625 0.015625
0 0.434375 0.6078125 0.025 0.0140625
0 0.4625 0.6171875 0.0234375 0.0140625
0 0.490625 0.6078125 0.0234375 0.0140625
0 0.5203125 0.6 0.028125 0.015625
0 0.56015625 0.6 0.028125 0.0140625
0 0.5609375 0.58203125 0.0265625 0.015625
0 0.51953125 0.58125 0.0234375 0.0140625
0 0.4921875 0.58984375 0.0265625 0.015625
0 0.46328125 0.59921875 0.0265625 0.0140625
0 0.4046875 0.5984375 0.025 0.0140625
0 0.37734375 0.60625 0.0234375 0.0125
0 0.35 0.5984375 0.025 0.0125
0 0.32109375 0.60703125 0.0234375 0.0125
0 0.29296875 0.59765625 0.028125 0.0140625
0 0.29296875 0.61484375 0.0265625 0.0140625
0 0.265625 0.60625 0.025 0.0125
0 0.2640625 0.5890625 0.025 0.0140625
0 0.26328125 0.57109375 0.028125 0.015625
0 0.234375 0.56171875 0.028125 0.0140625
0 0.29296875 0.5796875 0.0234375 0.0125
0 0.321875 0.5890625 0.0234375 0.0125
0 0.34921875 0.5796875 0.025 0.0125
0 0.32109375 0.57109375 0.028125 0.0125
0 0.29140625 0.56171875 0.025 0.0140625
0 0.26328125 0.55234375 0.028125 0.015625
0 0.2625 0.534375 0.0265625 0.015625
0 0.37734375 0.5890625 0.0265625 0.0140625
0 0.40546875 0.58046875 0.025 0.015625
0 0.434375 0.5890625 0.0265625 0.015625
0 0.46328125 0.58046875 0.025 0.0140625
0 0.4921875 0.571875 0.0265625 0.015625
0 0.4921875 0.55390625 0.025 0.015625
0 0.49140625 0.5359375 0.0265625 0.015625
0 0.49296875 0.51796875 0.0265625 0.0140625
0 0.46328125 0.50859375 0.025 0.0125
0 0.40625 0.4890625 0.0265625 0.0140625
0 0.378125 0.49921875 0.0234375 0.0125
0 0.40703125 0.5078125 0.0234375 0.0140625
0 0.43671875 0.4984375 0.0265625 0.015625
0 0.4359375 0.5171875 0.025 0.0125
0 0.43515625 0.53515625 0.021875 0.0140625
0 0.40703125 0.52578125 0.025 0.0140625
0 0.378125 0.5171875 0.03125 0.0125
0 0.34921875 0.52578125 0.025 0.0140625
0 0.3203125 0.515625 0.025 0.015625
0 0.31953125 0.496875 0.0234375 0.015625
0 0.35 0.50703125 0.025 0.015625
0 0.28984375 0.48828125 0.028125 0.015625
0 0.290625 0.50703125 0.0328125 0.015625
0 0.290625 0.525 0.0296875 0.015625
0 0.2921875 0.54296875 0.028125 0.015625
0 0.31953125 0.53515625 0.0296875 0.0140625
0 0.3203125 0.55234375 0.0265625 0.0125
0 0.35 0.54375 0.0265625 0.0140625
0 0.37734375 0.53515625 0.025 0.015625
0 0.40703125 0.54453125 0.028125 0.0140625
0 0.34921875 0.56171875 0.0265625 0.0140625
0 0.378125 0.553125 0.0296875 0.015625
0 0.378125 0.571875 0.025 0.0140625
0 0.40625 0.5625 0.0265625 0.0140625
0 0.43515625 0.55390625 0.025 0.0125
0 0.46328125 0.56328125 0.025 0.015625
0 0.46484375 0.54609375 0.0265625 0.015625
0 0.46328125 0.5265625 0.0234375 0.015625
0 0.52109375 0.52734375 0.025 0.0140625
0 0.52109375 0.5453125 0.0234375 0.0171875
0 0.5625 0.528125 0.0296875 0.015625
0 0.5609375 0.54609375 0.025 0.015625
0 0.434375 0.571875 0.0265625 0.0140625
0 0.75625 0.2546875 0.0296875 0.015625
0 0.78828125 0.24453125 0.0296875 0.015625
0 0.8515625 0.22421875 0.0296875 0.015625
0 0.82109375 0.23515625 0.0296875 0.015625
0 0.6015625 0.26484375 0.0296875 0.015625
0 0.634375 0.2546875 0.0296875 0.015625
0 0.63515625 0.234375 0.0296875 0.015625
0 0.66640625 0.2234375 0.0296875 0.015625
0 0.69765625 0.21328125 0.0296875 0.015625
0 0.728125 0.2234375 0.0296875 0.015625
0 0.759375 0.234375 0.0296875 0.015625
0 0.78984375 0.22421875 0.0296875 0.015625
0 0.821875 0.2140625 0.0296875 0.015625
0 0.7609375 0.21328125 0.0296875 0.015625
0 0.7921875 0.203125 0.028125 0.015625
0 0.72734375 0.24453125 0.028125 0.015625
0 0.69765625 0.23359375 0.0265625 0.0140625
0 0.6953125 0.25546875 0.028125 0.0171875
0 0.6640625 0.265625 0.028125 0.015625
0 0.72578125 0.26484375 0.0265625 0.015625
0 0.78828125 0.265625 0.028125 0.015625
0 0.81875 0.2546875 0.0265625 0.015625
0 0.85078125 0.2453125 0.0265625 0.015625
0 0.81796875 0.27578125 0.0265625 0.015625
0 0.75625 0.27578125 0.028125 0.015625
0 0.725 0.2859375 0.028125 0.015625
0 0.69453125 0.27578125 0.0265625 0.015625
0 0.66328125 0.28515625 0.0265625 0.015625
0 0.6015625 0.28515625 0.028125 0.015625
0 0.63203125 0.2953125 0.028125 0.015625
0 0.60078125 0.30546875 0.0265625 0.015625
0 0.57109375 0.315625 0.0265625 0.0125
0 0.60078125 0.32578125 0.0265625 0.015625
0 0.63125 0.315625 0.0265625 0.015625
0 0.6625 0.30546875 0.025 0.015625
0 0.69296875 0.29609375 0.028125 0.015625
0 0.69140625 0.31640625 0.0265625 0.0140625
0 0.66015625 0.32578125 0.0265625 0.0140625
0 0.63046875 0.3359375 0.0265625 0.0140625
0 0.5984375 0.3453125 0.025 0.0140625
0 0.56796875 0.35625 0.025 0.0140625
0 0.56796875 0.37578125 0.025 0.0140625
0 0.59921875 0.36640625 0.025 0.0140625
0 0.62890625 0.35625 0.025 0.015625
0 0.68984375 0.33671875 0.028125 0.0140625
0 0.659375 0.34609375 0.0265625 0.015625
0 0.65859375 0.36640625 0.025 0.015625
0 0.628125 0.37578125 0.0234375 0.0140625
0 0.59765625 0.3859375 0.025 0.0140625
0 0.88203125 0.234375 0.025 0.015625
0 0.9125 0.2453125 0.028125 0.015625
0 0.88046875 0.25546875 0.0265625 0.0171875
0 0.9109375 0.26640625 0.028125 0.015625
0 0.87890625 0.27578125 0.028125 0.015625
0 0.909375 0.28671875 0.028125 0.015625
0 0.84921875 0.265625 0.028125 0.015625
0 0.846875 0.28671875 0.028125 0.015625
0 0.87734375 0.296875 0.0265625 0.0140625
0 0.9078125 0.30625 0.0265625 0.0140625
0 0.90546875 0.32734375 0.028125 0.015625
0 0.875 0.3171875 0.0265625 0.015625
0 0.8453125 0.30625 0.025 0.0140625
0 0.815625 0.29609375 0.0265625 0.015625
0 0.78515625 0.2859375 0.0265625 0.0140625
0 0.75390625 0.29609375 0.0265625 0.0140625
0 0.78359375 0.30625 0.0265625 0.0140625
0 0.81328125 0.31640625 0.0265625 0.0140625
0 0.84375 0.3265625 0.0265625 0.0140625
0 0.8734375 0.33671875 0.0265625 0.0140625
0 0.84140625 0.346875 0.028125 0.0140625
0 0.8125 0.33671875 0.0265625 0.0140625
0 0.7828125 0.3265625 0.025 0.0140625
0 0.75234375 0.31640625 0.0265625 0.015625
0 0.7234375 0.30625 0.025 0.0140625
0 0.721875 0.32734375 0.0296875 0.015625
0 0.71953125 0.346875 0.028125 0.015625
0 0.6890625 0.35625 0.028125 0.015625
0 0.78125 0.346875 0.028125 0.0171875
0 0.81015625 0.35625 0.028125 0.015625
0 0.84140625 0.3671875 0.0296875 0.015625
0 0.80859375 0.3765625 0.0296875 0.015625
0 0.78046875 0.36640625 0.028125 0.015625
0 0.74921875 0.35703125 0.028125 0.0140625
0 0.7515625 0.33671875 0.028125 0.015625
0 0.71796875 0.36640625 0.028125 0.015625
0 0.6875 0.37578125 0.028125 0.015625
0 0.65625 0.3859375 0.028125 0.015625
0 0.62734375 0.39453125 0.025 0.0140625
0 0.59609375 0.4046875 0.025 0.0125
0 0.56640625 0.41484375 0.0265625 0.0140625
0 0.59609375 0.425 0.025 0.0140625
0 0.62578125 0.41484375 0.025 0.0140625
0 0.65546875 0.40625 0.0265625 0.015625
0 0.6875 0.39609375 0.0265625 0.015625
0 0.7171875 0.38671875 0.028125 0.0140625
0 0.7484375 0.3765625 0.0265625 0.0140625
0 0.778125 0.38671875 0.028125 0.0140625
0 0.80703125 0.396875 0.03125 0.015625
0 0.80546875 0.41640625 0.03125 0.0140625
0 0.7765625 0.40625 0.028125 0.0171875
0 0.746875 0.39609375 0.028125 0.015625
0 0.715625 0.40546875 0.0265625 0.015625
0 0.6859375 0.415625 0.028125 0.0140625
0 0.7140625 0.425 0.0234375 0.0140625
0 0.7453125 0.415625 0.0265625 0.0140625
0 0.74375 0.43515625 0.028125 0.0140625
0 0.77421875 0.42578125 0.0265625 0.015625
0 0.80390625 0.43515625 0.0265625 0.015625
0 0.7734375 0.44453125 0.0265625 0.015625
0 0.7421875 0.45390625 0.028125 0.0140625
0 0.7125 0.44453125 0.0265625 0.015625
0 0.68359375 0.43515625 0.0296875 0.015625
0 0.6546875 0.425 0.0265625 0.0140625
0 0.62421875 0.434375 0.0265625 0.0140625
0 0.59453125 0.44375 0.0265625 0.0140625
0 0.56484375 0.43359375 0.0265625 0.015625
0 0.65390625 0.44375 0.025 0.0140625
0 0.62421875 0.453125 0.0265625 0.0140625
0 0.59375 0.4625 0.0265625 0.0125
0 0.6828125 0.45390625 0.0265625 0.0140625
0 0.71171875 0.46328125 0.025 0.0140625
0 0.77265625 0.4640625 0.028125 0.0140625
0 0.8015625 0.4734375 0.028125 0.015625
0 0.65234375 0.4625 0.028125 0.0140625
0 0.6234375 0.471875 0.0265625 0.0140625
0 0.59375 0.48125 0.028125 0.0140625
0 0.56484375 0.471875 0.0265625 0.015625
0 0.5640625 0.490625 0.0265625 0.015625
0 0.6515625 0.48125 0.025 0.015625
0 0.68125 0.47265625 0.025 0.0140625
0 0.7109375 0.4828125 0.025 0.0140625
0 0.740625 0.4734375 0.0265625 0.0140625
0 0.76953125 0.4828125 0.028125 0.015625
0 0.7984375 0.4921875 0.0265625 0.015625
0 0.76796875 0.50234375 0.028125 0.015625
0 0.7390625 0.4921875 0.0265625 0.0140625
0 0.709375 0.50078125 0.0234375 0.0140625
0 0.68046875 0.490625 0.0265625 0.015625
0 0.6515625 0.50078125 0.025 0.015625
0 0.621875 0.49140625 0.028125 0.0171875
0 0.5921875 0.5 0.028125 0.015625
0 0.59140625 0.51796875 0.0265625 0.015625
0 0.6203125 0.509375 0.0265625 0.015625
0 0.6796875 0.509375 0.0265625 0.015625
0 0.73828125 0.51015625 0.0265625 0.015625
0 0.79609375 0.5109375 0.0265625 0.0140625
0 0.76640625 0.51953125 0.028125 0.015625
0 0.79609375 0.52890625 0.028125 0.015625
0 0.8234375 0.5390625 0.028125 0.015625
0 0.7078125 0.51953125 0.028125 0.015625
0 0.678125 0.52890625 0.025 0.0140625
0 0.64921875 0.51875 0.025 0.0125
0 0.61953125 0.52734375 0.025 0.015625
0 0.590625 0.53671875 0.025 0.015625
0 0.61953125 0.54609375 0.025 0.0125
0 0.58984375 0.5546875 0.025 0.0140625
0 0.64921875 0.53671875 0.0265625 0.015625
0 0.67734375 0.546875 0.0265625 0.015625
0 0.70703125 0.5375 0.0265625 0.015625
0 0.73671875 0.52890625 0.028125 0.015625
0 0.7640625 0.53828125 0.028125 0.015625
0 0.7359375 0.5484375 0.028125 0.0125
0 0.70546875 0.55625 0.028125 0.015625
0 0.6765625 0.5640625 0.0265625 0.0125
0 0.64765625 0.55625 0.025 0.0125
0 0.79453125 0.54765625 0.028125 0.015625
0 0.821875 0.55703125 0.0296875 0.015625
0 0.85234375 0.56640625 0.0296875 0.015625
0 0.79296875 0.565625 0.028125 0.015625
0 0.82109375 0.57578125 0.028125 0.0140625
0 0.85 0.584375 0.0265625 0.015625
0 0.81953125 0.59296875 0.028125 0.0125
0 0.84765625 0.60234375 0.028125 0.0140625
0 0.81875 0.61171875 0.0296875 0.0140625
0 0.790625 0.6015625 0.028125 0.015625
0 0.76171875 0.5921875 0.028125 0.015625
0 0.7625 0.575 0.0296875 0.015625
0 0.76484375 0.55703125 0.028125 0.015625
0 0.7046875 0.57421875 0.028125 0.0140625
0 0.734375 0.565625 0.028125 0.015625
0 0.73359375 0.58359375 0.0265625 0.0140625
0 0.70390625 0.59296875 0.025 0.0140625
0 0.675 0.5828125 0.0265625 0.015625
0 0.646875 0.5734375 0.0265625 0.015625
0 0.6171875 0.58203125 0.0296875 0.0171875
0 0.5890625 0.5734375 0.025 0.015625
0 0.58984375 0.590625 0.025 0.0140625
0 0.615625 0.6 0.025 0.0140625
0 0.646875 0.59140625 0.0265625 0.015625
0 0.67421875 0.60078125 0.0265625 0.015625
0 0.64609375 0.609375 0.028125 0.015625
0 0.61640625 0.61796875 0.0265625 0.0125
0 0.5875 0.609375 0.025 0.015625
0 0.64375 0.6265625 0.0265625 0.015625
0 0.6734375 0.61875 0.0265625 0.0140625
0 0.70234375 0.61015625 0.028125 0.0140625