0 0.7632513745185255 0.6944189872696535 0.04233294574527395 0.02598192496187508
0 0.7093360341594459 0.6947268053739242 0.04235112646343318 0.02910692496187508
0 0.6585411486208266 0.6958886086605561 0.039207945745273774 0.02590918977951375
0 0.6069695582617468 0.6962509781515978 0.04233294574527378 0.02598192496187508
0 0.5553979679026673 0.6966133476426394 0.040770445745273776 0.025945557370694417
0 0.5022638775435876 0.6969393495425005 0.040770445745273776 0.025945557370694417
0 0.431161037184508 0.696847124143785 0.040788626463433175 0.029070557370694416
0 0.3827053564663488 0.6988447288171878 0.039207945745273955 0.02590918977951393
0 0.3319104709277293 0.7000065321038197 0.039207945745273955 0.02590918977951393
0 0.28033433538910996 0.7011501515948614 0.039207945745273955 0.02590918977951393
0 0.23110194985049048 0.7023483224726738 0.03764544574527386 0.025872822188333443
0 0.17874910949141087 0.7026925081681251 0.039207945745273864 0.02590918977951393
0 0.8134331817001179 0.6643327501874312 0.04231476502711473 0.02285692496187508
0 0.7602945461614985 0.6654400020872924 0.040770445745273956 0.025945557370694417
0 0.7095042058024188 0.6658205553739242 0.03918976502711473 0.02278418977951393
0 0.6563655702637995 0.6669278072737852 0.03918976502711473 0.02278418977951393
0 0.6055752299047198 0.6673083605604171 0.03764544574527377 0.025872822188333443
0 0.5555661395456403 0.6677070976426394 0.039207945745273774 0.02590918977951393
0 0.5047757991865606 0.6680876509292712 0.040770445745273956 0.025945557370694417
0 0.4360121636479411 0.6688312269173269 0.03764544574527377 0.025872822188333443
0 0.3844405732888615 0.6691935964083684 0.039189765027114645 0.02278418977951393
0 0.3344269377502421 0.6703735834905905 0.039207945745273955 0.02590918977951393
0 0.28519455221162265 0.6715717543684031 0.040770445745273956 0.025945557370694417
0 0.23518091667300323 0.6727517414506252 0.04075226502711464 0.022820557370694418
0 0.1859530763139236 0.6731686623284376 0.03764544574527386 0.025872822188333443
0 0.1367206907753042 0.6743668332062501 0.037636355386194253 0.024310322188333445
0 0.8628291937021704 0.6350095793096188 0.04233294574527378 0.02598192496187508
0 0.8112576033430908 0.6353719488006604 0.04075226502711473 0.022820557370694418
0 0.7589047629840111 0.6357161344961118 0.03918976502711473 0.022784189779513752
0 0.7081053322658519 0.6376591877827437 0.03764544574527377 0.025872822188333443
0 0.6573104467272325 0.6388209910693756 0.03918976502711473 0.02278418977951393
0 0.6073104467272324 0.6376572281515978 0.040770445745273776 0.025945557370694417
0 0.5557388563681529 0.6380195976426394 0.03608294574527378 0.02583645459715278
0 0.5049394256499937 0.6399626509292713 0.03918976502711473 0.02278418977951393
0 0.437742835290914 0.6399613445085073 0.037627265027114734 0.022747822188333443
0 0.3885059045727548 0.6419407653863198 0.03606476502711473 0.02271145459715278
0 0.3408405642136752 0.6423940538553128 0.039207945745273955 0.02590918977951375
0 0.2916081786750558 0.6435922247331252 0.039207945745273864 0.02590918977951375
0 0.24238033831597616 0.6440091456109377 0.03606476502711464 0.02271145459715278
0 0.19393829313643635 0.6436630002843404 0.039207945745273864 0.02590918977951393
0 0.1454780672387373 0.6464418549577432 0.039207945745273864 0.02590918977951393
0 0.0946877268796577 0.6468224082443751 0.04075226502711464 0.022820557370694418
0 0.8591411123200812 0.5974186603316675 0.040761355386194256 0.024383057370694416
0 0.8075649767814618 0.598562279822709 0.03764544574527377 0.025872822188333443
0 0.7567746364223822 0.5989428331093409 0.037627265027114734 0.022747822188333443
0 0.7036405460633025 0.599268835009202 0.037627265027114734 0.022747822188333443
0 0.6567473653451433 0.6013028072737854 0.03608294574527378 0.02583645459715278
0 0.6067428201656035 0.6009202943560075 0.037627265027114734 0.022747822188333443
0 0.5567337298065238 0.6013190314382296 0.037627265027114734 0.022747822188333443
0 0.5090638442679045 0.6025535699072226 0.03606476502711473 0.02271145459715278
0 0.4434297539088249 0.6025886310776393 0.037627265027114734 0.022747822188333443
0 0.3941928231906656 0.6045680519554517 0.03450226502711473 0.022675087005972115
0 0.3465229376520462 0.6058025904244447 0.03450226502711464 0.022675087005972115
0 0.298067256933887 0.6078001950978476 0.037627265027114644 0.022747822188333443
0 0.2511877117543472 0.6074904173624308 0.03606476502711473 0.02271145459715278
0 0.20196441657480735 0.6071260882402433 0.03606476502711464 0.02271145459715278
0 0.15428998585664813 0.6091418767092363 0.04075226502711464 0.022820557370694418
0 0.1066155551384889 0.6111576651782292 0.03606476502711464 0.02271145459715278
0 0.9061797387835144 0.5703846880670841 0.03918976502711473 0.02278418977951393
0 0.8546126936039744 0.5699658075581258 0.039207945745273774 0.02590918977951393
0 0.8045990580653551 0.571145794640348 0.03918976502711473 0.02278418977951393
0 0.7538087177062754 0.5715263479269799 0.03606476502711473 0.02271145459715278
0 0.7037996273471959 0.571925085009202 0.037627265027114734 0.022747822188333443
0 0.6561251966290367 0.573940873478195 0.03450226502711473 0.022675087005972296
0 0.606116106269957 0.5743396105604172 0.03606476502711473 0.02271145459715278
0 0.5584507659108775 0.5747928990294102 0.03450226502711473 0.022675087005972296
0 0.5099950851927183 0.5767905037028129 0.03606476502711473 0.02271145459715278
0 0.9032092748878678 0.543749452884723 0.03606476502711473 0.02271145459715278
0 0.8524189345287884 0.5441300061713548 0.037627265027114734 0.022747822188333443
0 0.8031865489901687 0.5453281770491674 0.03450226502711473 0.022675087005972296
0 0.7531729134515495 0.5465081641313895 0.03606476502711473 0.02271145459715278
0 0.7047172327333902 0.5485057688047922 0.03448408430895533 0.019550087005972116
0 0.6547081423743105 0.5489045058870144 0.03606476502711473 0.02271145459715278
0 0.6078195068356911 0.5501572281515978 0.037627265027114734 0.022747822188333443
0 0.5593774616561513 0.5498110828250005 0.03293976502711473 0.022638719414791807
0 0.5132700761175318 0.551081988885174 0.03448408430895533 0.019550087005972293
0 0.8994484706331416 0.5186585339067715 0.037627265027114734 0.022747822188333443
0 0.8486535850945224 0.5198203371934035 0.03761817466803521 0.021185322188333446
0 0.8002115399149826 0.5194741918668062 0.03918976502711473 0.02278418977951393
0 0.7517604043763632 0.520690546540209 0.037609084308955334 0.019622822188333444
0 0.7033092688377437 0.5219069012136117 0.03604658430895533 0.019586454597152782
0 0.6564206332991243 0.523159623478195 0.03450226502711473 0.022675087005972296
0 0.608746202580965 0.525175411947188 0.037627265027114734 0.022747822188333443
0 0.5602996122218855 0.5256105166205908 0.03450226502711473 0.022675087005972296
0 0.5149780218628057 0.5261183564763546 0.03918976502711473 0.02278418977951393
0 0.8949018711988759 0.49433068113322987 0.03918976502711473 0.02278418977951393
0 0.8472365308397961 0.49478396960222293 0.03449317466803521 0.021112587005972294
0 0.7987899404807166 0.4952190742756256 0.03606476502711473 0.02271145459715278
0 0.7495575549420972 0.4964172451534381 0.037627265027114734 0.022747822188333443
0 0.7034501694034777 0.4976881512136117 0.03606476502711473 0.02271145459715278
0 0.6557893742239379 0.49736018968260476 0.03918976502711473 0.02278418977951393
0 0.608105853146699 0.5009384781515978 0.03606476502711473 0.02271145459715278
0 0.5627797176080798 0.5022275680073616 0.03606476502711473 0.02271145459715278
0 0.516676877249 0.5027172240675352 0.03606476502711473 0.02271145459715278
0 0.889619473560008 0.46217214456409794 0.03448408430895533 0.019550087005972116
0 0.8411774283804683 0.46182599923750073 0.03918976502711473 0.02278418977951393
0 0.7958558380213885 0.4623338390932646 0.03917158430895533 0.01965918977951393
0 0.7474001573032293 0.4643314437666673 0.037627265027114734 0.022747822188333443
0 0.7012927717646098 0.4656023498268409 0.037627265027114734 0.022747822188333443
0 0.6551853862259905 0.46687325588701445 0.03606476502711473 0.02271145459715278
0 0.6090825458669109 0.46736291194718793 0.03450226502711473 0.022675087005972115
0 0.5637564103282914 0.4686520018029519 0.03448408430895533 0.019550087005972116
0 0.5192115247896719 0.469959275454306 0.03604658430895533 0.019586454597152782
0 0.888197874125742 0.43791702697291746 0.034484084308955686 0.019550087005972293
0 0.8413092385871227 0.43916974923750074 0.034484084308955686 0.019550087005972293
0 0.7944160578689634 0.441203721502084 0.03448408430895551 0.019550087005972293
0 0.748308672330344 0.44247462756225764 0.03604658430895533 0.019586454597152782
0 0.7014291271508041 0.4421648498268409 0.03448408430895533 0.019550087005972116
0 0.6553217416121848 0.4434357558870145 0.04073408430895533 0.019695557370694415
0 0.6107723108940255 0.44552427953836854 0.03917158430895533 0.01965918977951393
0 0.5646694705349459 0.44601393559854213 0.03448408430895533 0.019550087005972293
0 0.5209012898167866 0.4481206430454865 0.03448408430895533 0.019550087005972116
0 0.8852092295119363 0.4144067917905563 0.03606476502711473 0.02271145459715278
0 0.8406597987937772 0.4164953154419104 0.036055674668035206 0.02114895459715278
0 0.7929853680756179 0.4185111039109035 0.03292158430895551 0.019513719414791807
0 0.7468779825369983 0.41978200997107706 0.03135908430895533 0.019477351823611145
0 0.7007660518188391 0.42183416603125057 0.03292158430895533 0.019513719414791807
0 0.6554490066392994 0.4215607558870144 0.03292158430895533 0.01951371941479163
0 0.6116853711006799 0.42288621333395887 0.03448408430895533 0.019550087005972293
0 0.5647967355620606 0.42413893559854215 0.03448408430895533 0.019550087005972293
0 0.5218143500234411 0.4254825768410768 0.03448408430895533 0.019550087005972293
0 0.8360950186413518 0.39529246266836876 0.03449317466803521 0.021112587005972294
0 0.7915455879231927 0.3973809863197229 0.03604658430895533 0.01958645459715287
0 0.4459234948336386 0.5768619324644101 0.03606476502711473 0.02271145459715278
0 0.39747690447455897 0.5772970371378128 0.03450226502711455 0.022675087005972296
0 0.35136497375639975 0.5793491931979864 0.03448408430895533 0.019550087005972116
0 0.3036950882177803 0.5805837316669795 0.03450226502711464 0.022675087005972115
0 0.2560297478587007 0.5810370201359725 0.03293976502711464 0.022638719414791807
0 0.20913656714054146 0.5830709924005557 0.03450226502711464 0.022675087005972115
0 0.16225247678146182 0.583542464665139 0.03448408430895542 0.019550087005972116
0 0.4476314405789125 0.5518983000555907 0.03604658430895533 0.019586454597152782
0 0.4007428050402931 0.5531510223201739 0.03292158430895533 0.019513719414791807
0 0.3561979195016736 0.5544582959715281 0.03448408430895542 0.019550087005972293
0 0.306970079142594 0.5548752168493405 0.03448408430895542 0.019550087005972293
0 0.45167859114464654 0.5277704690335421 0.03448408430895533 0.019550087005972116
0 0.4047899556060271 0.5290231912981254 0.03135908430895533 0.019477351823611145
0 0.35790132006740766 0.5302759135627086 0.03448408430895542 0.019550087005972293
0 0.31257972970832804 0.5307837534184725 0.03606476502711464 0.02271145459715278
0 0.2616439436039745 0.5561643067051044 0.03448408430895533 0.019550087005972293
0 0.2155320128858153 0.558216462765278 0.03604658430895542 0.019586454597152782
0 0.1678666725267357 0.558669751234271 0.03448408430895542 0.019550087005972293
0 0.45338199171038057 0.5035880866247225 0.03604658430895533 0.019586454597152782
0 0.4072746061717612 0.5048589926848962 0.03448408430895533 0.019550087005972293
0 0.3619484706331418 0.50614808254066 0.03292158430895542 0.01951371941479163
0 0.3166268802740621 0.5066559223964239 0.03292158430895533 0.019513719414791807
0 0.2713007447354427 0.5079450122521877 0.03448408430895542 0.019550087005972116
0 0.26725813934924847 0.5312915932742364 0.03448408430895542 0.019550087005972116
0 0.22036950381062903 0.5325443155388196 0.03448408430895542 0.019550087005972293
0 0.1750479134515494 0.5330521553945835 0.03606476502711464 0.02271145459715278
0 0.22675585919682328 0.5092522859035419 0.03448408430895542 0.019550087005972293
0 0.2372348169441497 0.45401992524621554 0.03760908430895542 0.019622822188333444
0 0.12815473273339015 0.5350861276591667 0.03449317466803503 0.021112587005972294
0 0.11380588642238221 0.5839775693385418 0.03604658430895542 0.019586454597152782
0 0.06690816052468315 0.586792791603125 0.03448408430895542 0.019550087005972293
0 0.07565644662903666 0.5604303133546182 0.03760908430895542 0.019622822188333444
0 0.1217683773471959 0.5583781572944446 0.03449317466803503 0.021112587005972117
0 0.08361439237431054 0.5356121513105209 0.03448408430895542 0.019550087005972293
0 0.089996202580965 0.5131013716752431 0.0329215843089554 0.019513719414791807
0 0.13610358811958442 0.5118304656150696 0.03449317466803503 0.021112587005972294
0 0.10112460012163697 0.480543444813507 0.03448408430895542 0.019550087005972293
0 0.10594391032829142 0.4579962975870487 0.03292158430895542 0.019513719414791807
0 0.14489278083979623 0.4784367373665626 0.03605567466803503 0.02114895459715278
0 0.18865641637841563 0.47711127991961816 0.03448408430895542 0.019550087005972116
0 0.23397800673749525 0.4766034400638544 0.03606476502711464 0.02271145459715278
0 0.27774164227611464 0.47527798261690996 0.03448408430895533 0.019550087005972293
0 0.3222865278147341 0.4739707089655559 0.03448408430895542 0.019550087005972116
0 0.36604561817381376 0.47342650151861143 0.03292158430895542 0.01951371941479163
0 0.4113672085328933 0.4729186616628476 0.03292158430895533 0.01951371941479163
0 0.45669334407151274 0.4716295718070837 0.03448408430895533 0.019550087005972293
0 0.459173449457707 0.44824662319385455 0.03448408430895533 0.019550087005972293
0 0.41618651873954776 0.4503715144363893 0.03448408430895533 0.019550087005972116
0 0.37242288320092837 0.45169697188333363 0.03292158430895542 0.01951371941479163
0 0.32709674766230895 0.4529860617390975 0.03292158430895542 0.01951371941479163
0 0.2841189073032293 0.45354845298163216 0.03448408430895533 0.019550087005972293
0 0.18065301883774368 0.5097419419637154 0.03604658430895542 0.019586454597152782
0 0.19346663622599047 0.4561266326931599 0.03448408430895542 0.019550087005972293
0 0.15048879586691086 0.45668902393569455 0.03604658430895542 0.019586454597152782
0 0.4616399193052819 0.42720742458062533 0.03448408430895533 0.019550087005972116
0 0.4186575337666625 0.4285510658231601 0.03135908430895533 0.019477351823611145
0 0.3748984434075828 0.42909527327010444 0.03135908430895542 0.019477351823611145
0 0.33113480786896343 0.4304207307170489 0.03135908430895542 0.019477351823611145
0 0.2865944675098838 0.4309467543684031 0.03448408430895542 0.019550087005972116
0 0.24438878679172457 0.433089829406528 0.03135908430895533 0.019477351823611145
0 0.20062515125310512 0.4344152868534724 0.03292158430895542 0.019513719414791807
0 0.15687060607356532 0.4341782443004168 0.03135908430895542 0.019477351823611145
0 0.1138927657144857 0.43474063554295145 0.03292158430895542 0.019513719414791807
0 0.16246207592114015 0.41321178086954874 0.0313409035907962 0.016352351823611146
0 0.20466321145975958 0.41184995583142375 0.03448408430895542 0.019550087005972116
0 0.24842230181883923 0.4113057483844794 0.03448408430895533 0.019550087005972293
0 0.2906188921779188 0.4107251733463544 0.03292158430895542 0.019513719414791807
0 0.33360127771653825 0.4093815321038198 0.03292158430895542 0.019513719414791807
0 0.37736491325515764 0.4080560746568754 0.03292158430895542 0.019513719414791807
0 0.420347298793777 0.4067124334143406 0.03135908430895533 0.019477351823611145
0 0.4648921843323965 0.4054051597629865 0.03135908430895533 0.019477351823611145
0 0.2118580879231927 0.3838886099917363 0.0329034035907962 0.016388719414791718
0 0.25484047346181216 0.38254496874920163 0.03134090359079611 0.016352351823611146
0 0.2962603590004316 0.3811649599154864 0.03135908430895542 0.019477351823611145
0 0.25964614812984715 0.36234157152274327 0.03135908430895542 0.019477351823611145
0 0.3018472836684666 0.36097974648461834 0.03135908430895533 0.019477351823611145
0 0.339242744539051 0.37982131867295166 0.0313409035907962 0.016352351823611146
0 0.3822251300776704 0.378477677430417 0.0313409035907962 0.016352351823611146
0 0.42520297043675 0.37791528618788234 0.03292158430895533 0.01951371941479163
0 0.4674041059753694 0.3765534611497573 0.03134090359079629 0.016352351823611146
0 0.47064728064340444 0.35631369633211846 0.03134090359079629 0.016352351823611146
0 0.42766944028432496 0.35687608757465317 0.03134090359079629 0.016352351823611146
0 0.3839012595661656 0.3589827950215975 0.03135908430895542 0.019477351823611145
0 0.34326262402754615 0.3603809876509031 0.03134090359079611 0.016352351823611146
0 0.34650579869558124 0.3401412228332642 0.03135908430895542 0.019477351823611145
0 0.305862617977422 0.34232066546256973 0.03134090359079611 0.016352351823611146
0 0.42934556977282 0.3373812051658337 0.03134090359079629 0.016352351823611146
0 0.38714443423420064 0.33874303020395863 0.03292158430895533 0.01951371941479163
0 0.4310216992613153 0.31788632275701423 0.03134090359079611 0.016352351823611146
0 0.4707654553114395 0.33600119633211845 0.03135908430895533 0.019477351823611145
0 0.4740040847999348 0.3165426815144795 0.03448408430895533 0.019550087005972293
0 0.744661497564113 0.3978524585843062 0.03448408430895533 0.019550087005972206
0 0.7001211572050334 0.3983784822356603 0.03292158430895533 0.01951371941479163
0 0.6555762716664141 0.39968575588701444 0.03292158430895533 0.01951371941479163
0 0.6118080909482548 0.40179246333395885 0.03292158430895533 0.01951371941479163
0 0.5664819554096354 0.4030815531897227 0.03134090359079629 0.016352351823611146
0 0.5242808198710159 0.40444337822784765 0.03292158430895533 0.019513719414791807
0 0.7893745547457055 0.367638934932952 0.03448408430895533 0.019550087005972293
0 0.7440529643866258 0.3681467747887159 0.03448408430895533 0.019550087005972293
0 0.6995080788480064 0.36945404844007 0.03448408430895533 0.019550087005972293
0 0.6565211481298471 0.37157893968260475 0.03448408430895533 0.019550087005972293
0 0.6127529674116878 0.3736856471295491 0.03292158430895533 0.01951371941479163
0 0.5697751270526084 0.37424803837208376 0.03448408430895533 0.019550087005972293
0 0.5252347866935286 0.374774062023438 0.03448408430895533 0.019550087005972293
0 0.5269200065411035 0.3537166796146185 0.03135908430895533 0.019477351823611145
0 0.5285961360295988 0.33422179720579903 0.03292158430895533 0.01951371941479163
0 0.531053515518094 0.3147450985925699 0.03292158430895533 0.01951371941479172
0 0.5709154462362532 0.3125474721676741 0.03292158430895533 0.01951371941479163
0 0.569239316747758 0.33204235457649356 0.03604658430895533 0.019586454597152782
0 0.5698978469001832 0.3531542883720838 0.03604658430895533 0.019586454597152782
0 0.6121035276183424 0.35101121333395885 0.034465903590796286 0.016425087005972294
0 0.6122171571068377 0.33147996333395885 0.03292158430895533 0.01951371941479163
0 0.654300117977422 0.3504306382958339 0.03448408430895533 0.019550087005972293
0 0.6980592083365016 0.3498864308488895 0.03448408430895533 0.019550087005972293
0 0.7418273890546608 0.3477797234019451 0.03604658430895533 0.019586454597152782
0 0.6981773830045366 0.32957393084888953 0.03448408430895533 0.019550087005972293
0 0.6559853378249969 0.32937325588701444 0.03448408430895533 0.019550087005972293