0 0.279285088874205 0.8165521941450506 0.05536933847375849 0.04129084486680377
0 0.3336589431762761 0.7963550992782469 0.05854888555165916 0.044543178859192525
0 0.3872788210172975 0.7777523379095405 0.0506545649348082 0.03953734387822046
0 0.44088506208884376 0.758368326540834 0.053806838473758486 0.04122717787060921
0 0.4936964163909149 0.7382348986702245 0.053806838473758486 0.04122717787060921
0 0.5488651574624612 0.7187872203053237 0.053806838473758486 0.04122717787060921
0 0.6210850308392557 0.6908267049822845 0.05386138555165907 0.04435217787060921
0 0.6731560454497523 0.6730688606097723 0.053806838473758486 0.04122717787060921
0 0.725227060060249 0.6553110162372603 0.05221706493480802 0.03960101087441501
0 0.77960091436232 0.6351139213704565 0.05065456493480802 0.03953734387822046
0 0.8301094289728166 0.6174197439941389 0.05070911201270896 0.04266234387822045
0 0.8852781700443628 0.5979720656292379 0.053806838473758486 0.04122717787060921
0 0.21185212702365197 0.8052273749814095 0.0537795649348082 0.03966467787060921
0 0.2685833680951982 0.7857160296203142 0.0522170649348082 0.03960101087441483
0 0.31987313270569484 0.7679900187458992 0.049037517856907444 0.036348676882026254
0 0.3750282370077659 0.7477610903809984 0.047447744317957154 0.0347225098858317
0 0.42785322807931225 0.7284089125103891 0.05065456493480802 0.03953734387822046
0 0.48066458238138327 0.7082754846397797 0.0506545649348082 0.03953734387822046
0 0.5335032102224047 0.6897045567691704 0.053806838473758486 0.04122717787060921
0 0.6034338806770999 0.6649645419404229 0.0506545649348082 0.03953734387822046
0 0.6562588717486462 0.6456123640698135 0.050600017856907445 0.036412343878220454
0 0.7090838628201924 0.6262601861992042 0.05221706493480802 0.03960101087441501
0 0.7603463538917387 0.6069716753247892 0.053806838473758486 0.04122717787060921
0 0.8124310052717105 0.5899950809522772 0.050600017856907445 0.036412343878220454
0 0.863720769882207 0.5722690700778623 0.049092064934808374 0.03947367688202626
0 0.9141883741842782 0.5522311427015445 0.05062729139585755 0.037974843878220456
0 0.14755780194257406 0.7945564718253795 0.053806838473758486 0.04122717787060921
0 0.20194529301412034 0.7751406269585758 0.05218979139585782 0.03803851087441501
0 0.2547975576246169 0.7573509490879665 0.047447744317957154 0.0347225098858317
0 0.3091850486961632 0.7379351042211628 0.0506545649348082 0.03953734387822046
0 0.36201003976770946 0.7185829263505535 0.049037517856907444 0.036348676882026254
0 0.4132588940697805 0.6985131654761385 0.0522170649348082 0.03960101087441501
0 0.46609752191080195 0.6799422376055293 0.04752956493480802 0.039410009885831696
0 0.5181548997518235 0.6614031432330172 0.049037517856907444 0.036348676882026074
0 0.5896344334370435 0.6358182114080752 0.049037517856907444 0.036348676882026254
0 0.6393616980475401 0.6181558675298546 0.04591251785690744 0.0362213428896375
0 0.6898565758885615 0.5996804401535369 0.05218979139585791 0.03803851087441501
0 0.7395974772685333 0.5827993462753163 0.05065456493480802 0.03953734387822046
0 0.7916412183400795 0.5634790019028042 0.04432274431795715 0.034595175893442943
0 0.842136096181101 0.5450035745264865 0.05218979139585791 0.03803851087441501
0 0.8918906343305479 0.528903730648266 0.050654564934808376 0.03953734387822046
0 0.9454832386326188 0.5087384692795596 0.04901024431795733 0.03478617688202625
0 0.13515721346881557 0.7559714742968374 0.05060001785690749 0.036412343878220454
0 0.18798220454036182 0.7366192964262283 0.050654564934808154 0.03953734387822046
0 0.2400259456119081 0.7172989520537161 0.047447744317957154 0.0347225098858317
0 0.2943997999139792 0.6971018571869123 0.049037517856907444 0.036348676882026254
0 0.3441543380634261 0.6810020133086918 0.0506545649348082 0.03953734387822046
0 0.39699296590444755 0.6624310854380825 0.047447744317957154 0.0347225098858317
0 0.4474605702065187 0.6423931580617648 0.04744774431795697 0.0347225098858317
0 0.4979827215864904 0.625480230685447 0.04591251785690744 0.03622134288963732
0 0.5655560052717105 0.600054466350991 0.047447744317957154 0.0347225098858317
0 0.6168457698822071 0.5823284554765762 0.041197744317957155 0.03446784190105419
0 0.6657917844927037 0.5646979450964528 0.041197744317957155 0.03446784190105419
0 0.7163002991032003 0.547003767720135 0.049037517856907444 0.036348676882026254
0 0.7644787004831721 0.5301863408381089 0.04432274431795715 0.034595175893442943
0 0.8165224415547183 0.5108659964655968 0.04432274431795733 0.034595175893442943
0 0.8654684561652151 0.4932354860854735 0.050600017856907445 0.036412343878220454
0 0.9152229943146619 0.4771356422072529 0.04432274431795733 0.034595175893442943
0 0.07400152515721285 0.7459544871484187 0.047447744317957154 0.0347225098858317
0 0.1252640162287591 0.7266659762740039 0.052217064934808155 0.03960101087441501
0 0.17810264406978052 0.7080950484033945 0.047447744317957154 0.0347225098858317
0 0.23013274837185166 0.6879934540308824 0.04432274431795715 0.034595175893442943
0 0.28298501298234824 0.670203776160273 0.045857970779006864 0.03309634288963732
0 0.33194466436232 0.6533545157801497 0.04432274431795715 0.034595175893442943
0 0.3839884054338663 0.6340341714076376 0.047447744317957154 0.0347225098858317
0 0.43374294358331317 0.6179343275294171 0.04432274431795698 0.034595175893442943
0 0.48344293465485944 0.5987094836511966 0.04117047077900686 0.03290534190105419
0 0.06490321468663156 0.7173984056274879 0.04588524431795713 0.03465884288963732
0 0.11696059252765298 0.6988593112549758 0.047447744317957154 0.0347225098858317
0 0.16904524390762474 0.6818827168824637 0.04432274431795715 0.034595175893442943
0 0.21874523497917103 0.6626578730042432 0.04432274431795715 0.034595175893442943
0 0.2708298863591428 0.645681278631731 0.04117047077900686 0.03290534190105419
0 0.3220787406612139 0.625611517757316 0.04432274431795715 0.034595175893442943
0 0.3710520288106608 0.6095435073771928 0.04588524431795715 0.03465884288963732
0 0.42075201988220706 0.5903186634989722 0.041197744317957155 0.03446784190105419
0 0.46895769480112914 0.5750637366169461 0.04117047077900686 0.03290534190105419
0 0.05661342775500061 0.6903729906084599 0.04432274431795713 0.034595175893442943
0 0.11023330559602203 0.6717702292397533 0.045857970779006774 0.033096342889637496
0 0.1599332966675683 0.6525453853615328 0.047447744317957154 0.0347225098858317
0 0.20967419804754012 0.6356642914833123 0.04429547077900686 0.03303267589344294
0 0.25941509942751184 0.6187831976050917 0.04117047077900686 0.03290534190105419
0 0.30993725080748363 0.601870270228774 0.04117047077900686 0.03290534190105419
0 0.3581020154179802 0.5842715933467479 0.047447744317957154 0.0347225098858317
0 0.40861053002847686 0.5665774159704302 0.04432274431795715 0.034595175893442943
0 0.45600768140844855 0.5497918225865013 0.047447744317957154 0.0347225098858317
0 0.05147591436232 0.664782741597043 0.041197744317957155 0.03446784190105419
0 0.0996406789728166 0.6471840647150169 0.04114319724005646 0.031342841901054186
0 0.15013555681383803 0.6287086373386991 0.04432274431795715 0.034595175893442943
0 0.19986282142433462 0.6110462934604787 0.045857970779006774 0.03309634288963732
0 0.24959008603483124 0.5933839495822582 0.04429547077900677 0.03303267589344294
0 0.2969736006453278 0.5758171061983293 0.049010244317957155 0.03478617688202625
0 0.34672813879477477 0.5597172623201085 0.04432274431795715 0.034595175893442943
0 0.3957014269442217 0.5436492519399854 0.04432274431795715 0.034595175893442943
0 0.4438661915547183 0.5260505750579592 0.04432274431795698 0.034595175893442943
0 0.042282146505412524 0.6307579100761121 0.036428423701106126 0.029589340912471052
0 0.08882986403800844 0.6100979001902804 0.047447744317957154 0.0347225098858317
0 0.13703553895693055 0.5948429733082543 0.047447744317957154 0.0347225098858317
0 0.187530416797952 0.5763675459319366 0.04588524431795715 0.03465884288963732
0 0.23572245494739894 0.5603313690499104 0.04588524431795715 0.03465884288963732
0 0.28469574309684587 0.5442633586697871 0.04432274431795715 0.034595175893442943
0 0.33051675770734246 0.5267601822820526 0.041170470779006776 0.03290534190105419
0 0.37869515908731427 0.5099427554000264 0.04117047077900686 0.03290534190105419
0 0.42533833400623633 0.4947514955141947 0.04117047077900686 0.03290534190105419
0 0.03556849634325674 0.6044500780608898 0.03176819724005646 0.030960839923887918
0 0.07827814772322851 0.5878554856655439 0.04114319724005646 0.031342841901054186
0 0.12801904910320028 0.5709743917873235 0.041170470779006776 0.03290534190105419
0 0.17621108725264722 0.5549382149052973 0.04114319724005648 0.031342841901054186
0 0.22592471509366865 0.5364946210270768 0.041170470779006776 0.03290534190105419
0 0.2725406164736404 0.5197408611412451 0.05057274431795715 0.03484984387822045
0 0.31918379139256253 0.5045496012554133 0.045830697240056395 0.03153384288963732
0 0.3673485560030591 0.4869509243733871 0.0411431972400564 0.031342841901054186
0 0.41399173092198127 0.4717596644875554 0.0411431972400564 0.031342841901054186
0 0.0288821197200513 0.5797047460456672 0.028615923701106116 0.029271005931499162
0 0.0700565446389734 0.5647363206465159 0.04114319724005646 0.031342841901054186
0 0.11823494601894517 0.5479188937644898 0.03799092370110611 0.02965300790866543
0 0.16719459739891696 0.5310696333843665 0.03799092370110611 0.02965300790866543
0 0.2146053855483639 0.5150652900004375 0.03799092370110611 0.02965300790866543
0 0.2620025369283357 0.4982796966165086 0.03799092370110611 0.02965300790866543
0 0.3086320750777826 0.48230718673067685 0.041197744317957155 0.03446784190105419
0 0.3568104764577543 0.46548975984865065 0.0411431972400564 0.031342841901054186
0 0.4019047881461516 0.45114341695901333 0.04117047077900686 0.03290534190105419
0 0.06417869155471831 0.5415216551331963 0.0411704707790068 0.03290534190105419
0 0.11079459293469007 0.5247678952473646 0.04114319724005648 0.031342841901054186
0 0.5510298551095547 0.5740649693167406 0.04432274431795715 0.034595175893442943
0 0.5991809829505762 0.5556850424347144 0.04432274431795698 0.034595175893442943
0 0.6497440446389734 0.5411158650583967 0.04117047077900686 0.03290534190105419
0 0.6994576724799948 0.5226722711801761 0.04117047077900686 0.03290534190105419
0 0.7476224370904914 0.50507359429815 0.041197744317957155 0.03446784190105419
0 0.7981445884704632 0.4881606669218323 0.04432274431795698 0.034595175893442943
0 0.8463093530809598 0.47056199003980614 0.04117047077900686 0.03290534190105419
0 0.5357360917168741 0.5488885557805873 0.0411431972400564 0.031342841901054186
0 0.585490629866321 0.5327887119023668 0.03799092370110611 0.02965300790866543
0 0.6321065312462928 0.516034952016535 0.0411431972400564 0.031342841901054186
0 0.6841775458567894 0.4982771076440229 0.04117047077900686 0.03290534190105419
0 0.522045738632619 0.5259922252482395 0.04117047077900686 0.03290534190105419
0 0.5710190267820658 0.5099242148681162 0.03799092370110628 0.02965300790866543
0 0.6191701546230874 0.4915442879860901 0.0411431972400564 0.031342841901054186
0 0.6673485560030592 0.47472686110406404 0.04117047077900686 0.03290534190105419
0 0.7307934472367611 0.4815233477581911 0.0411431972400564 0.031342841901054186
0 0.778971848616733 0.464705920876165 0.0411431972400564 0.031342841901054186
0 0.82638263676618 0.44870157749223605 0.0411431972400564 0.031342841901054186
0 0.5091229987788888 0.5022828112177947 0.0411431972400564 0.031342841901054186
0 0.5565337869283355 0.48627846783386575 0.0411431972400564 0.031342841901054186
0 0.6031633250777826 0.4703059579480341 0.03799092370110611 0.02965300790866543
0 0.6505468396882792 0.4527391145641051 0.03799092370110611 0.02965300790866543
0 0.6979576278377262 0.4367347711801761 0.04117047077900686 0.03290534190105419
0 0.7139917309219813 0.4595356012182322 0.0411431972400564 0.031342841901054186
0 0.7613752455324778 0.4419687578343033 0.0411431972400564 0.031342841901054186
0 0.8095400101429744 0.4243700809522772 0.04432274431795733 0.034595175893442943
0 0.7453684159871731 0.42073042779624725 0.0411431972400564 0.031342841901054186
0 0.7092712288933865 0.368256685210621 0.044268197240056394 0.03147017589344294
0 0.8577320482924214 0.40833390407025105 0.0411431972400564 0.031342841901054186
0 0.8960229809219813 0.4521183961615856 0.0411431972400564 0.031342841901054186
0 0.9457911558409033 0.4367998022833651 0.0411431972400564 0.031342841901054186
0 0.9250559159871731 0.4134087232338922 0.04429547077900686 0.03303267589344294
0 0.8753150146072013 0.43028981711211267 0.04117047077900686 0.03290534190105419
0 0.9059104496723933 0.39151647718822485 0.0411431972400564 0.031342841901054186
0 0.8867922568965636 0.37118673114255757 0.03799092370110628 0.02965300790866543
0 0.8386002187471167 0.38722290802458376 0.0411431972400564 0.031342841901054186
0 0.8604928096565072 0.34254973657976506 0.0411431972400564 0.031342841901054186
0 0.8436910933417273 0.3205619900398061 0.03799092370110628 0.02965300790866543
0 0.8154121347375851 0.3576773294694024 0.0411431972400564 0.031342841901054186
0 0.7687825965881381 0.37364983935523416 0.0411431972400564 0.031342841901054186
0 0.7213854452081663 0.3904354327391631 0.04117047077900686 0.03290534190105419
0 0.6770996570587193 0.4063124421307032 0.0411431972400564 0.031342841901054186
0 0.6289076189092724 0.42234861901272935 0.04117047077900686 0.03290534190105419
0 0.5846354675293006 0.4390068784042695 0.03799092370110611 0.02965300790866543
0 0.5380059293798537 0.4549793882901013 0.03799092370110611 0.02965300790866543
0 0.4906087779998819 0.4717649816740302 0.0411431972400564 0.031342841901054186
0 0.4761371749156268 0.4489004846397798 0.0411431972400564 0.031342841901054186
0 0.5227803498345489 0.43370922475394796 0.0411431972400564 0.031342841901054186
0 0.568642274753471 0.4185497983662135 0.03799092370110628 0.02965300790866543
0 0.615271812902918 0.40257728848038166 0.03799092370110611 0.02965300790866543
0 0.6595576010523649 0.3867002790888415 0.0411431972400564 0.031342841901054186
0 0.7927519305976697 0.40316358441231825 0.0411431972400564 0.031342841901054186
0 0.7535706538123085 0.3531609258190809 0.0411431972400564 0.031342841901054186
0 0.7994189419617553 0.3372202494313463 0.0411431972400564 0.031342841901054186
0 0.4640502321397973 0.4282842371112377 0.0411431972400564 0.031342841901054186
0 0.5106797702892442 0.4123117272254059 0.03799092370110611 0.02965300790866543
0 0.5565416952081663 0.3971523008376714 0.03799092370110611 0.02965300790866543
0 0.6008274833576133 0.38127529144613126 0.03799092370110628 0.02965300790866543
0 0.6482109979681099 0.36370844806220226 0.0411431972400564 0.031342841901054186
0 0.6901803096565071 0.34948943916495373 0.03799092370110611 0.02965300790866543
0 0.736809847805954 0.33351692927912197 0.03799092370110611 0.02965300790866543
0 0.7818632491859259 0.3168268363894846 0.037990923701105926 0.02965300790866543
0 0.8269439241048481 0.3016992434998473 0.03799092370110628 0.02965300790866543
0 0.7666785799490465 0.2979004228533314 0.03799092370110611 0.02965300790866543
0 0.7223655182606492 0.3122149322448715 0.0411431972400564 0.031342841901054186
0 0.6772984801112024 0.32812377513450885 0.0411431972400564 0.031342841901054186
0 0.6322450787312306 0.34481386802414626 0.03799092370110611 0.02965300790866543
0 0.5871780405817837 0.36072271091378355 0.03799092370110611 0.02965300790866543
0 0.5428786156628616 0.37581847030532367 0.03799092370110611 0.02965300790866543
0 0.4970303275134146 0.3917591466930583 0.03799092370110611 0.02965300790866543
0 0.45118203936396767 0.4076998230807928 0.03799092370110611 0.02965300790866543
0 0.7016166416374439 0.2880426031953986 0.03793637662320535 0.02652800790866543
0 0.6557274431795713 0.3016395295831331 0.03799092370110628 0.02965300790866543
0 0.6137854050301245 0.31742103848038167 0.03799092370110611 0.02965300790866543
0 0.6428865239426921 0.2826176155526883 0.03799092370110628 0.02965300790866543
0 0.5993956225627204 0.29924404144613126 0.03799092370110611 0.02965300790866543
0 0.5687047301112024 0.3325486313700191 0.03796365016215582 0.02809050790866543
0 0.5236376919617554 0.3484574742596564 0.03799092370110628 0.02965300790866543
0 0.47936554058178366 0.36511573365119654 0.03799092370110611 0.02965300790866543
0 0.43583372889338634 0.37939840954463955 0.03799092370110611 0.02965300790866543
0 0.42221155965650714 0.36040832901229186 0.03796365016215582 0.02809050790866543
0 0.468059847805954 0.34446765262455725 0.03796365016215582 0.02809050790866543
0 0.512345635955401 0.3285906432330171 0.03796365016215582 0.02809050790866543
0 0.555863810874323 0.3135267173395742 0.03799092370110611 0.02965300790866543
0 0.5430365284069191 0.2952860533091293 0.03799092370110611 0.02965300790866543
0 0.5850058400953163 0.28106704441188074 0.03799092370110611 0.02965300790866543
0 0.45521892856907475 0.32544573859411247 0.03796365016215582 0.02809050790866543
0 0.5010535799490465 0.3087238122063779 0.03796365016215582 0.02809050790866543
0 0.44468084902377003 0.303984574069376 0.03799092370110611 0.02965300790866543
0 0.41246836688067756 0.3396965809894582 0.03799092370110611 0.02965300790866543
0 0.4003814241048479 0.31908033346091613 0.0411431972400564 0.031342841901054186
0 0.1589593575451867 0.5071692183653385 0.04114319724005648 0.031342841901054186
0 0.20560253246410878 0.49197795847950665 0.03799092370110611 0.02965300790866543
0 0.2514508206135557 0.47603728209177215 0.03799092370110611 0.02965300790866543
0 0.29886160876300266 0.4600329387078432 0.03799092370110611 0.02965300790866543
0 0.34470989691244963 0.44409226232010857 0.03799092370110611 0.02965300790866543
0 0.3890229586008469 0.42977775292856846 0.03799092370110611 0.02965300790866543
0 0.09931162215568329 0.4939635642207253 0.04114319724005646 0.031342841901054186
0 0.14673604707460539 0.4787404708367964 0.04114319724005648 0.031342841901054186
0 0.19335194845457715 0.4619867109509646 0.04114319724005648 0.031342841901054186
0 0.2384189866040241 0.44607786806132727 0.04114319724005648 0.031342841901054186
0 0.2835132982924214 0.4317315251716899 0.03799092370110611 0.02965300790866543
0 0.3301428364418683 0.4157590152858582 0.04114319724005648 0.031342841901054186
0 0.3759911245913153 0.39981833889812357 0.04114319724005648 0.031342841901054186
0 0.36391781858496086 0.37998334136958156 0.03481137662320544 0.026400673916276585
0 0.3518445125786064 0.3601483438410395 0.03799092370110611 0.02965300790866543
0 0.34134734334172717 0.3410309293163031 0.03799092370110611 0.02965300790866543
0 0.2985967816533299 0.3552817717116488 0.03799092370110611 0.02965300790866543
0 0.309080314120734 0.3736179362363853 0.04114319724005648 0.031342841901054186
0 0.3196456672049891 0.3966416007611217 0.04114319724005648 0.031342841901054186
0 0.27453771874711663 0.410206693650759 0.0411431972400564 0.031342841901054186
0 0.26401327597128704 0.38952677912602257 0.03799092370110611 0.02965300790866543
0 0.23021102028924417 0.4237399530422993 0.04114319724005648 0.031342841901054186
0 0.18517125567874756 0.4412112959319366 0.04114319724005648 0.031342841901054186
0 0.13773319399035028 0.45565313931586554 0.04114319724005648 0.031342841901054186
0 0.173865562902918 0.4205632149052973 0.04114319724005648 0.031342841901054186
0 0.2197274878218401 0.4054037885175627 0.04114319724005648 0.031342841901054186