0 0.58046875 0.48671875 0.034375 0.04375
0 0.58125 0.42109375 0.0375 0.0484375
0 0.58359375 0.5515625 0.0375 0.046875
0 0.58125 0.3546875 0.0390625 0.05
0 0.6390625 0.415625 0.0375 0.046875
0 0.584375 0.6140625 0.0375 0.0484375
0 0.63984375 0.54609375 0.0375 0.046875
0 0.51484375 0.5234375 0.0375 0.046875
0 0.51484375 0.39375 0.0375 0.0484375
0 0.515625 0.5875 0.0375 0.046875
0 0.63984375 0.35 0.0375 0.046875
0 0.70859375 0.44375 0.0390625 0.0484375
0 0.63984375 0.61015625 0.0375 0.046875
0 0.70703125 0.509375 0.0375 0.046875
0 0.63984375 0.48203125 0.0375 0.046875
0 0.70703125 0.37734375 0.0375 0.0484375
0 0.5140625 0.459375 0.0375 0.046875
0 0.70703125 0.57421875 0.0375 0.046875
0 0.58046875 0.2875 0.040625 0.0515625
0 0.58515625 0.678125 0.0390625 0.0484375
0 0.5140625 0.3265625 0.0375 0.0484375
0 0.51640625 0.653125 0.0375 0.046875
0 0.63984375 0.675 0.0375 0.046875
0 0.6390625 0.2828125 0.0375 0.046875
0 0.47265625 0.559375 0.0375 0.046875
0 0.4703125 0.4296875 0.0375 0.05
0 0.7078125 0.31015625 0.0375 0.0484375
0 0.7515625 0.40625 0.0375 0.0484375
0 0.70625 0.6390625 0.0375 0.046875
0 0.75078125 0.5390625 0.0375 0.046875
0 0.44609375 0.496875 0.0375 0.05
0 0.77890625 0.47109375 0.0375 0.046875