0 0.6392020109537533 0.5935026195295461 0.09026253571381489 0.06926815046753827
0 0.543080987414803 0.5913810624461496 0.09185230925276536 0.07083974082661779
0 0.4438213271063775 0.5884600746445938 0.09026253571381489 0.06926815046753809
0 0.487588918015768 0.544969149878363 0.08870003571381488 0.06925906010845857
0 0.5805985783241935 0.5478537762436002 0.0886454886359143 0.06613406010845857
0 0.6759792621715693 0.552314538147457 0.09341480925276535 0.07084883118569749
0 0.3930303944768176 0.5428566831540461 0.09341480925276535 0.07084883118569749
0 0.6166082163114847 0.5074423996819712 0.09023526217486459 0.0677056504675381
0 0.7080417398504351 0.5095366856881289 0.0886454886359143 0.06613406010845857
0 0.5267235560030592 0.5045759540348932 0.08705571509696383 0.06456246974937904
0 0.2516144618472578 0.4967260508368806 0.09497730925276526 0.07085792154477702
0 0.7987076501588606 0.5124076765147467 0.09020798863591431 0.06614315046753827
0 0.29533323416839213 0.53994478571157 0.0933602621748646 0.0677238311856975
0 0.20792296306507377 0.4550698159621911 0.0917977621748646 0.0677147408266178
0 0.4360712824641088 0.5024862132082755 0.0886727621748646 0.06769656010845856
0 0.3884598969124496 0.4600260024358869 0.0886454886359143 0.06613406010845857
0 0.16505362459131528 0.4157618762670414 0.08861821509696392 0.06457156010845858
0 0.47601444399035026 0.4636600625443455 0.08702844155801373 0.06299996974937905
0 0.6004144261334428 0.4300122912707149 0.08387616801906325 0.06141928903121965
0 0.5160121525944925 0.42795891188041557 0.08387616801906325 0.06141928903121983
0 0.1133371659871731 0.4513948492378742 0.0886454886359143 0.06613406010845857
0 0.1554661647693571 0.49304199375348406 0.09497730925276526 0.07085792154477702
0 0.7666042621715693 0.5528417789740748 0.09023526217486477 0.0677056504675381
0 0.3856291773512588 0.3873606620768073 0.08387616801906325 0.06141928903121965
0 0.4692638376596843 0.39019074628756684 0.08387616801906325 0.06141928903121974
0 0.12535019642598227 0.3788158672900509 0.08702844155801359 0.06299996974937896
0 0.9168167219935274 0.4763797938047977 0.08549321509696384 0.06455337939029934
0 0.8901684472367611 0.5160644625209044 0.0886454886359143 0.06613406010845857
0 0.08722290503012445 0.34266019867214015 0.08382162094116256 0.058294289031219734
0 0.9419706805976696 0.44059228472961137 0.0822863944801128 0.059847698672140126
0 0.0775399878218401 0.41447156615858277 0.09179776217486461 0.06771474082661796
0 0.6647012483751469 0.21947022189067827 0.06008411201270878 0.040970433645025485
0 0.3445968486167329 0.4980481772021178 0.0886454886359143 0.06613406010845857
0 0.29701273660402416 0.4571504664297293 0.08072389448011297 0.059838608313060426
0 0.3416843084386911 0.42069533684303817 0.07754434740221221 0.056695427594901204
0 0.2533621481302656 0.41783798155503976 0.0791341209411626 0.058267017953980905
0 0.5651042175293006 0.46574071301188374 0.08072389448011297 0.05983860831306061
0 0.6534263778377262 0.4685980682998821 0.08072389448011297 0.05983860831306061
0 0.7417485381461516 0.4714554235878805 0.08225912094116268 0.058285198672140125
0 0.8300843352240523 0.4750940288758789 0.08387616801906325 0.06141928903121965
0 0.8591172702892441 0.43776674569839163 0.07433752678536117 0.05198974687674216
0 0.7731524967502938 0.43570427594901273 0.08382162094116268 0.05829428903121965
0 0.6864064732113435 0.4336372610200939 0.07910684740221222 0.056704517953980724
0 0.8850933892018119 0.40432753180274517 0.07592730032431164 0.05356133723582168
0 0.8014450921239111 0.4007161975919856 0.07592730032431164 0.05356133723582168
0 0.7178104318154857 0.39788611338122604 0.07592730032431164 0.05356133723582168
0 0.7492553007280534 0.36447871574235824 0.07751707386326193 0.0551329275949012
0 0.6672240507280534 0.3640014718906783 0.07751707386326193 0.0551329275949012
0 0.42923885551659174 0.42432939695149674 0.07751707386326193 0.0551329275949012
0 0.42333768303330166 0.35477087587425793 0.07751707386326193 0.0551329275949012
0 0.504614956572252 0.356806074546398 0.07751707386326193 0.0551329275949012
0 0.5874956404196279 0.36119411357761777 0.07751707386326193 0.0551329275949012
0 0.6357655450460105 0.3966276195295461 0.07751707386326193 0.0551329275949012
0 0.5521036111986346 0.39223503531878656 0.07907957386326174 0.0551420179539809
0 0.4869171676120262 0.23796517095560188 0.06011138555165925 0.042532933645025486
0 0.5280467280826076 0.26710777029167193 0.06485343262956 0.04568520472226432
0 0.4142336440730758 0.23597996925839965 0.05693183847375849 0.039389752926866264
0 0.4175592414752881 0.29224360479701905 0.06490797970746058 0.048810204722264314
0 0.29886951704283327 0.3845123971478885 0.07436480032431163 0.05355224687674198
0 0.2128774699649326 0.38088742739850956 0.07277502678536116 0.05198065651766246
0 0.1739689285690748 0.34472721360105896 0.07436480032431159 0.05355224687674198
0 0.25684961241645066 0.34911525263227866 0.06962275324641087 0.05039997579950324
0 0.34126552272487615 0.35194988202257804 0.07274775324641088 0.05041815651766246
0 0.8321223478059541 0.368085504773578 0.07274775324641106 0.05041815651766246
0 0.9095342816533301 0.3724417275480191 0.06644320616851047 0.04725679508134393
0 0.8573854005658976 0.33854799569839167 0.06800570616851012 0.04726588544042354
0 0.8795098165563658 0.3082110559050461 0.06485343262955964 0.04568520472226432
0 0.8305677560857847 0.27902300477357794 0.06326365909060953 0.04411361436318471
0 0.7808308088457282 0.24904915846257003 0.05695911201270878 0.040952252926866176
0 0.7073660353067778 0.24705941158582795 0.05852161201270896 0.040961343285945875
0 0.5904279512972462 0.21591342983439646 0.053806838473758486 0.03937157220870704
0 0.6331063749983523 0.24428386952954612 0.05852161201270878 0.040961343285945875
0 0.5611904646899268 0.24152196301188372 0.05854888555165925 0.04252384328594587
0 0.603087638391033 0.26988785752749356 0.06485343262955982 0.04568520472226432
0 0.6788961619299834 0.271891239942855 0.06485343262955982 0.04568520472226432
0 0.754731959007884 0.2754571223582165 0.06170115909060954 0.0441045240041051
0 0.8052501562479405 0.3054355138487643 0.07113070616851011 0.04728406615858276
0 0.7768757402574721 0.33573609220579137 0.0727477532464107 0.05041815651766246
0 0.6986961931795713 0.33215657425181044 0.07590002678536116 0.05199883723582168
0 0.7294279959395149 0.30265088143340285 0.06962275324641087 0.05039997579950324
0 0.6512484488616143 0.2990713634794219 0.06962275324641087 0.05039997579950324
0 0.5731098120921392 0.29783559552544103 0.06488070616851012 0.04724770472226432
0 0.618981419640621 0.33013046593874995 0.07274775324641088 0.05041815651766246
0 0.5384717593321955 0.32731856244614965 0.07274775324641088 0.05041815651766246
0 0.4949711753226639 0.29659982757146014 0.06962275324641087 0.05039997579950324
0 0.453005817774182 0.2643276830558503 0.06329093262956001 0.04567611436318471
0 0.46184107548481973 0.32296688485124836 0.07121252678536116 0.05197156615858276
0 0.3813586887153445 0.3217174813586481 0.07592730032431154 0.05356133723582168
0 0.3000541416374438 0.318119782686508 0.07277502678536116 0.05198065651766246
0 0.21718709455954316 0.31451299365528823 0.07431025324641087 0.05042724687674198
0 0.13511493425111767 0.31169199980360823 0.07274775324641088 0.05041815651766246
0 0.09941321347211085 0.2802374667243169 0.06962275324641087 0.05039997579950324
0 0.17989560024158605 0.2814868702169172 0.0695682061685102 0.04727497579950315
0 0.14265865300152955 0.25158574677854617 0.0680057061685102 0.04726588544042354
0 0.18595863960884898 0.22605902683277548 0.06644320616851021 0.04725679508134393
0 0.22238706330995509 0.2543931050916067 0.0680057061685102 0.04726588544042354
0 0.3021427471573309 0.2587629634046672 0.07113070616851021 0.04728406615858276
0 0.3378308311668626 0.28943624648395855 0.07115797970746059 0.04884656615858276
0 0.25966492085843706 0.28663797852997763 0.07274775324641088 0.05041815651766246
0 0.37718365746575644 0.2615430506404889 0.06800570616851012 0.04726588544042354
0 0.26334329991727445 0.22885274960721652 0.061673885551659244 0.042542024004105096
0 0.3376165969951751 0.23240954166349842 0.05852161201270878 0.040961343285945875
0 0.30042056006354423 0.20485216822512736 0.05849433847375849 0.039398843285945874
0 0.37466658360249455 0.2068464602814092 0.06164661201270878 0.040979524004105095