0 0.73671875 0.7265625 0.028125 0.0421875
0 0.728125 0.67421875 0.03125 0.0453125
0 0.71796875 0.62578125 0.0265625 0.0390625
0 0.709375 0.57578125 0.0265625 0.040625
0 0.69921875 0.525 0.0265625 0.0390625
0 0.690625 0.47421875 0.028125 0.040625
0 0.67734375 0.4046875 0.0296875 0.0421875
0 0.66953125 0.35703125 0.0265625 0.0390625
0 0.66171875 0.3078125 0.0265625 0.0390625
0 0.6515625 0.2578125 0.025 0.0390625
0 0.64375 0.21015625 0.0265625 0.0359375
0 0.63515625 0.15859375 0.0265625 0.0390625
0 0.7171875 0.78203125 0.025 0.0421875
0 0.7078125 0.7296875 0.025 0.0390625
0 0.69921875 0.68203125 0.0234375 0.0390625
0 0.68984375 0.63046875 0.0234375 0.0390625
0 0.68046875 0.5796875 0.025 0.0375
0 0.671875 0.53046875 0.025 0.0375
0 0.6625 0.4828125 0.025 0.0390625
0 0.65078125 0.415625 0.025 0.0375
0 0.6421875 0.365625 0.0234375 0.0390625
0 0.6328125 0.3171875 0.0265625 0.0390625
0 0.625 0.26953125 0.028125 0.040625
0 0.61640625 0.2203125 0.0234375 0.0390625
0 0.60859375 0.1734375 0.025 0.0359375
0 0.59921875 0.12578125 0.0234375 0.0375
0 0.6984375 0.8359375 0.025 0.0421875
0 0.6890625 0.7859375 0.0234375 0.0390625
0 0.67890625 0.73515625 0.0234375 0.0375
0 0.67109375 0.6859375 0.025 0.0359375
0 0.66328125 0.63671875 0.0234375 0.0390625
0 0.65234375 0.5875 0.025 0.0390625
0 0.64375 0.53828125 0.0265625 0.0359375
0 0.63515625 0.4890625 0.0234375 0.0390625
0 0.6234375 0.42265625 0.0234375 0.0359375
0 0.61640625 0.37578125 0.0234375 0.0359375
0 0.60703125 0.32890625 0.0234375 0.0390625
0 0.59921875 0.28125 0.025 0.0390625
0 0.58984375 0.23359375 0.0234375 0.0359375
0 0.58125 0.1875 0.0234375 0.0390625
0 0.57421875 0.1390625 0.025 0.0390625
0 0.565625 0.08984375 0.0234375 0.0390625
0 0.66171875 0.840625 0.0234375 0.0390625
0 0.65234375 0.78984375 0.025 0.0359375
0 0.64375 0.7421875 0.0234375 0.0375
0 0.634375 0.68984375 0.0234375 0.0359375
0 0.6265625 0.64375 0.0234375 0.0359375
0 0.61796875 0.5953125 0.0234375 0.0359375
0 0.60859375 0.54765625 0.0234375 0.0375
0 0.60078125 0.50078125 0.0234375 0.0359375
0 0.58828125 0.4359375 0.021875 0.0359375
0 0.58046875 0.3890625 0.0203125 0.0328125
0 0.5734375 0.3421875 0.021875 0.0328125
0 0.56484375 0.2953125 0.0234375 0.0359375
0 0.55703125 0.25 0.0234375 0.0359375
0 0.54765625 0.20234375 0.0234375 0.0359375
0 0.53984375 0.15625 0.021875 0.0390625
0 0.5328125 0.10859375 0.0234375 0.034375
0 0.64375 0.89140625 0.0234375 0.0375
0 0.634375 0.84140625 0.0234375 0.0390625
0 0.62578125 0.79296875 0.021875 0.0375
0 0.6171875 0.7453125 0.021875 0.034375
0 0.6078125 0.69609375 0.0203125 0.0359375
0 0.60078125 0.64921875 0.0203125 0.0328125
0 0.59140625 0.6 0.021875 0.0359375
0 0.58359375 0.5546875 0.021875 0.0328125
0 0.57578125 0.50703125 0.0203125 0.034375
0 0.61796875 0.89453125 0.0234375 0.0359375
0 0.609375 0.8453125 0.021875 0.0375
0 0.60078125 0.796875 0.021875 0.034375
0 0.5921875 0.74921875 0.0234375 0.0359375
0 0.584375 0.70078125 0.0203125 0.034375
0 0.57578125 0.653125 0.021875 0.0359375
0 0.56796875 0.60703125 0.021875 0.0359375
0 0.559375 0.56015625 0.0203125 0.0328125
0 0.5515625 0.51484375 0.01875 0.0328125
0 0.59296875 0.89609375 0.0234375 0.0359375
0 0.58359375 0.84609375 0.0203125 0.0359375
0 0.57421875 0.79921875 0.0234375 0.0375
0 0.5671875 0.75234375 0.0203125 0.0359375
0 0.559375 0.70625 0.0203125 0.0359375
0 0.5515625 0.65859375 0.0203125 0.034375
0 0.54375 0.61328125 0.021875 0.0359375
0 0.53515625 0.5671875 0.0203125 0.0328125
0 0.528125 0.521875 0.0234375 0.0375
0 0.56796875 0.896875 0.021875 0.0390625
0 0.56015625 0.85 0.0203125 0.034375
0 0.5515625 0.803125 0.0234375 0.0359375
0 0.54296875 0.75546875 0.0203125 0.0359375
0 0.5359375 0.71015625 0.0203125 0.0359375
0 0.5265625 0.6640625 0.0234375 0.0390625
0 0.5203125 0.61796875 0.0234375 0.0359375
0 0.51328125 0.5734375 0.021875 0.034375
0 0.50546875 0.52890625 0.0234375 0.034375
0 0.5359375 0.89921875 0.0203125 0.034375
0 0.52734375 0.85234375 0.021875 0.0390625
0 0.51953125 0.80703125 0.021875 0.0375
0 0.51171875 0.7609375 0.021875 0.0359375
0 0.5046875 0.71484375 0.021875 0.0359375
0 0.49765625 0.67109375 0.0234375 0.0359375
0 0.48984375 0.62578125 0.0203125 0.034375
0 0.48203125 0.58203125 0.01875 0.0328125
0 0.47421875 0.5390625 0.0203125 0.034375
0 0.5125 0.90234375 0.0203125 0.034375
0 0.5046875 0.85625 0.01875 0.0328125
0 0.49765625 0.81015625 0.01875 0.0328125
0 0.48984375 0.765625 0.0203125 0.0359375
0 0.48203125 0.71953125 0.0203125 0.0359375
0 0.475 0.67578125 0.0203125 0.0390625
0 0.4671875 0.63125 0.0203125 0.0375
0 0.459375 0.58671875 0.01875 0.0328125
0 0.453125 0.54453125 0.01875 0.0328125
0 0.48984375 0.9046875 0.021875 0.034375
0 0.48359375 0.8609375 0.0203125 0.034375
0 0.4765625 0.8140625 0.01875 0.0328125
0 0.4671875 0.76953125 0.01875 0.0296875
0 0.4609375 0.72421875 0.01875 0.03125
0 0.453125 0.68125 0.01875 0.03125
0 0.446875 0.6375 0.0203125 0.0328125
0 0.43828125 0.5921875 0.0203125 0.034375
0 0.4328125 0.55 0.01875 0.0328125
0 0.4609375 0.8609375 0.01875 0.0328125
0 0.45546875 0.8171875 0.0203125 0.0359375
0 0.5640625 0.44453125 0.021875 0.0359375
0 0.55546875 0.39765625 0.021875 0.0328125
0 0.5484375 0.353125 0.01875 0.0328125
0 0.540625 0.30546875 0.01875 0.0328125
0 0.53203125 0.26015625 0.0203125 0.03125
0 0.525 0.2140625 0.021875 0.0328125
0 0.51640625 0.16875 0.01875 0.0328125
0 0.53984375 0.45234375 0.0203125 0.0359375
0 0.5328125 0.40625 0.01875 0.0328125
0 0.525 0.3625 0.01875 0.0328125
0 0.51640625 0.31484375 0.01875 0.0328125
0 0.5171875 0.4609375 0.01875 0.0328125
0 0.51015625 0.41484375 0.01875 0.03125
0 0.50078125 0.36953125 0.01875 0.0328125
0 0.49375 0.325 0.0203125 0.034375
0 0.50859375 0.2703125 0.01875 0.0328125
0 0.50078125 0.22578125 0.0203125 0.034375
0 0.49375 0.18046875 0.01875 0.0328125
0 0.49453125 0.4671875 0.0203125 0.0359375
0 0.48671875 0.421875 0.01875 0.0328125
0 0.4796875 0.378125 0.01875 0.0328125
0 0.47109375 0.33515625 0.01875 0.0328125
0 0.4640625 0.290625 0.0203125 0.034375
0 0.4859375 0.28046875 0.01875 0.0328125
0 0.478125 0.23515625 0.0203125 0.034375
0 0.4703125 0.19140625 0.021875 0.0359375
0 0.45703125 0.24609375 0.01875 0.0328125
0 0.40546875 0.26796875 0.0203125 0.0359375
0 0.4640625 0.14609375 0.01875 0.0328125
0 0.5078125 0.121875 0.0203125 0.0359375
0 0.5015625 0.075 0.01875 0.0328125
0 0.478125 0.08828125 0.0203125 0.0359375
0 0.48515625 0.134375 0.01875 0.0328125
0 0.45546875 0.10234375 0.01875 0.0328125
0 0.43515625 0.1140625 0.01875 0.03125
0 0.44296875 0.15859375 0.01875 0.0328125
0 0.4046875 0.13046875 0.0171875 0.0328125
0 0.38515625 0.140625 0.01875 0.03125
0 0.4125 0.1734375 0.0203125 0.0359375
0 0.41953125 0.21796875 0.01875 0.0328125
0 0.4265625 0.26015625 0.0203125 0.034375
0 0.434375 0.303125 0.01875 0.0328125
0 0.4421875 0.34765625 0.01875 0.0328125
0 0.45 0.38984375 0.0171875 0.0328125
0 0.45546875 0.4328125 0.01875 0.0328125
0 0.4640625 0.47734375 0.01875 0.0328125
0 0.4421875 0.484375 0.01875 0.0328125
0 0.4359375 0.44296875 0.01875 0.0328125
0 0.42890625 0.39921875 0.0171875 0.03125
0 0.421875 0.35546875 0.01875 0.0328125
0 0.4140625 0.3140625 0.01875 0.0328125
0 0.4484375 0.20078125 0.0203125 0.034375
0 0.39921875 0.22578125 0.01875 0.0328125
0 0.3921875 0.184375 0.0203125 0.034375
0 0.421875 0.4921875 0.01875 0.0328125
0 0.415625 0.4484375 0.01875 0.03125
0 0.40703125 0.40625 0.0171875 0.03125
0 0.40078125 0.3640625 0.01875 0.03125
0 0.39296875 0.3203125 0.01875 0.034375
0 0.38671875 0.28046875 0.01875 0.0296875
0 0.378125 0.2359375 0.01875 0.0328125
0 0.371875 0.19453125 0.01875 0.0296875
0 0.36484375 0.153125 0.01875 0.0328125
0 0.3515625 0.20546875 0.0171875 0.0296875
0 0.35859375 0.24609375 0.01875 0.0328125
0 0.36640625 0.28828125 0.01875 0.0328125
0 0.37421875 0.3296875 0.01875 0.0328125
0 0.3796875 0.37109375 0.01875 0.0328125
0 0.3875 0.4140625 0.01875 0.03125
0 0.39453125 0.45625 0.01875 0.03125
0 0.40234375 0.4984375 0.01875 0.03125
0 0.33359375 0.25859375 0.015625 0.0328125
0 0.33984375 0.30078125 0.0171875 0.03125
0 0.34609375 0.34140625 0.0171875 0.0296875
0 0.3203125 0.309375 0.01875 0.0296875
0 0.328125 0.35 0.01875 0.03125
0 0.353125 0.38203125 0.015625 0.0296875
0 0.3609375 0.42421875 0.0171875 0.0296875
0 0.36796875 0.46640625 0.0171875 0.0328125
0 0.37421875 0.50625 0.0171875 0.0296875
0 0.35546875 0.5140625 0.015625 0.0296875
0 0.3484375 0.47265625 0.015625 0.0296875
0 0.34140625 0.43046875 0.015625 0.03125
0 0.334375 0.390625 0.0171875 0.03125
0 0.31640625 0.3984375 0.01875 0.0296875
0 0.31015625 0.359375 0.0171875 0.03125
0 0.3296875 0.47890625 0.015625 0.0296875
0 0.32265625 0.4375 0.015625 0.0328125
0 0.3109375 0.48515625 0.0171875 0.0296875
0 0.33671875 0.51953125 0.01875 0.0296875
0 0.3171875 0.5265625 0.0171875 0.0328125
0 0.446875 0.771875 0.01875 0.0328125
0 0.43984375 0.728125 0.01875 0.0328125
0 0.4328125 0.68515625 0.01875 0.03125
0 0.425 0.6421875 0.0171875 0.03125
0 0.41796875 0.5984375 0.0171875 0.0296875
0 0.4109375 0.55703125 0.01875 0.0328125
0 0.42578125 0.82109375 0.01875 0.0328125
0 0.41796875 0.7765625 0.01875 0.0328125
0 0.4109375 0.73359375 0.0203125 0.034375
0 0.4046875 0.69140625 0.0203125 0.034375
0 0.3984375 0.64921875 0.01875 0.0328125
0 0.390625 0.60625 0.01875 0.0328125
0 0.38359375 0.5640625 0.01875 0.0328125
0 0.3640625 0.57109375 0.015625 0.0296875
0 0.34453125 0.57578125 0.01875 0.03125
0 0.32734375 0.58203125 0.01875 0.0328125
0 0.33203125 0.62109375 0.01875 0.0328125
0 0.3515625 0.615625 0.0203125 0.034375
0 0.37109375 0.61171875 0.0203125 0.034375
0 0.378125 0.653125 0.0171875 0.0328125
0 0.35859375 0.6578125 0.01875 0.0328125
0 0.38359375 0.69375 0.01875 0.0328125
0 0.390625 0.7375 0.0203125 0.034375
0 0.3984375 0.7796875 0.0203125 0.0359375
0 0.371875 0.74140625 0.01875 0.0328125
0 0.36484375 0.7 0.0203125 0.034375