0 0.41982512402754624 0.3376115503706689 0.09255111436318479 0.06571925843752044
0 0.518930244539051 0.3536780052726596 0.09255111436318479 0.06571925843752044
0 0.6195887746914762 0.3712523964723194 0.09255111436318479 0.06571925843752044
0 0.5639200367917245 0.40756440790506476 0.08942611436318479 0.06561013103285873
0 0.4687166211006799 0.392142793747247 0.0878454336450254 0.062430567330527965
0 0.3727546813073344 0.3728422114405946 0.09568520472226431 0.06739088584218215
0 0.6614626573032293 0.42368542650938623 0.0956761143631848 0.06582838584218216
0 0.42243651873954785 0.4257836729660072 0.09254202400410509 0.06415675843752044
0 0.3287910578689634 0.4110887451058586 0.08784543364502548 0.062430567330527965
0 0.5152916392510527 0.4420683826773213 0.0878454336450254 0.062430567330527965
0 0.7961916604264874 0.4924031662577672 0.09568520472226431 0.06739088584218215
0 0.23673082289607805 0.39243300354337907 0.08940793364502549 0.06248513103285873
0 0.7597683470965749 0.4429041632625424 0.09253293364502557 0.06259425843752062
0 0.8310661092950191 0.539612982955323 0.09253293364502539 0.06259425843752045
0 0.6073655097625574 0.45838037423980077 0.08941702400410509 0.06404763103285874
0 0.6461371182720097 0.5070162816815295 0.0878454336450254 0.062430567330527965
0 0.8651683985226306 0.5852875815040441 0.0878454336450254 0.062430567330527965
0 0.5571882477605048 0.4905951627143882 0.08627384328594587 0.060813503628197194
0 0.4211916604264873 0.5054984548171726 0.08313066256778665 0.0575793762235353
0 0.5078104164766115 0.5196576693378102 0.08313066256778665 0.0575793762235353
0 0.9270371394474444 0.5573510652619753 0.0878454336450254 0.062430567330527965
0 0.8937297357584523 0.5093054348620887 0.09568520472226431 0.06739088584218215
0 0.2791183107958296 0.35658478358044593 0.09254202400410509 0.06415675843752044
0 0.6316473713952676 0.580944855002507 0.08313066256778665 0.0575793762235353
0 0.546600205704223 0.5651685767795387 0.08313066256778648 0.0575793762235353
0 0.8977263684684014 0.6278917437550963 0.08626475292686635 0.0592510036281972
0 0.10697060002344112 0.40946179083684003 0.08471134328594587 0.06075893992586625
0 0.1438847927436529 0.374585793832065 0.08784543364502548 0.062430567330527965
0 0.9287309287732516 0.6689879697084791 0.08311248184962708 0.05445437622353531
0 0.07319049766230895 0.4426661604369535 0.08156816256778662 0.05752481252120454
0 0.9517962449318343 0.5978842960246816 0.08940793364502539 0.06248513103285873
0 0.30677411554153505 0.7047668232361597 0.05958407825883114 0.03801092068857237
0 0.7002115399149826 0.4762275839511149 0.0878454336450254 0.062430567330527965
0 0.7397643984244348 0.5248362095416781 0.08000566256778666 0.057470248818873595
0 0.6849223623200812 0.5533084391232579 0.07686248184962743 0.05423612141421188
0 0.7746479376520462 0.5704835262392338 0.07842498184962743 0.05429068511654282
0 0.4666677868899204 0.47579110744957787 0.08156816256778665 0.05752481252120454
0 0.37537971155795546 0.4586705840359329 0.08000566256778666 0.057470248818873595
0 0.2856495910464507 0.4422767469199571 0.08311248184962743 0.05445437622353531
0 0.19591492535540606 0.4266641598039813 0.0831306625677866 0.0575793762235353
0 0.15823766335335354 0.45844243865992185 0.07528180113146812 0.05105655771188111
0 0.24641437422393792 0.4733283394782285 0.08311248184962743 0.05445437622353531
0 0.33380074473544274 0.4898040221477006 0.07998748184962742 0.05434524881887359
0 0.12135983206946022 0.48706843566469693 0.07528180113146817 0.05105655771188111
0 0.20718824776050485 0.5028174320364999 0.0752818011314682 0.05105655771188111
0 0.29301211827200957 0.5193476784083029 0.0752818011314682 0.05105655771188111
0 0.2530229225267357 0.5457390528177397 0.07684430113146812 0.05111112141421188
0 0.3380700882177803 0.5615153310407079 0.0768443011314682 0.05111112141421188
0 0.5951876966290367 0.5376958520072822 0.07684430113146803 0.05111112141421188
0 0.5854081756499937 0.6075544842212673 0.07684430113146803 0.05111112141421188
0 0.5019189647794093 0.5925048922959681 0.0768443011314682 0.05111112141421188
0 0.4200058894474443 0.575056986668338 0.07684430113146803 0.05111112141421188
0 0.37729621468121344 0.5320262384824366 0.07684430113146812 0.05111112141421188
0 0.4615484948336386 0.5501735485565703 0.07998748184962742 0.05434524881887377
0 0.4941923023098186 0.712281678956457 0.05960225897699054 0.04113592068857237
0 0.4576826305686497 0.677626425961232 0.06430793969514959 0.044424611795565026
0 0.5683201487190223 0.7253149030957413 0.05645907825883114 0.037901793283910835
0 0.5772366064663488 0.6695460527329216 0.06432612041330898 0.04754961179556503
0 0.7205962419067724 0.5973659739696483 0.07371930113146803 0.05100199400955017
0 0.8087684075978169 0.613033124787955 0.07371930113146803 0.05100199400955017
0 0.8405542179026672 0.6541020688901724 0.07372839149054755 0.05256449400955034
0 0.7562883022116227 0.6382985088160387 0.06745112041330899 0.047658739200226743
0 0.6704689768796577 0.6209870124442357 0.07371930113146821 0.05100199400955034
0 0.17031496165615131 0.530662179041275 0.07371930113146812 0.05100199400955017
0 0.08995529596510672 0.5147222097113141 0.06743293969514967 0.04453373920022674
0 0.1365712207313376 0.5576165486413884 0.06743293969514967 0.04453373920022692
0 0.10518032016560355 0.5829265726880055 0.06430793969514967 0.044424611795565026
0 0.1494888563681529 0.6196527571715761 0.06429884933607007 0.042862111795565025
0 0.19301159739116244 0.6571874735063121 0.05645907825883123 0.037901793283910835
0 0.2686973986208265 0.6709473839432656 0.05802157825883123 0.0379563569862416
0 0.3816741215916593 0.7193352655242786 0.05489657825883123 0.03784722958157989
0 0.3428252450300303 0.68398060808255 0.05802157825883114 0.0379563569862416
0 0.4185065010801545 0.6985217685195035 0.05803975897699036 0.0410813569862416
0 0.3812155793389857 0.6638937973754441 0.06430793969514967 0.044424611795565026
0 0.30475307328886153 0.649379918789656 0.06430793969514967 0.044424611795565026
0 0.22594227205919748 0.6357291357573642 0.06116475897699045 0.041190484390903316
0 0.18241953103618794 0.5981944194226282 0.07055793969514967 0.044642866604888455
0 0.21849793160192205 0.5727207042690184 0.0705761204133089 0.04776786660488845
0 0.29652293765204624 0.5871800191524758 0.0737011204133089 0.047876994009550346
0 0.2596723774453918 0.6111185161572508 0.06745112041330899 0.04765873920022692
0 0.33925079313643636 0.6270857673383772 0.06745112041330889 0.04765873920022692
0 0.4180615943661003 0.6407365503706689 0.06430793969514959 0.044424611795565026
0 0.3800166937021704 0.6014483610777749 0.0705761204133089 0.04776786660488845
0 0.46037635939321503 0.6173883304077359 0.07057612041330899 0.04776786660488845
0 0.4976491004162245 0.6551413015517953 0.06745112041330899 0.04765873920022692
0 0.5341451366187739 0.6921403045470201 0.06274543969514959 0.04437004809323426
0 0.538405910622879 0.631066395291193 0.07371930113146803 0.05100199400955034
0 0.6218951214934634 0.6461159872164922 0.0752818011314682 0.05105655771188111
0 0.7030405823640479 0.6612474246952877 0.07371930113146803 0.05100199400955017
0 0.7888599076960128 0.6785589210670906 0.07370112041330898 0.047876994009550346
0 0.870791163746137 0.6928818266947208 0.07058521077238851 0.04933036660488845
0 0.9002468595896067 0.7316888663504345 0.06745112041330899 0.04765873920022692
0 0.8191059438985622 0.715776178871639 0.06743293969514959 0.04453373920022674
0 0.8493610704601912 0.7514309366761873 0.06743293969514959 0.04453373920022692
0 0.7992565313307756 0.7711457251507747 0.06586134933607006 0.042916675497895795
0 0.768992314410067 0.7370534673462263 0.06743293969514959 0.04453373920022692
0 0.6878513987190222 0.7211407798674309 0.07055793969514959 0.044642866604888455
0 0.6576053625164731 0.6839235220628825 0.07213862041330898 0.0478224303072194
0 0.7379650282075175 0.6998634913928434 0.07057612041330899 0.04776786660488845
0 0.611393437848438 0.7058456512816428 0.06743293969514959 0.04453373920022674
0 0.7212360704601911 0.7559051602673175 0.061155668617910844 0.039627984390903315
0 0.6455593595896068 0.7405827498303641 0.05802157825883114 0.0379563569862416
0 0.6773906216898551 0.7738391939325814 0.05802157825883114 0.0379563569862416
0 0.6017002752806514 0.760860533495628 0.05958407825883114 0.03801092068857255