0 0.60859375 0.51484375 0.0390625 0.046875
0 0.61796875 0.45 0.04375 0.0515625
0 0.6 0.57890625 0.04375 0.0515625
0 0.628125 0.38671875 0.04375 0.0546875
0 0.675 0.45859375 0.04375 0.0515625
0 0.590625 0.64140625 0.04375 0.0515625
0 0.65546875 0.5859375 0.04375 0.05
0 0.53828125 0.53671875 0.04375 0.0515625
0 0.55703125 0.41015625 0.04375 0.0515625
0 0.528125 0.59921875 0.04375 0.0515625
0 0.68515625 0.39375 0.04375 0.0515625
0 0.7375 0.50078125 0.0453125 0.0515625
0 0.6453125 0.64921875 0.0421875 0.05
0 0.72578125 0.5640625 0.04375 0.0515625
0 0.66484375 0.5234375 0.04375 0.05
0 0.746875 0.43515625 0.04375 0.0515625
0 0.546875 0.4734375 0.04375 0.0515625
0 0.71640625 0.628125 0.04375 0.0515625
0 0.6375 0.3203125 0.046875 0.0546875
0 0.58125 0.70390625 0.04375 0.053125
0 0.5671875 0.34375 0.04375 0.0515625
0 0.51953125 0.66328125 0.04375 0.0515625
0 0.6359375 0.71171875 0.04375 0.0515625
0 0.69609375 0.32734375 0.04375 0.0515625
0 0.4921875 0.5625 0.04375 0.0515625
0 0.51015625 0.434375 0.04375 0.053125
0 0.7578125 0.3703125 0.04375 0.0515625
0 0.784375 0.47421875 0.04375 0.0515625
0 0.70625 0.69140625 0.04375 0.0515625
0 0.76328125 0.603125 0.04375 0.0515625
0 0.4765625 0.4953125 0.04375 0.053125
0 0.8 0.54296875 0.0421875 0.05