0 0.21723119273653796 0.5267402080223962 0.026400673916276585 0.03539367193911023
0 0.28224338049297903 0.6292232208739774 0.026400673916276672 0.03539367193911023
0 0.24025219866803704 0.5557565459691176 0.026400673916276672 0.03539367193911023
0 0.23601568482787258 0.49006787897292325 0.026400673916276585 0.03539367193911023
0 0.1928095128887623 0.46334887007567466 0.026400673916276585 0.03539367193911023
0 0.17408868779362213 0.5015836991251476 0.026400673916276585 0.03539367193911023
0 0.28579414482743504 0.6972238043720747 0.026400673916276672 0.03539367193911023
0 0.3101203241809191 0.758271392318796 0.026464340912471053 0.03695617193911023
0 0.2803996961965791 0.5456931378701718 0.026400673916276672 0.03539367193911023
0 0.3216414615196183 0.6199092292769344 0.026464340912471053 0.036956171939110403
0 0.26196005539783884 0.667394382927256 0.026400673916276585 0.0353936719391104
0 0.23678895904816036 0.6047524614824372 0.026400673916276585 0.0353936719391104
0 0.5144046230786052 0.6035851868050389 0.023148339923887918 0.03214133794672147
0 0.17876555342067246 0.6546450321289532 0.028090507908665387 0.038582338935304605
0 0.15536786269848188 0.5398185281746205 0.031215507908665386 0.03870967292769336
0 0.13237869026508003 0.511583440227899 0.026464340912471008 0.03695617193911023
0 0.10711209342110999 0.4465977687830803 0.031342841901054186 0.04183467292769336
0 0.1250835020143474 0.40911235623551023 0.031342841901054186 0.04183467292769336
0 0.15181709836402585 0.4718179446765232 0.031342841901054186 0.04183467292769336
0 0.12885975942872122 0.44436410672980176 0.031342841901054186 0.04183467292769336
0 0.10499383650102775 0.41375343528498315 0.031342841901054186 0.04183467292769336
0 0.15481210577839968 0.5070378616727177 0.031342841901054186 0.04183467292769336
0 0.13172743285070623 0.47645902372599613 0.031342841901054186 0.04183467292769336
0 0.24617057072087803 0.7392866289729232 0.02809050790866543 0.038582338935304605
0 0.2276752387056556 0.7447726250185905 0.02809050790866543 0.038582338935304605
0 0.22393081478937898 0.710302124524299 0.02809050790866543 0.038582338935304605
0 0.22096764087310236 0.6758634575281045 0.02809050790866543 0.038582338935304605
0 0.21963063395302013 0.6430509575281045 0.02809050790866543 0.038582338935304605
0 0.20172289235597712 0.6820988700756747 0.02809050790866543 0.038582338935304605
0 0.1995728019377977 0.6484732865775774 0.028090507908665387 0.038582338935304605
0 0.1966096280215211 0.6140346195813831 0.02809050790866543 0.038582338935304605
0 0.17920195212807816 0.5696479496194392 0.03121550790866543 0.03870967292769336
0 0.1762387782118015 0.5352092826232446 0.031215507908665386 0.03870967292769336
0 0.13537369767945384 0.5468033572240933 0.028090507908665387 0.038582338935304605
0 0.19789094372512114 0.5306318705699662 0.03121550790866543 0.03870967292769336
0 0.21938128315471736 0.5603657915204934 0.02809050790866543 0.038582338935304605
0 0.2397202994663398 0.6384098784786316 0.026400673916276672 0.0353936719391104
0 0.24265163988451918 0.6720672954748259 0.029589340912470962 0.03708350593149916
0 0.24402048030269857 0.705661045474826 0.026400673916276672 0.03539367193911023
0 0.26059121497965937 0.633800632927256 0.026400673916276672 0.0353936719391104
0 0.2591905410633828 0.5994256329272559 0.026400673916276585 0.0353936719391104
0 0.24994682813525185 0.7745383794672149 0.03121550790866543 0.03870967292769336
0 0.27000466015047425 0.7691160504177419 0.02809050790866543 0.038582338935304605
0 0.26707331973229487 0.7354586334215475 0.026464340912471053 0.03695617193911023
0 0.26411014581601827 0.7010199664253531 0.026464340912471053 0.03695617193911023
0 0.2878487347513229 0.7285056378701718 0.02809050790866543 0.038582338935304605
0 0.2900306586675995 0.762912471368269 0.026400673916276585 0.03539367193911023
0 0.29136766558768173 0.795724971368269 0.026400673916276672 0.03539367193911023
0 0.29358142300205553 0.8309130548663661 0.026400673916276672 0.0353936719391104
0 0.3157893454354574 0.8591163093149905 0.026400673916276672 0.03539367193911005
0 0.3151699215191808 0.8247731428130877 0.026400673916276585 0.03539367193911005
0 0.31142549760290417 0.7903026423187961 0.026400673916276672 0.03539367193911023
0 0.3071571502646425 0.7238327253226017 0.026400673916276672 0.03539367193911023
0 0.30497522634836594 0.6894258918245045 0.026400673916276585 0.03539367193911023
0 0.28283097091115844 0.6627851373758802 0.023212006920082205 0.03370383794672147
0 0.3044194694282837 0.6566452253226017 0.026400673916276672 0.03539367193911023
0 0.30151996250820146 0.6237690583264073 0.023212006920082205 0.03370383794672147
0 0.2986204555881192 0.5908928913302128 0.023212006920082205 0.033703837946721646
0 0.39963776342023494 0.8687724936113904 0.02809050790866543 0.038582338935304605
0 0.40312486075849663 0.9352105771094876 0.02809050790866543 0.03858233893530496
0 0.423182692773719 0.9297882480600148 0.02809050790866543 0.03858233893530496
0 0.40097477034031714 0.9015849936113904 0.02809050790866543 0.038582338935304605
0 0.37801743140501254 0.8741311556646689 0.02809050790866543 0.038582338935304605
0 0.37668042448493033 0.8413186556646689 0.02809050790866543 0.038582338935304605
0 0.3545361690477228 0.8146779012160448 0.02809050790866543 0.038582338935304605
0 0.35662259246970784 0.8467409847141418 0.02809050790866543 0.038582338935304605
0 0.3817618553212891 0.9086016561589606 0.02809050790866543 0.038582338935304605
0 0.3839119457394685 0.9422272396570577 0.02809050790866543 0.038582338935304605
0 0.3595539328878873 0.8803984017103362 0.02809050790866543 0.038582338935304605
0 0.3625171068041639 0.9148370687065306 0.02809050790866543 0.038582338935304605
0 0.3301144891999471 0.7512865632693232 0.02809050790866543 0.038582338935304605
0 0.3331413301124182 0.7872877302655177 0.02809050790866543 0.038582338935304605
0 0.3352277535344032 0.8193508137636147 0.02809050790866543 0.038582338935304605
0 0.3365647604544854 0.8521633137636148 0.02809050790866543 0.038582338935304605
0 0.3394961008726648 0.8858207307598092 0.02809050790866543 0.038582338935304605
0 0.3416356265386463 0.6129244002274614 0.026400673916276672 0.0353936719391104
0 0.3195232045995361 0.5870648957788372 0.026400673916276585 0.0353936719391104
0 0.43389074661432103 0.7906130015200559 0.026400673916276672 0.0353936719391104
0 0.4117146576790163 0.7631909970714316 0.026400673916276672 0.03539367193911023
0 0.4146778315952929 0.7976296640676259 0.026400673916276672 0.03539367193911023
0 0.3894749017475173 0.7342064926228072 0.026400673916276585 0.03539367193911023
0 0.3916249921656967 0.7678320761209044 0.026400673916276585 0.03539367193911023
0 0.4159511715191808 0.828879664067626 0.026400673916276672 0.03539367193911005
0 0.3501723212151696 0.7458642342198503 0.026400673916276672 0.03539367193911023
0 0.3531354951314462 0.7803029012160446 0.026400673916276585 0.03539367193911023
0 0.4365965939525826 0.8570192515200559 0.026400673916276672 0.0353936719391104
0 0.37453033406675085 0.8076930721665718 0.026400673916276585 0.03539367193911005
0 0.3967064230020555 0.835115076615196 0.026400673916276672 0.0353936719391104
0 0.4180375949411658 0.8609427475657231 0.026400673916276672 0.0353936719391104
0 0.4595539328878873 0.8844730894667773 0.026400673916276672 0.0353936719391104
0 0.4617358568041639 0.9188799229648744 0.026400673916276672 0.03539367193911005
0 0.4395279343707621 0.8906766685162502 0.026400673916276672 0.0353936719391104
0 0.4424274412908442 0.9235528355124446 0.026400673916276672 0.0353936719391104
0 0.4210007688574424 0.8953814145619174 0.026400673916276672 0.0353936719391104
0 0.3929938325838761 0.8014258261209045 0.02809050790866543 0.038582338935304605
0 0.3694170697322948 0.7396288216722802 0.026400673916276585 0.03539367193911023
0 0.34378571695682575 0.6465499837255587 0.026400673916276672 0.0353936719391104
0 0.3681118963103098 0.7075975716722802 0.026400673916276585 0.03539367193911023
0 0.3459358073750051 0.6801755672236559 0.026400673916276672 0.03539367193911023
0 0.3488671477931846 0.7138329842198503 0.026400673916276672 0.03539367193911023
0 0.32447730144350617 0.6512228962731288 0.026400673916276672 0.03539367193911023
0 0.32587797535978275 0.6855978962731288 0.026400673916276585 0.03539367193911023
0 0.32718314878176774 0.7176291462731288 0.026400673916276585 0.03539367193911023
0 0.3715989936485714 0.7740356551703773 0.026400673916276672 0.03539367193911023
0 0.43444650353440323 0.8233936680219586 0.026400673916276672 0.03539367193911005
0 0.455873175967805 0.8515650889724856 0.026400673916276672 0.03539367193911005
0 0.4020001235728968 0.6013449130790427 0.02321200692008212 0.033703837946721646
0 0.4452818913673939 0.6873434214819997 0.02321200692008212 0.03370383794672147
0 0.4695762372227808 0.7476097594287212 0.02321200692008212 0.03370383794672147
0 0.4938387495800705 0.8070948473754427 0.023212006920082295 0.033703837946721646
0 0.4708495771466687 0.7788597594287212 0.02321200692008212 0.03370383794672147
0 0.4025558804929791 0.6341255795809455 0.02321200692008212 0.03370383794672147
0 0.3802524575652856 0.6035785751323213 0.023212006920082205 0.03370383794672147
0 0.4231058024320893 0.6599214170333754 0.02321200692008212 0.03370383794672147
0 0.4474001482874762 0.7201877549800969 0.02321200692008212 0.03370383794672147
0 0.42600530935217157 0.6927975840295698 0.02321200692008212 0.033703837946721646
0 0.4045468034206724 0.6638449130790427 0.02321200692008212 0.033703837946721646
0 0.382402547983465 0.6372041586304185 0.023212006920082205 0.03370383794672147
0 0.4281872332684481 0.7272044175276671 0.02321200692008212 0.033703837946721646
0 0.4503314887056556 0.7538451719762913 0.023212006920082295 0.03370383794672147
0 0.4738127510629452 0.8132984264249157 0.02321200692008212 0.03370383794672129
0 0.4524179121276406 0.7859082554743886 0.02321200692008212 0.03370383794672129
0 0.4317724896942387 0.7577686680219586 0.02321200692008212 0.03370383794672147
0 0.4066650603407547 0.6966892465771399 0.02321200692008212 0.033703837946721646
0 0.38448897140545 0.6692672421285156 0.023212006920082295 0.033703837946721646
0 0.3572632851318837 0.5753434871855998 0.023212006920082295 0.03370383794672147
0 0.36091220855386874 0.6074702376798914 0.023212006920082295 0.033703837946721646
0 0.3630941324701454 0.6418770711779886 0.023212006920082205 0.03370383794672147
0 0.38735664482743504 0.7013621591247101 0.023212006920082295 0.03370383794672147
0 0.3659936393902276 0.674753238174183 0.023212006920082295 0.03370383794672147
0 0.40878331726083694 0.7295335800752372 0.02321200692008212 0.03370383794672147
0 0.4767122579830275 0.8461745934211098 0.02321200692008212 0.033703837946721646
0 0.4545043355496256 0.8179713389724856 0.02321200692008212 0.033703837946721646
0 0.4909710761580855 0.7749999303792483 0.023212006920082295 0.03370383794672147
0 0.4168465321661342 0.5637321665390839 0.02321200692008212 0.03370383794672147
0 0.46175446695682576 0.6513568419382352 0.02321200692008212 0.03370383794672147
0 0.44182662752722945 0.6216865879839025 0.02321200692008212 0.03370383794672147
0 0.3789472841433006 0.5715473251323212 0.023212006920082295 0.03370383794672147
0 0.41893295558811927 0.595795250037181 0.023212006920082295 0.03370383794672147
0 0.48807156923800327 0.7421237633830539 0.02321200692008212 0.03370383794672147
0 0.5086214911771135 0.7679196008354838 0.02321200692008212 0.03370383794672147
0 0.48523572931411535 0.7108100963868595 0.02321200692008212 0.03370383794672147
0 0.46384089037881077 0.6834199254363325 0.02321200692008212 0.03370383794672147
0 0.4415374674511174 0.6528729209877081 0.02321200692008212 0.03370383794672147
0 0.4225500455120071 0.6271407505314726 0.023212006920082295 0.03370383794672147
0 0.4666448968046014 0.7139523424325268 0.02321200692008212 0.03370383794672147
0 0.5123340815952929 0.8016088513297752 0.02321200692008212 0.033703837946721646
0 0.48149130539783885 0.676339595892568 0.02308467292769336 0.03057883794672147
0 0.48018613197585386 0.6443083458925679 0.022957338935304605 0.02745383794672147
0 0.43537369767945383 0.5590274204934166 0.022957338935304605 0.02745383794672147
0 0.43739645410524447 0.5895280039915137 0.023148339923887918 0.03214133794672147
0 0.45957254304054906 0.616950008440138 0.023148339923887918 0.03214133794672147
0 0.4567367031166613 0.5856363414439436 0.022957338935304605 0.02745383794672147
0 0.47813154205196595 0.6130265123944707 0.02321200692008212 0.03370383794672147
0 0.49874513098727064 0.6403848498469007 0.026400673916276672 0.0353936719391104
0 0.5007678874130612 0.6708854333449978 0.02321200692008212 0.03370383794672147
0 0.5029179778312407 0.704511016843095 0.023148339923887918 0.03214133794672147
0 0.5057856512532257 0.7366059338392894 0.026337006920082118 0.03383117193911023
0 0.5292350801124182 0.7952779382879137 0.02321200692008212 0.03370383794672147
0 0.527116823192336 0.7624336047898165 0.023148339923887918 0.03214133794672147
0 0.5234997332684481 0.731088104295525 0.02321200692008212 0.03370383794672147
0 0.5214451433445604 0.6998062707974277 0.02308467292769336 0.03057883794672147
0 0.4745144521280782 0.5816810119001792 0.023148339923887918 0.03214133794672165
0 0.4966905410633828 0.6091030163488035 0.02308467292769336 0.03057883794672147
0 0.4716467787060932 0.5495860949039848 0.026337006920082118 0.03383117193911041
0 0.49382286764139777 0.577008099352609 0.023148339923887918 0.03214133794672165
0 0.49176827771750986 0.5457262658545118 0.023148339923887918 0.03214133794672147
0 0.5115687831547173 0.5722715198088445 0.023148339923887918 0.03214133794672147
0 0.516459213002493 0.6348670203031361 0.026400673916276672 0.0353936719391104
0 0.520076302926381 0.6662125207974278 0.023148339923887918 0.03214133794672147
0 0.5391910588578799 0.6950696912536631 0.022957338935304605 0.02745383794672147
0 0.5420587322798649 0.7271646082498575 0.02321200692008212 0.033703837946721646
0 0.5448627387056556 0.757697025246052 0.026400673916276672 0.0353936719391104
0 0.5671024946371547 0.7866815296946763 0.028217841901054187 0.04170733893530461
0 0.5625768207208781 0.7521791957022874 0.02321200692008212 0.03370383794672147
0 0.5597409807969902 0.7208655287060931 0.02321200692008212 0.03370383794672147
0 0.5660547174139363 0.2632904506452034 0.026464340912471053 0.03695617193911023
0 0.5154299763111849 0.3033451062726913 0.026464340912470873 0.03695617193911023
0 0.47504771543676994 0.25022276486592865 0.026464340912470873 0.03695617193911023
0 0.6113592416342242 0.3797895425462576 0.026464340912470873 0.03695617193911023
0 0.6133501645619175 0.40950887604435476 0.026464340912471053 0.03695617193911023
0 0.7232437707974277 0.5224001482874762 0.026464340912470873 0.03695617193911023
0 0.6849214170333754 0.4241244743711995 0.026464340912470873 0.036956171939110403
0 0.6440788997331699 0.3405652164625342 0.026464340912470873 0.03695617193911023
0 0.627082400721753 0.3445523795043958 0.026464340912471053 0.03695617193911023
0 0.6290733236494465 0.374271713002493 0.026464340912470873 0.03695617193911023
0 0.6133501645619175 0.40950887604435476 0.026464340912471053 0.03695617193911023
0 0.5955724155505007 0.41346420558811925 0.026464340912470873 0.03695617193911023
0 0.5539168147521979 0.3290918641813566 0.026464340912470873 0.03695617193911023
0 0.5106350469577008 0.24309335577839963 0.026464340912470873 0.03695617193911023
0 0.48715378460041114 0.1836401013297754 0.026464340912471053 0.03695617193911023
0 0.524827539543327 0.20857377574034358 0.026464340912471053 0.03695617193911023
0 0.5252426695048333 0.4293173572612744 0.026464340912470873 0.03695617193911023
0 0.5688905573378241 0.29460411764139777 0.026464340912471053 0.03695617193911023
0 0.5482451349044222 0.2664645301889679 0.026464340912470873 0.03695617193911023
0 0.5494866413302129 0.29693328018896786 0.026464340912470873 0.03695617193911023
0 0.5154936433073793 0.3049076062726913 0.026464340912470873 0.03695617193911023
0 0.5333032258168933 0.3017335267289267 0.026464340912471053 0.03695617193911023
0 0.530403718896811 0.26885735973273234 0.026464340912471053 0.03695617193911023
0 0.429294863649884 0.1610037559686801 0.026400673916276672 0.03539367193911023
0 0.46650836216700925 0.15550051387734548 0.02809050790866543 0.03858233893530465
0 0.44713627965749525 0.1586109264249156 0.02809050790866543 0.038582338935304696
0 0.5029406106841344 0.1499654382879137 0.02809050790866543 0.03858233893530465
0 0.544199622052841 0.2054633631927735 0.02809050790866543 0.038582338935304605
0 0.5625012944862429 0.23350745015091173 0.026400673916276672 0.03539367193911023
0 0.583832466425353 0.25933512110143886 0.026400673916276672 0.03539367193911023
0 0.6242465607978651 0.31323871250820146 0.023148339923887918 0.03214133794672147
0 0.5867001398473382 0.2914300380976333 0.02809050790866543 0.038582338935304605
0 0.6452885726608633 0.37025271646253416 0.026400673916276672 0.03539367193911023
0 0.6650890780980708 0.3967979704168669 0.023275673916276673 0.035266337946721474
0 0.6678930845238614 0.4273303874130613 0.026400673916276672 0.03539367193911023
0 0.648092579086654 0.40078513345872857 0.02321200692008212 0.03370383794672147
0 0.6706970909496521 0.45786280440925564 0.02809050790866543 0.038582338935304605
0 0.650960252508639 0.43288005045492295 0.026400673916276672 0.03539367193911023
0 0.6295654135733344 0.40548987950439586 0.026400673916276672 0.03539367193911023
0 0.6092409847141418 0.34694520904816034 0.026400673916276672 0.03539367193911023
0 0.6072500617864485 0.31722587555006315 0.02308467292769336 0.03057883794672147
0 0.5886910627750316 0.3211493715957305 0.026400673916276672 0.03539367193911023
0 0.5724439802655176 0.3243871181356893 0.026400673916276672 0.03539367193911023
0 0.5729042366913082 0.35482403463759216 0.026400673916276672 0.03539367193911023
0 0.59354965912471 0.38296362209002205 0.02321200692008212 0.03370383794672147
0 0.590681985702725 0.35086870509382767 0.026400673916276672 0.03539367193911023
0 0.632369419999125 0.4360222965005902 0.02321200692008212 0.03370383794672147
0 0.6359865099230128 0.4673677969948818 0.026400673916276672 0.0353936719391104
0 0.6181769274134987 0.4705418765386463 0.02809050790866543 0.038582338935304605
0 0.5975951719762913 0.44396478908621645 0.023148339923887918 0.03214133794672147
0 0.5291940459691176 0.23916985973273236 0.026464340912471053 0.03695617193911023
0 0.5461587114824372 0.23440144669087068 0.026464340912470873 0.03695617193911023
0 0.5251166996194392 0.17738744273653798 0.026464340912471053 0.03695617193911027
0 0.5057446171099251 0.18049785528410806 0.02321200692008212 0.03370383794672147
0 0.4842861111784261 0.151545184333581 0.02321200692008212 0.03370383794672147
0 0.5077355400376187 0.2102171887822053 0.023148339923887918 0.03214133794672147
0 0.7357013029263809 0.6749985662722537 0.02308467292769336 0.03057883794672165
0 0.7336148795043959 0.6429354827741566 0.02809050790866543 0.038582338935304605
0 0.7562193913673939 0.7000131537246836 0.02809050790866543 0.038582338935304605
0 0.7566478142950874 0.7296688202265864 0.026400673916276672 0.03539367193911023
0 0.7392865593521716 0.7055628167665453 0.02321200692008212 0.03370383794672147
0 0.7602649042189752 0.761014320720878 0.026400673916276672 0.0353936719391104
0 0.7630689106447658 0.7915467377170724 0.02321200692008212 0.03370383794672129
0 0.7659047505686537 0.8228604047132668 0.026464340912470873 0.036956171939110403
0 0.7498301285158127 0.6389164862341976 0.02321200692008212 0.03370383794672147
0 0.7469942885919248 0.6076028192380033 0.02321200692008212 0.03370383794672147
0 0.7272574501509117 0.5826200652836706 0.026400673916276672 0.03539367193911023
0 0.7260159437251211 0.5521513152836706 0.026400673916276672 0.03539367193911023
0 0.7054023547898165 0.5247929778312407 0.026400673916276672 0.03539367193911023
0 0.6879774328507062 0.4991244743711995 0.026464340912470873 0.036956171939110403
0 0.688437689276497 0.5295613908731023 0.023148339923887918 0.03214133794672147
0 0.7082381947137043 0.556106644827435 0.026400673916276672 0.03539367193911023
0 0.7110740346375921 0.5874203118236294 0.023212006920082295 0.03370383794672147
0 0.7300296230786053 0.6123712322798649 0.026400673916276672 0.03539367193911023
0 0.7138143740671884 0.6163902288198239 0.026400673916276672 0.0353936719391104
0 0.6932644521280782 0.590594391367394 0.02321200692008212 0.03370383794672147
0 0.6904604457022876 0.5600619743711995 0.026400673916276672 0.0353936719391104
0 0.67222244026508 0.5335803874130612 0.02809050790866543 0.038582338935304605
0 0.6508594348278726 0.5069714664625342 0.026400673916276672 0.03539367193911023
0 0.6536952747517605 0.5382851334587285 0.026400673916276672 0.03539367193911023
0 0.6727145301889679 0.564798553914964 0.026400673916276672 0.03539367193911023
0 0.6346123523183586 0.510209213002493 0.026464340912471053 0.036956171939110403
0 0.7166502139910762 0.6477038958160183 0.02321200692008212 0.03370383794672147
0 0.6968497085538689 0.6211586418616856 0.02321200692008212 0.03370383794672147
0 0.6762997866147584 0.5953628044092556 0.023148339923887918 0.03214133794672147
0 0.6358856922422463 0.541459213002493 0.023148339923887918 0.03214133794672147
0 0.6564992811775511 0.5688175504549229 0.026400673916276672 0.03539367193911023
0 0.6593032876033418 0.5993499674511173 0.02321200692008212 0.03370383794672147
0 0.6799168765386463 0.6267083049035472 0.023148339923887918 0.03214133794672147
0 0.6989042984777566 0.6524404753597828 0.02308467292769336 0.03057883794672147
0 0.7179553874130613 0.6797351458160182 0.022957338935304605 0.02745383794672147
0 0.7017083049035472 0.6829728923559771 0.02308467292769336 0.03057883794672147
0 0.7215088103407548 0.7095181463103098 0.023148339923887918 0.03214133794672147
0 0.7413411492760593 0.7368446502646425 0.023148339923887918 0.03214133794672147
0 0.7433320722037527 0.7665639837627397 0.022957338935304605 0.02745383794672147
0 0.7461042451314462 0.7963151507589341 0.023148339923887918 0.03214133794672165
0 0.7497213350553341 0.8276606512532257 0.023148339923887918 0.03214133794672165
0 0.729203246614321 0.8026460638007957 0.02308467292769336 0.03057883794672165
0 0.7336015865382087 0.8340233977931846 0.026400673916276672 0.03539367193911005
0 0.7122067476029041 0.8066332268426575 0.02308467292769336 0.03057883794672165
0 0.7142613375267921 0.8379150603407546 0.023148339923887918 0.03214133794672165
0 0.6944926655876816 0.812151056386422 0.02321200692008212 0.033703837946721646
0 0.6973285055115696 0.8434647233826164 0.026464340912471053 0.036956171939110403
0 0.724280983268448 0.7392693133065042 0.026337006920082118 0.03383117193911023
0 0.727148656690433 0.7713642303026986 0.022957338935304605 0.02745383794672147
0 0.7021367278312407 0.7126285588578799 0.023275673916276673 0.035266337946721474
0 0.6847436393902276 0.6877413053978387 0.023148339923887918 0.03214133794672147
0 0.6810947159682426 0.6556145549035473 0.02321200692008212 0.03370383794672147
0 0.6613260440291324 0.6298505509492145 0.026400673916276672 0.0353936719391104
0 0.6415255385919248 0.6033052969948819 0.02321200692008212 0.03370383794672147
0 0.6386896986680369 0.5719916299986874 0.02308467292769336 0.03057883794672165
0 0.618171610227024 0.5469770425462576 0.023148339923887918 0.03214133794672147
0 0.5990886877936221 0.518901122090022 0.02809050790866543 0.038582338935304605
0 0.5834026793906651 0.47848436912427256 0.02809050790866543 0.038582338935304605
0 0.5655930968811511 0.48165844866803703 0.026400673916276672 0.03539367193911023
0 0.5814064392764969 0.5252002016337866 0.023148339923887918 0.03214133794672147
0 0.6003620277175099 0.550151122090022 0.026400673916276672 0.03539367193911023
0 0.6209437831547173 0.576728209542452 0.02321200692008212 0.03370383794672147
0 0.6444250455120071 0.6361814639910762 0.023212006920082295 0.03370383794672147
0 0.6633806339530202 0.6611323844473118 0.02308467292769336 0.03057883794672165
0 0.6669658903788107 0.6916966349416034 0.023148339923887918 0.03214133794672147
0 0.6867663958160183 0.7182418888959361 0.022957338935304605 0.02745383794672147
0 0.6887891522418089 0.7487424723940332 0.023275673916276673 0.035266337946721474
0 0.7065350677551285 0.7440058928502686 0.026464340912471053 0.036956171939110403
0 0.7085896576790164 0.7752877263483658 0.023148339923887918 0.03214133794672147
0 0.6924380756637939 0.7808692228883248 0.02321200692008212 0.03370383794672147
0 0.6754734101504742 0.7856376359301865 0.02809050790866543 0.038582338935304605
0 0.6775598335724593 0.8177007194282837 0.02809050790866543 0.038582338935304605
0 0.6718563202265864 0.7542921354358949 0.02308467292769336 0.03057883794672147
0 0.6682392303026987 0.7229466349416034 0.023148339923887918 0.03214133794672147
0 0.6492518083635883 0.6972144644853678 0.023148339923887918 0.03214133794672147
0 0.651274564789379 0.727715047983465 0.023275673916276673 0.035266337946721474
0 0.6549234882113639 0.7598417984777566 0.02321200692008212 0.03370383794672147
0 0.6569780781352519 0.7911236319758539 0.02809050790866543 0.038582338935304605
0 0.6392639961200294 0.7966414615196182 0.026400673916276672 0.0353936719391104
0 0.6464478019377977 0.6666820474891735 0.026464340912471053 0.03695617193911023
0 0.6274285465005903 0.6401686270329379 0.026400673916276672 0.03539367193911023
0 0.6237796230786052 0.6080418765386464 0.026400673916276672 0.03539367193911023
0 0.6032297011394949 0.5822460390862164 0.02321200692008212 0.03370383794672147
0 0.5833973622041903 0.5549195351318837 0.026400673916276672 0.03539367193911023
0 0.5648383631927734 0.5588430311775511 0.026400673916276672 0.0353936719391104
0 0.5479055311775511 0.5643926942194127 0.026400673916276672 0.03539367193911023
0 0.5301277821661342 0.5683480237631773 0.02321200692008212 0.03370383794672147
0 0.5329317885919249 0.5988804407593716 0.023148339923887918 0.03214133794672147
0 0.5371046354358949 0.663006607755566 0.023212006920082295 0.03370383794672147
0 0.558403973876908 0.6880530287060931 0.02308467292769336 0.03057883794672147
0 0.5555999674511174 0.6575206117098987 0.023148339923887918 0.03214133794672147
0 0.5341732950177155 0.6293491907593716 0.026464340912470873 0.03695617193911023
0 0.5535453775272294 0.6262387782118015 0.023148339923887918 0.03214133794672147
0 0.5713231265386464 0.6222834486680371 0.022957338935304605 0.02745383794672147
0 0.5733777164625341 0.6535652821661342 0.02321200692008212 0.03370383794672147
0 0.5769629728883248 0.6841295326604258 0.02496550790866543 0.03845500494291585
0 0.5967953118236295 0.7114560366147585 0.02321200692008212 0.03370383794672147
0 0.5980686517475172 0.7427060366147585 0.026400673916276672 0.03539367193911023
0 0.5803545697322948 0.748223866158523 0.026337006920082295 0.03383117193911023
0 0.5766419793141153 0.7145346156642314 0.026400673916276672 0.03539367193911023
0 0.5840034931542799 0.7803506166528147 0.02809050790866543 0.038582338935304605
0 0.6016857416714051 0.7740515371090501 0.028281508897248564 0.0432698389353046
0 0.6187140741809192 0.7708456240671884 0.02809050790866543 0.038582338935304605
0 0.6356150726980443 0.7645147110253268 0.02809050790866543 0.038582338935304605
0 0.6174089007589341 0.7388143740671884 0.023275673916276673 0.035266337946721474
0 0.6327792327741566 0.7332010440291323 0.023148339923887918 0.03214133794672147
0 0.6136963103407547 0.7051251235728968 0.026464340912470873 0.036956171939110403
0 0.5939594718997416 0.6801423696185641 0.026400673916276672 0.03539367193911023
0 0.5910599649796594 0.6472662026223697 0.02809050790866543 0.038582338935304605
0 0.6315058928502687 0.7019510440291323 0.026464340912470873 0.03695617193911023
0 0.6108923039149641 0.6745927065767023 0.02809050790866543 0.038582338935304605
0 0.6302007194282837 0.6699197940291323 0.02321200692008212 0.03370383794672147
0 0.6088377139910762 0.6433108730786052 0.026464340912471053 0.03695617193911023
0 0.5890372085538689 0.6167656191242725 0.023148339923887918 0.03214133794672165
0 0.5854519521280782 0.586201368629981 0.026400673916276672 0.03539367193911023
0 0.569173036120467 0.5886578651699399 0.026464340912470873 0.036956171939110403
0 0.5507095376033417 0.5949251112156071 0.026273339923887917 0.032268671939110226
0 0.5280731922422464 0.5370661902650801 0.02321200692008212 0.03370383794672147
0 0.5450378577555661 0.5322977772232184 0.026337006920082118 0.03383117193911041
0 0.5123235168430951 0.49508693729933045 0.02815417490485981 0.04014483893530461
0 0.530914349352609 0.4919446912536632 0.026400673916276672 0.0353936719391104
0 0.6076280410633828 0.6136233730786051 0.026464340912471053 0.03695617193911023
0 0.166365076615196 0.369456948630856 0.02815417490485981 0.04014483893530461
0 0.1440934871855998 0.3396911941822317 0.02815417490485981 0.04014483893530461
0 0.09801964182450448 0.2808772682887887 0.02815417490485981 0.04014483893530461
0 0.12104064775600354 0.3098936062355102 0.02815417490485981 0.0401448389353047
0 0.23891519174795478 0.5229440459691176 0.02815417490485981 0.04014483893530461
0 0.21583051882026139 0.49236520802239614 0.02815417490485981 0.04014483893530461
0 0.19574085330694174 0.49700628707186906 0.028154174904859764 0.04014483893530461
0 0.17275168087353987 0.4687711991251476 0.02815417490485981 0.04014483893530461
0 0.14894942494204083 0.43972302768032884 0.02815417490485981 0.04014483893530461
0 0.1467993345238614 0.4060974441822317 0.02815417490485981 0.04014483893530461
0 0.14539866060758483 0.3717224441822317 0.02815417490485981 0.04014483893530461
0 0.12315890467608574 0.34273793973360744 0.02815417490485981 0.04014483893530461
0 0.10016973224268391 0.31450285178688586 0.02815417490485981 0.04014483893530461
0 0.123714661596168 0.3755186062355102 0.02815417490485981 0.0401448389353047
0 0.10225615566466892 0.34656593528498314 0.02809050790866543 0.038582338935304696
0 0.16767025003718103 0.401488198630856 0.02809050790866543 0.038582338935304605
0 0.16982034045536049 0.4351137821289532 0.026464340912470963 0.036956171939110403
0 0.19150433946677728 0.43131762007567465 0.028090507908665387 0.038582338935304605
0 0.21371226190017914 0.45952087452429896 0.02809050790866543 0.038582338935304605
0 0.18935424904859788 0.39769203657757746 0.026464340912471008 0.03695617193911023
0 0.1649325692008222 0.334300698630856 0.02809050790866543 0.038582338935304605
0 0.14038089676742035 0.3060019436879401 0.026464340912471008 0.03695617193911023
0 0.11892239083592131 0.277049272737413 0.026464340912471008 0.03695617193911023
0 0.16206489577883718 0.3022057816346616 0.026464340912471008 0.03695617193911023
0 0.18801724212851564 0.3648795365775775 0.02809050790866543 0.038582338935304605
0 0.20947574806001468 0.39383220752810455 0.02809050790866543 0.038582338935304605
0 0.21159400498009692 0.4266765410262018 0.026400673916276585 0.03539367193911023
0 0.23383376091159597 0.45566104547482605 0.026464340912471053 0.03695617193911023
0 0.2590048572612744 0.5183029669196447 0.02809050790866543 0.038582338935304605
0 0.257636016843095 0.4847092169196447 0.02809050790866543 0.038582338935304605
0 0.2790626892764968 0.5128806378701718 0.026464340912471053 0.03695617193911023
0 0.3012706117098987 0.5410838923187961 0.023212006920082205 0.03370383794672147
0 0.2991205212917193 0.5074583088206989 0.026400673916276672 0.03539367193911023
0 0.27694443235641464 0.4800363043720746 0.026464340912471053 0.03695617193911023
0 0.2539234264249156 0.45101996642535314 0.026400673916276585 0.03539367193911023
0 0.23249675399151376 0.42284854547482603 0.02809050790866543 0.038582338935304605
0 0.25261825300293056 0.4189887164253531 0.026464340912470963 0.03695617193911023
0 0.2748580089344296 0.4479732208739774 0.023148339923887828 0.03214133794672147
0 0.2970659313678315 0.4761764753226017 0.026464340912471053 0.03695617193911023
0 0.3193056872993305 0.505160979771226 0.023148339923887828 0.03214133794672147
0 0.34232669323082954 0.5341773177179474 0.023212006920082295 0.03370383794672147
0 0.361603275246052 0.5287231551703774 0.023212006920082295 0.03370383794672147
0 0.33936351931455294 0.49973865072175305 0.023148339923887828 0.03214133794672147
0 0.31796868037924825 0.47234847977122596 0.026400673916276672 0.03539367193911023
0 0.27352100201434737 0.41516072087397743 0.02809050790866543 0.038582338935304605
0 0.2941982579458465 0.4440815583264072 0.026400673916276672 0.0353936719391104
0 0.31510100695726323 0.4402535627750316 0.026400673916276672 0.03539367193911023
0 0.3364958458925679 0.4676437337255587 0.023148339923887828 0.03214133794672147
0 0.3594850183259698 0.49587882167228015 0.023148339923887828 0.03214133794672147
0 0.09590138490442227 0.2480329347906915 0.02640067391627663 0.03539367193911023
0 0.09453254448624285 0.21443918479069152 0.028090507908665407 0.038582338935304605
0 0.11680413391583908 0.2442049392393158 0.026464340912470963 0.03695617193911023
0 0.11465404349765969 0.2105793557412186 0.02809050790866543 0.038582338935304605
0 0.1369574664253531 0.24112636018984288 0.028090507908665387 0.038582338935304605
0 0.1355567925090765 0.2067513601898429 0.028090507908665387 0.038582338935304605
0 0.13904388984733815 0.27318944368794007 0.02809050790866543 0.038582338935304605
0 0.16072788885875497 0.2693932816346616 0.02809050790866543 0.038582338935304696
0 0.15860963193867275 0.2365489481365644 0.023212006920082205 0.03370383794672147
0 0.15489704152049333 0.2028596976422728 0.026464340912471008 0.03695617193911023
0 0.17742595752810456 0.20065786908709143 0.028090507908665387 0.038582338935304605
0 0.17957604794628396 0.23428345258518862 0.026400673916276585 0.03539367193911023
0 0.18006813787017178 0.26550161908709147 0.023212006920082205 0.03370383794672147
0 0.182186394790254 0.29834595258518865 0.026400673916276585 0.03539367193911023
0 0.18589898520843345 0.33203520307948026 0.023212006920082205 0.03370383794672147
0 0.20813874113993247 0.3610197075281046 0.023212006920082205 0.03370383794672147
0 0.20602048421985025 0.32817537403000735 0.023212006920082205 0.03370383794672147
0 0.20315281079786524 0.29608045703381297 0.023148339923887828 0.03214133794672147
0 0.2010027203796858 0.2624548735357157 0.026464340912471053 0.03695617193911023
0 0.1996657134596036 0.22964237353571573 0.026464340912470963 0.03695617193911023
0 0.22193730288919983 0.25940812798434 0.02809050790866543 0.038582338935304605
0 0.22246122631118484 0.29140754448624284 0.026464340912471053 0.03695617193911023
0 0.22614198323126708 0.32431554498053444 0.023148339923887828 0.03214133794672147
0 0.22829207364944654 0.3579411284786317 0.026464340912471053 0.03695617193911023
0 0.23031483007523712 0.38844171197672883 0.023212006920082205 0.03370383794672147
0 0.25124941258475114 0.38539496642535315 0.02815417490485981 0.04014483893530461
0 0.2714027450942652 0.38231638737588025 0.02809050790866543 0.038582338935304605
0 0.29211183452386147 0.4120184748283101 0.02809050790866543 0.038582338935304605
0 0.2454822322426839 0.3204238824329643 0.03121550790866543 0.03870967292769345
0 0.24345947581689326 0.2899232989348671 0.02809050790866543 0.038582338935304605
0 0.24199513490442226 0.2539857989348671 0.02815417490485981 0.04014483893530461
0 0.2643303913302129 0.28531405338349136 0.02809050790866543 0.038582338935304605
0 0.26563556475219796 0.3173453033834914 0.02809050790866543 0.038582338935304605
0 0.27009757167228016 0.35028513737588024 0.02809050790866543 0.038582338935304605
0 0.2483499056646689 0.35251879942915876 0.02809050790866543 0.038582338935304605
0 0.2908066611018764 0.37998722482831016 0.02809050790866543 0.038582338935304605
0 0.3122333335352782 0.4081586457788372 0.02809050790866543 0.038582338935304605
0 0.3344730894667773 0.4371431502274614 0.02809050790866543 0.038582338935304605
0 0.35583609490398477 0.4637520711779886 0.023148339923887828 0.03214133794672147
0 0.377326434333581 0.4934859921285156 0.023148339923887828 0.03214133794672165
0 0.4002519397707884 0.5201585800752371 0.026464340912470873 0.036956171939110403
0 0.3981655163488034 0.48809549657713996 0.023148339923887828 0.03214133794672165
0 0.3759894274134988 0.4606734921285156 0.023148339923887828 0.03214133794672165
0 0.3553121714819997 0.4317526546760858 0.026464340912471053 0.036956171939110403
0 0.3323229990485979 0.40351756672936434 0.026464340912471053 0.03695617193911023
0 0.3116457431170988 0.37459672927693444 0.02809050790866543 0.038582338935304605
0 0.28940598718559973 0.3456122248283101 0.026464340912471053 0.03695617193911023
0 0.28650648026551756 0.31273605783211567 0.02809050790866543 0.038582338935304605
0 0.2844837238397269 0.28223547433401847 0.028217841901054187 0.04170733893530461
0 0.3046052228511437 0.27837564528454556 0.028217841901054187 0.04170733893530461
0 0.3058785627750316 0.30962564528454556 0.02809050790866543 0.038582338935304605
0 0.3087780696951138 0.34250181228074 0.02809050790866543 0.038582338935304696
0 0.3302365756266129 0.37145448323126706 0.026464340912471053 0.03695617193911023
0 0.3515995810638203 0.3980634041817942 0.02809050790866543 0.038582338935304696
0 0.35038990813612686 0.36837590418179417 0.02308467292769336 0.03057883794672147
0 0.3281183187065306 0.33861014973316983 0.026464340912471053 0.03695617193911023
0 0.34827165121604464 0.33553157068369693 0.02809050790866543 0.038582338935304605
0 0.32525064528454556 0.30651523273697545 0.026464340912471053 0.03695617193911023
0 0.32316422186256055 0.2744521492388783 0.026464340912471053 0.03695617193911023
0 0.3446227277940596 0.3034048201894054 0.026400673916276585 0.03539367193911023
0 0.3668624837255587 0.33238932463802967 0.02809050790866543 0.038582338935304605
0 0.3697619906456409 0.36526549163422406 0.026464340912471053 0.03695617193911023
0 0.37178474707143155 0.39576607513232126 0.02809050790866543 0.038582338935304696
0 0.37387117049341656 0.4278291586304184 0.023148339923887828 0.03214133794672147
0 0.39532967642491557 0.4567818295809456 0.026464340912470963 0.036956171939110403
0 0.4175375988583174 0.4849850840295698 0.026464340912471053 0.036956171939110403
0 0.41881093878220527 0.5162350840295697 0.026464340912470873 0.036956171939110403
0 0.3932114195048334 0.4239374960828483 0.023148339923887828 0.03214133794672147
0 0.4138886754363325 0.4528583335352782 0.02321200692008212 0.03370383794672147
0 0.4352835143716371 0.4802485044858053 0.023148339923887918 0.03214133794672147
0 0.39112499608284834 0.39187441258475114 0.026464340912471053 0.03695617193911023
0 0.38832098965705775 0.36134199558855673 0.023148339923887828 0.03214133794672147
0 0.3639311433073792 0.29873190764183527 0.02809050790866543 0.038582338935304696
0 0.3610953033834914 0.2674182406456409 0.02809050790866543 0.038582338935304605
0 0.4110528355124446 0.42154466653908385 0.02809050790866543 0.038582338935304605
0 0.43163459094965206 0.44812175399151377 0.02321200692008212 0.03370383794672147
0 0.4545600963868595 0.4747943419382352 0.02809050790866543 0.038582338935304605
0 0.4566465198088445 0.5068574254363324 0.026464340912471053 0.03695617193911023
0 0.47523735231835856 0.5037151793906651 0.026464340912471053 0.03695617193911023
0 0.43036125102576417 0.41687175399151377 0.026400673916276672 0.03539367193911023
0 0.4097158285923624 0.3887321665390838 0.023212006920082295 0.03370383794672147
0 0.40759757167228017 0.35588783304098665 0.02321200692008212 0.03370383794672147
0 0.38701581623507264 0.3293107455885568 0.023212006920082295 0.03370383794672147
0 0.3833987263111848 0.2979652450942652 0.02809050790866543 0.038582338935304605
0 0.3813123028891998 0.265902161596168 0.026400673916276672 0.03539367193911023
0 0.4035202253226017 0.2941054160447923 0.02809050790866543 0.038582338935304605
0 0.40482539874458673 0.3261366660447923 0.026464340912471053 0.03695617193911023
0 0.4262202376798914 0.3535268369953194 0.02308467292769336 0.03057883794672147
0 0.4275254111018764 0.38555808699531935 0.026400673916276672 0.03539367193911023
0 0.44888841653908385 0.4121670079458465 0.026400673916276672 0.03539367193911023
0 0.45175608996106886 0.44426192494204086 0.02809050790866543 0.038582338935304605
0 0.47240151239447076 0.47240151239447065 0.02809050790866543 0.038582338935304605
0 0.49096051140588753 0.46847801634880337 0.026464340912470873 0.036956171939110403
0 0.4695656724705829 0.4410878453982763 0.026464340912471053 0.036956171939110403
0 0.44605257661519604 0.38085334094965206 0.026464340912471053 0.03695617193911023
0 0.4233843977560035 0.32221316999912497 0.026464340912470873 0.03695617193911023
0 0.4007162188968111 0.2635729990485979 0.026464340912471053 0.03695617193911023
0 0.42132980783211577 0.2909313365010278 0.02809050790866543 0.038582338935304605
0 0.4184303009120335 0.2580551695048333 0.02809050790866543 0.038582338935304605
0 0.4171887944862428 0.22758641950483333 0.02809050790866543 0.038582338935304605
0 0.4447792366913082 0.34960334094965206 0.02809050790866543 0.038582338935304605
0 0.46620590912471 0.3777747619001791 0.02321200692008212 0.03370383794672147
0 0.467511082546695 0.4098060119001792 0.023148339923887918 0.03214133794672147
0 0.4881246714819998 0.437164349352609 0.026400673916276672 0.0353936719391104
0 0.5094876769192072 0.4637732703031361 0.026400673916276672 0.0353936719391104
0 0.5059024204934165 0.4332090198088445 0.023148339923887918 0.03214133794672147
0 0.5272972594287213 0.4605991907593716 0.02321200692008212 0.03370383794672147
0 0.4852251645619175 0.4042881823564146 0.026400673916276672 0.0353936719391104
0 0.48320240813612686 0.3737875988583174 0.026464340912471053 0.03695617193911023
0 0.46258881920082223 0.34642926140588753 0.026400673916276672 0.03539367193911023
0 0.4419115632693232 0.3175084239534577 0.02809050790866543 0.038582338935304696
0 0.4407655573378241 0.2893834239534577 0.02809050790866543 0.038582338935304696
0 0.46128364577883724 0.3143980114058876 0.023275673916276673 0.035266337946721474
0 0.4811796517103362 0.3432870153602202 0.02809050790866543 0.038582338935304605
0 0.5010119906456408 0.37061351931455294 0.02321200692008212 0.03370383794672147
0 0.5046290805695287 0.4019590198088445 0.023148339923887918 0.03214133794672147
0 0.4370529669196447 0.25569417345916606 0.02809050790866543 0.038582338935304605
0 0.43503021049385404 0.22519358996106886 0.02809050790866543 0.038582338935304605
0 0.43131762007567465 0.1915043394667773 0.02809050790866543 0.038582338935304605
0 0.45486254942915866 0.2525200939154016 0.02809050790866543 0.038582338935304605
0 0.45358920950527093 0.2212700939154016 0.02809050790866543 0.038582338935304605
0 0.449972119581383 0.18992459342110998 0.026464340912470873 0.03695617193911027
0 0.4714306255128822 0.2188772643716371 0.023275673916276673 0.035266337946721474
0 0.46937603558899427 0.18759543087353986 0.02809050790866543 0.038582338935304696
0 0.48995779102620174 0.21417251832596979 0.02809050790866543 0.038582338935304696
0 0.4912311309500896 0.24542251832596979 0.02809050790866543 0.038582338935304696
0 0.49406697087397744 0.2767361853221642 0.02809050790866543 0.038582338935304605
0 0.4770704718625606 0.28072334836402585 0.02815417490485981 0.0401448389353047
0 0.4584478058549493 0.28308434440969316 0.02809050790866543 0.038582338935304605
0 0.5004880672236559 0.33861410281265014 0.02809050790866543 0.038582338935304605
0 0.4783119782883512 0.31119209836402584 0.02809050790866543 0.038582338935304696
0 0.49687097729976804 0.30726860231835856 0.02321200692008212 0.03370383794672147
0 0.5182976497331699 0.33544002326888567 0.02321200692008212 0.03370383794672147
0 0.5195709896570577 0.36669002326888567 0.026464340912470873 0.03695617193911023
0 0.5216255795809456 0.3979718567669829 0.026464340912470873 0.03695617193911023
0 0.5422391685162502 0.42533019421941276 0.02809050790866543 0.038582338935304605
0 0.5458562584401381 0.45667569471370434 0.026400673916276672 0.03539367193911023
0 0.5611947569572633 0.4502811146756482 0.02321200692008212 0.033703837946721646
0 0.5600805845238614 0.4229373646756482 0.02321200692008212 0.033703837946721646
0 0.539339661596168 0.39245402722321837 0.026464340912471053 0.03695617193911023
0 0.5381618221665717 0.3635477772232184 0.026464340912471053 0.03695617193911023
0 0.557149244105682 0.38927994767945384 0.02809050790866543 0.038582338935304696
0 0.577794666539084 0.41741953513188373 0.023148339923887918 0.03214133794672147
0 0.5805986729648744 0.4479519521280782 0.026400673916276672 0.0353936719391104
0 0.5742094101132932 0.38685528463759217 0.026400673916276672 0.03539367193911023
0 0.5551264876798914 0.35877936418135664 0.02321200692008212 0.03370383794672147
0 0.5361390657407811 0.33304719372512115 0.02809050790866543 0.038582338935304696