0 0.32380650365674324 0.6210425159206535 0.031986385551659245 0.04364299214211709
0 0.37056845536102656 0.5849081168302763 0.028834112012708867 0.04193494292790536
0 0.3677122366106147 0.5245699303125116 0.0319045649348082 0.03895549214211709
0 0.37262978734196334 0.6459911660444879 0.032013659090609534 0.04520549214211726
0 0.4149593835263595 0.5502270558292403 0.028888659090609538 0.04505994292790536
0 0.3762536193229001 0.7071469898658055 0.032013659090609534 0.04520549214211726
0 0.42071273133560894 0.6685596788647695 0.032013659090609534 0.04520549214211726
0 0.4170616258157218 0.608966355043452 0.031959112012708776 0.042080492142117086
0 0.4120758912369973 0.4914513693114756 0.032013659090609534 0.04520549214211726
0 0.4625104935104735 0.6032643186495219 0.02883411201270878 0.04193494292790536
0 0.46618887256931096 0.6612951424708393 0.028861385551659246 0.04349744292790554
0 0.4992622455390684 0.5134954973094036 0.02883411201270878 0.04193494292790554
0 0.42514508685549596 0.7281893899896401 0.032013659090609534 0.04520549214211726
0 0.5029678981368562 0.5699638211307212 0.028834112012708957 0.04193494292790554
0 0.45883211445163613 0.5452334948282044 0.02883411201270878 0.04193494292790554
0 0.4690723648586732 0.7200708289886041 0.028888659090609538 0.045059942927905536
0 0.5058650271956935 0.6279582576484859 0.028834112012708957 0.04193494292790554
0 0.5103382930240062 0.6852442187733564 0.028834112012708957 0.04193494292790536
0 0.4551673721622739 0.4864214210068868 0.02883411201270878 0.04193494292790554
0 0.5440195921305018 0.5922048482190265 0.02565456493480802 0.03866439371369381