0 0.2328125 0.2484375 0.0296875 0.046875
0 0.24140625 0.3015625 0.0328125 0.0484375
0 0.24921875 0.353125 0.028125 0.0421875
0 0.25703125 0.40546875 0.028125 0.0453125
0 0.265625 0.45703125 0.028125 0.0453125
0 0.2734375 0.51015625 0.028125 0.0453125
0 0.2859375 0.58125 0.03125 0.0453125
0 0.29296875 0.63125 0.028125 0.0453125
0 0.29921875 0.68203125 0.028125 0.04375
0 0.3078125 0.734375 0.028125 0.0421875
0 0.31484375 0.78359375 0.03125 0.0421875
0 0.32265625 0.83671875 0.028125 0.0453125
0 0.25546875 0.1890625 0.0265625 0.0453125
0 0.26328125 0.24375 0.028125 0.04375
0 0.2703125 0.29375 0.0265625 0.0421875
0 0.27890625 0.34765625 0.025 0.040625
0 0.28671875 0.3984375 0.028125 0.0421875
0 0.2953125 0.45 0.028125 0.0421875
0 0.303125 0.50078125 0.028125 0.0453125
0 0.31328125 0.56953125 0.028125 0.0421875
0 0.32109375 0.6203125 0.0265625 0.04375
0 0.32890625 0.671875 0.028125 0.04375
0 0.33671875 0.72109375 0.028125 0.0453125
0 0.34375 0.771875 0.0265625 0.04375
0 0.35 0.821875 0.028125 0.040625
0 0.35859375 0.87109375 0.0265625 0.0421875
0 0.27734375 0.13203125 0.028125 0.0453125
0 0.28515625 0.184375 0.0265625 0.04375
0 0.2921875 0.2359375 0.025 0.040625
0 0.3 0.28828125 0.028125 0.0421875
0 0.3078125 0.33984375 0.0265625 0.0421875
0 0.31640625 0.38984375 0.028125 0.04375
0 0.32421875 0.44140625 0.028125 0.0390625
0 0.33203125 0.4921875 0.0265625 0.0421875
0 0.3421875 0.5609375 0.0265625 0.0421875
0 0.34921875 0.609375 0.0265625 0.0390625
0 0.35703125 0.65859375 0.0265625 0.0453125
0 0.36328125 0.70703125 0.028125 0.0421875
0 0.37109375 0.75703125 0.025 0.0375
0 0.37890625 0.80625 0.0265625 0.0453125
0 0.38515625 0.8546875 0.028125 0.0421875
0 0.39296875 0.90703125 0.025 0.0421875
0 0.31484375 0.1265625 0.0265625 0.04375
0 0.3234375 0.178125 0.028125 0.0421875
0 0.33125 0.22890625 0.025 0.040625
0 0.33984375 0.28203125 0.0265625 0.0421875
0 0.34609375 0.3296875 0.028125 0.0421875
0 0.353125 0.38046875 0.025 0.040625
0 0.36171875 0.43046875 0.025 0.040625
0 0.36796875 0.47890625 0.0265625 0.0390625
0 0.37890625 0.5453125 0.025 0.040625
0 0.3859375 0.59453125 0.025 0.0359375
0 0.39296875 0.6421875 0.025 0.0359375
0 0.4 0.69140625 0.0265625 0.0421875
0 0.40703125 0.73828125 0.025 0.0375
0 0.41484375 0.78828125 0.025 0.0375
0 0.421875 0.8359375 0.0265625 0.04375
0 0.428125 0.884375 0.025 0.0375
0 0.3359375 0.07265625 0.025 0.040625
0 0.34375 0.12265625 0.028125 0.04375
0 0.35078125 0.1734375 0.025 0.040625
0 0.36015625 0.22421875 0.025 0.0375
0 0.3671875 0.275 0.0234375 0.0390625
0 0.3734375 0.3234375 0.025 0.0375
0 0.38125 0.3734375 0.025 0.040625
0 0.3875 0.421875 0.025 0.0375
0 0.3953125 0.4703125 0.0234375 0.0359375
0 0.36328125 0.06875 0.025 0.0390625
0 0.3703125 0.11953125 0.025 0.040625
0 0.37734375 0.16953125 0.025 0.0375
0 0.38515625 0.21796875 0.025 0.0375
0 0.39140625 0.26875 0.0234375 0.0359375
0 0.4 0.31796875 0.025 0.0375
0 0.40625 0.365625 0.025 0.0390625
0 0.41484375 0.4140625 0.025 0.034375
0 0.4203125 0.4609375 0.0234375 0.0359375
0 0.38984375 0.06484375 0.025 0.040625
0 0.396875 0.1171875 0.0234375 0.0390625
0 0.40546875 0.16640625 0.025 0.040625
0 0.41171875 0.2140625 0.0234375 0.0375
0 0.41796875 0.2625 0.0234375 0.0359375
0 0.42421875 0.3109375 0.0234375 0.0359375
0 0.43125 0.35859375 0.025 0.040625
0 0.4390625 0.40703125 0.025 0.0375
0 0.4453125 0.453125 0.025 0.040625
0 0.41484375 0.0625 0.025 0.040625
0 0.42109375 0.11171875 0.021875 0.0359375
0 0.42890625 0.1609375 0.025 0.0375
0 0.4359375 0.209375 0.0234375 0.0390625
0 0.44296875 0.25703125 0.0234375 0.0375
0 0.45078125 0.30390625 0.025 0.0421875
0 0.45625 0.3515625 0.025 0.0375
0 0.4625 0.39921875 0.025 0.0375
0 0.46953125 0.4453125 0.025 0.0375
0 0.44765625 0.06015625 0.021875 0.0359375
0 0.45703125 0.1078125 0.025 0.040625
0 0.4625 0.1546875 0.025 0.040625
0 0.4703125 0.203125 0.025 0.0390625
0 0.47578125 0.25 0.025 0.0390625
0 0.48203125 0.296875 0.025 0.0375
0 0.4890625 0.3421875 0.0234375 0.0359375
0 0.49609375 0.3890625 0.0234375 0.0359375
0 0.5015625 0.43359375 0.0234375 0.0359375
0 0.47265625 0.05546875 0.0234375 0.0359375
0 0.4796875 0.10234375 0.021875 0.034375
0 0.4859375 0.15 0.0234375 0.0359375
0 0.4921875 0.196875 0.021875 0.0359375
0 0.5 0.24453125 0.0234375 0.0359375
0 0.50625 0.290625 0.025 0.04375
0 0.51171875 0.3359375 0.021875 0.0390625
0 0.51875 0.38203125 0.021875 0.0359375
0 0.525 0.42734375 0.021875 0.0359375
0 0.49609375 0.053125 0.0234375 0.0359375
0 0.50234375 0.09765625 0.021875 0.0359375
0 0.50859375 0.1453125 0.021875 0.0328125
0 0.515625 0.1921875 0.021875 0.0328125
0 0.52109375 0.23828125 0.021875 0.0328125
0 0.528125 0.284375 0.021875 0.0328125
0 0.534375 0.32890625 0.025 0.0359375
0 0.540625 0.37578125 0.021875 0.0359375
0 0.54609375 0.41953125 0.0234375 0.034375
0 0.525 0.09609375 0.0234375 0.0359375
0 0.53125 0.14140625 0.021875 0.0359375
0 0.40546875 0.5359375 0.025 0.0375
0 0.41328125 0.5828125 0.025 0.0375
0 0.41796875 0.63125 0.0234375 0.034375
0 0.42578125 0.6796875 0.0234375 0.034375
0 0.4328125 0.7265625 0.025 0.034375
0 0.43984375 0.775 0.025 0.0375
0 0.44609375 0.82265625 0.0234375 0.0359375
0 0.43125 0.5265625 0.021875 0.0359375
0 0.4375 0.57421875 0.021875 0.0328125
0 0.44375 0.61953125 0.021875 0.0359375
0 0.45078125 0.66953125 0.0234375 0.0359375
0 0.4546875 0.5171875 0.0234375 0.034375
0 0.4609375 0.5640625 0.021875 0.0328125
0 0.46875 0.61171875 0.021875 0.0359375
0 0.475 0.6578125 0.0234375 0.0359375
0 0.4578125 0.71484375 0.021875 0.034375
0 0.4640625 0.76171875 0.021875 0.0359375
0 0.4703125 0.8078125 0.021875 0.0359375
0 0.47890625 0.50859375 0.021875 0.0359375
0 0.48515625 0.55546875 0.021875 0.034375
0 0.49140625 0.60078125 0.021875 0.0328125
0 0.4984375 0.64609375 0.021875 0.0328125
0 0.5046875 0.6921875 0.0234375 0.0359375
0 0.48125 0.703125 0.021875 0.0359375
0 0.48828125 0.75 0.021875 0.0359375
0 0.4953125 0.79609375 0.025 0.0375
0 0.5109375 0.73828125 0.021875 0.0359375
0 0.565625 0.71328125 0.021875 0.0375
0 0.5015625 0.84296875 0.021875 0.0359375
0 0.45390625 0.8703125 0.021875 0.0359375
0 0.459375 0.91875 0.021875 0.034375
0 0.484375 0.903125 0.0234375 0.0375
0 0.478125 0.85546875 0.0234375 0.034375
0 0.5078125 0.8890625 0.021875 0.0359375
0 0.5296875 0.87578125 0.021875 0.0328125
0 0.52421875 0.82890625 0.021875 0.034375
0 0.5609375 0.85625 0.021875 0.034375
0 0.584375 0.84453125 0.021875 0.0328125
0 0.55546875 0.8125 0.021875 0.0359375
0 0.54921875 0.7671875 0.021875 0.034375
0 0.54296875 0.72109375 0.0234375 0.0359375
0 0.53671875 0.678125 0.021875 0.034375
0 0.53046875 0.63203125 0.0234375 0.034375
0 0.5234375 0.58828125 0.021875 0.0328125
0 0.5171875 0.54296875 0.021875 0.0328125
0 0.51015625 0.496875 0.021875 0.034375
0 0.534375 0.4875 0.021875 0.034375
0 0.5390625 0.5328125 0.021875 0.034375
0 0.5453125 0.57734375 0.021875 0.0328125
0 0.55078125 0.62265625 0.021875 0.0328125
0 0.5578125 0.665625 0.021875 0.0359375
0 0.51796875 0.784375 0.021875 0.0359375
0 0.57109375 0.75625 0.021875 0.0359375
0 0.57734375 0.80078125 0.021875 0.0359375
0 0.55546875 0.4796875 0.021875 0.0359375
0 0.5609375 0.525 0.021875 0.0328125
0 0.5671875 0.56953125 0.021875 0.0328125
0 0.5734375 0.6125 0.021875 0.0328125
0 0.58046875 0.65859375 0.021875 0.0359375
0 0.5859375 0.69921875 0.021875 0.0328125
0 0.5921875 0.74453125 0.021875 0.0328125
0 0.59921875 0.78828125 0.021875 0.0328125
0 0.6046875 0.83203125 0.021875 0.0328125
0 0.61953125 0.77734375 0.021875 0.0328125
0 0.6140625 0.734375 0.021875 0.034375
0 0.6078125 0.690625 0.021875 0.034375
0 0.60078125 0.646875 0.021875 0.0328125
0 0.59453125 0.603125 0.021875 0.0328125
0 0.5890625 0.56015625 0.021875 0.0328125
0 0.5828125 0.51640625 0.021875 0.0328125
0 0.5765625 0.471875 0.021875 0.0328125
0 0.640625 0.71953125 0.01875 0.0328125
0 0.6359375 0.67578125 0.021875 0.0328125
0 0.6296875 0.634375 0.021875 0.03125
0 0.65546875 0.66640625 0.021875 0.03125
0 0.6484375 0.62421875 0.021875 0.0328125
0 0.6234375 0.59140625 0.0203125 0.03125
0 0.6171875 0.54765625 0.021875 0.03125
0 0.6109375 0.5046875 0.021875 0.0328125
0 0.60546875 0.4625 0.021875 0.0328125
0 0.625 0.453125 0.0203125 0.0328125
0 0.63203125 0.496875 0.0203125 0.03125
0 0.6375 0.53984375 0.0203125 0.0328125
0 0.64296875 0.58203125 0.021875 0.0328125
0 0.66328125 0.5734375 0.021875 0.03125
0 0.66796875 0.6140625 0.021875 0.0328125
0 0.6515625 0.48828125 0.0203125 0.03125
0 0.6578125 0.5328125 0.0203125 0.0328125
0 0.67265625 0.4828125 0.021875 0.03125
0 0.64609375 0.446875 0.021875 0.03125
0 0.66640625 0.43984375 0.021875 0.0359375
0 0.53828125 0.1890625 0.021875 0.0359375
0 0.54453125 0.23359375 0.021875 0.0328125
0 0.55 0.278125 0.021875 0.0328125
0 0.55625 0.32421875 0.021875 0.0328125
0 0.5625 0.36875 0.021875 0.03125
0 0.56796875 0.41171875 0.021875 0.0328125
0 0.56171875 0.13671875 0.021875 0.034375
0 0.5671875 0.18203125 0.021875 0.0359375
0 0.57421875 0.22734375 0.021875 0.0359375
0 0.5796875 0.27109375 0.021875 0.0359375
0 0.58515625 0.31484375 0.021875 0.0328125
0 0.590625 0.359375 0.021875 0.0359375
0 0.59765625 0.40390625 0.021875 0.034375
0 0.61796875 0.39609375 0.01875 0.0296875
0 0.63828125 0.3890625 0.021875 0.0328125
0 0.6578125 0.38203125 0.021875 0.0328125
0 0.653125 0.340625 0.021875 0.0328125
0 0.63359375 0.34765625 0.021875 0.0359375
0 0.6109375 0.353125 0.021875 0.0359375
0 0.60625 0.309375 0.021875 0.034375
0 0.62734375 0.30390625 0.021875 0.0328125
0 0.6015625 0.2671875 0.021875 0.0359375
0 0.59453125 0.22265625 0.021875 0.0359375
0 0.58984375 0.178125 0.021875 0.0359375
0 0.615625 0.21640625 0.021875 0.034375
0 0.62109375 0.2609375 0.021875 0.0359375