0 0.49375 0.56796875 0.0390625 0.028125
0 0.5546875 0.56875 0.0421875 0.0328125
0 0.43203125 0.56953125 0.0421875 0.0328125
0 0.6171875 0.56875 0.04375 0.034375
0 0.55625 0.621875 0.040625 0.03125
0 0.37265625 0.57109375 0.0421875 0.0328125
0 0.43359375 0.6234375 0.040625 0.0328125
0 0.4625 0.50625 0.0421875 0.0328125
0 0.584375 0.50546875 0.0421875 0.0328125
0 0.4015625 0.50625 0.0421875 0.0328125
0 0.61796875 0.62265625 0.0421875 0.0328125
0 0.52578125 0.68671875 0.0421875 0.034375
0 0.3734375 0.6234375 0.0390625 0.03125
0 0.4640625 0.6859375 0.0421875 0.0328125
0 0.49375 0.6234375 0.040625 0.0328125
0 0.5875 0.6859375 0.0421875 0.0328125
0 0.52265625 0.5046875 0.0421875 0.03125
0 0.40390625 0.68671875 0.040625 0.0328125
0 0.6796875 0.56796875 0.0453125 0.0359375
0 0.3125 0.57109375 0.04375 0.034375
0 0.646875 0.5046875 0.0421875 0.0328125
0 0.340625 0.50703125 0.0421875 0.03125
0 0.3125 0.6234375 0.0421875 0.0328125
0 0.68125 0.621875 0.0421875 0.0328125
0 0.43125 0.46640625 0.0421875 0.0328125
0 0.55390625 0.46484375 0.04375 0.0328125
0 0.65078125 0.68671875 0.0421875 0.0328125
0 0.5578125 0.72734375 0.0421875 0.0328125
0 0.3421875 0.6859375 0.040625 0.0328125
0 0.43359375 0.7265625 0.040625 0.0328125
0 0.4921875 0.4421875 0.04375 0.0328125
0 0.4953125 0.753125 0.0421875 0.03125