0 0.34098370058882177 0.5754601048952149 0.06515338001272664 0.09412270472226432
0 0.36789219326863937 0.4787350958200286 0.06515338001272664 0.09412270472226432
0 0.3971535266152296 0.3812424722834618 0.06511701734563582 0.09099770472226432
0 0.4261774079408209 0.4384464391059745 0.06511701734563573 0.09099770472226432
0 0.4001047092616396 0.5304884933607006 0.061955654678545004 0.0878545240041051
0 0.3701166699156857 0.6232890717177277 0.06675224267981764 0.09725679508134384
0 0.4538307879535476 0.344850975210328 0.06515338001272664 0.09412270472226432
0 0.42844733792173084 0.5790941650036736 0.06359088001272681 0.0941136143631848
0 0.40241100190964046 0.6680112192583996 0.061955654678545004 0.0878545240041051
0 0.45450185526736675 0.4886146107489474 0.061955654678545004 0.0878545240041051
0 0.5357904073042741 0.21719412870292834 0.06675224267981754 0.09725679508134402
0 0.37401273456400475 0.7584771379745063 0.06199201734563573 0.09097952400410492
0 0.4838551899665925 0.2489253968533009 0.06199201734563573 0.0909795240041051
0 0.5861631246419556 0.18545377019347606 0.06199201734563573 0.0909795240041051
0 0.481319441279457 0.3997021016737611 0.06355451734563573 0.0909886143631847
0 0.5325097712842295 0.3648412883438487 0.061955654678545004 0.0878545240041051
0 0.6357273199793191 0.15605261650448404 0.061955654678545004 0.0878545240041051
0 0.5065007072724572 0.45141459259857475 0.060393154678545 0.0878454336450254
0 0.5057274532543218 0.5850128877781147 0.05723179201145392 0.08470225292686617
0 0.5293654952657759 0.500769697984769 0.05723179201145392 0.08470225292686635
0 0.6153608233211368 0.09342989665690919 0.061955654678545004 0.0878545240041051
0 0.5642341279837735 0.12282195998682162 0.06675224267981754 0.09725679508134392
0 0.3440621525700499 0.7137686259724537 0.06355451734563573 0.0909886143631848
0 0.6041665952816843 0.3840094448615111 0.05723179201145392 0.08470225292686617
0 0.5797654846037756 0.46668558947531685 0.05723179201145392 0.08470225292686617
0 0.6805949246499099 0.12740544173825313 0.058830654678545 0.08783634328594588
0 0.37565595588005096 0.8858390686926656 0.06035679201145401 0.08472043364502539
0 0.3464138985519144 0.8473851018701527 0.061955654678544914 0.08785452400410491
0 0.7246721886537278 0.09953497179248243 0.055669292011453916 0.08469316256778661
0 0.40571562587527843 0.9211725806947182 0.05719542934436319 0.08157725292686635
0 0.6594017246578641 0.06868442671113847 0.06199201734563573 0.0909795240041051
0 0.6886388559039135 0.7118668001495095 0.03819089067472685 0.05959316861791084
0 0.5097086179583201 0.31001743295765444 0.061955654678545004 0.0878545240041051
0 0.5601267886298654 0.2743708244482022 0.05719542934436319 0.08157725292686627
0 0.5836910106222293 0.3307617250139363 0.05247156667727211 0.07842498184962743
0 0.6104904153007743 0.24341171593874994 0.054034066677272105 0.07843407220870695
0 0.4820541432606852 0.5379969872123805 0.05719542934436319 0.08157725292686635
0 0.45523655724859485 0.6269094962875668 0.05719542934436319 0.08157725292686635
0 0.4284462432368226 0.7134782553627531 0.05410679201145392 0.08468407220870695
0 0.4024371792250504 0.8000515596174793 0.05723179201145392 0.08470225292686635
0 0.42931730521964157 0.8400543909013727 0.05087270401018138 0.07529089149054755
0 0.45453602856464104 0.7542577914671067 0.05410679201145392 0.08468407220870695
0 0.48053600190964046 0.6684657372123806 0.05563292934436319 0.08156816256778665
0 0.45389004388132365 0.8769185866466465 0.049292022676635835 0.07371930113146803
0 0.47907240455923217 0.7942469872123805 0.049292022676635835 0.07371930113146803
0 0.5042547652371407 0.7115753877781146 0.049292022676635835 0.07371930113146821
0 0.5264383005649592 0.752332197984769 0.05090906667727228 0.07841589149054791
0 0.5516115705760951 0.6704418485505031 0.05090906667727211 0.07841589149054773
0 0.5569097872772298 0.4165492340891226 0.05090906667727211 0.07841589149054773
0 0.6247149052753208 0.43100716470908595 0.05090906667727228 0.07841589149054773
0 0.6011223165977304 0.5113441045024315 0.05090906667727211 0.07841589149054773
0 0.57440472792014 0.5916628635776178 0.05090906667727211 0.07841589149054773
0 0.527075194581504 0.6304526528052292 0.05090906667727228 0.07841589149054773
0 0.5546013052594125 0.5477946889095827 0.054070429344363194 0.08155907220870695
0 0.7181280032622761 0.5276508814334028 0.03975339067472703 0.05960225897699054
0 0.6802371045910489 0.561026462815492 0.0429329346753633 0.06430793969514959
0 0.7392677539385938 0.45667530610143786 0.03815452800763595 0.05646816861791084
0 0.6847347952737299 0.44307589353365123 0.0460579346753633 0.06432612041330898
0 0.6301665686266837 0.298217390606785 0.05087270401018138 0.07529089149054773
0 0.6561574513049104 0.21320658635205886 0.049292022676635835 0.07371930113146812
0 0.7002438059755012 0.18455486640628818 0.05087270401018138 0.07529089149054777
0 0.6742983766311379 0.2656594206610143 0.04609429734245403 0.06745112041330889
0 0.6483256752864567 0.3491077249157404 0.049292022676635835 0.07371930113146821
0 0.5020644618873689 0.8326645925985747 0.049292022676635835 0.07371930113146803
0 0.4777269858768693 0.9098719872123805 0.04296929734245421 0.06743293969514959
0 0.524320722549369 0.8671714028052293 0.04296929734245421 0.06743293969514959
0 0.5466042552116874 0.8993344630118838 0.0429329346753633 0.06430793969514959
0 0.586920719883869 0.858941267168414 0.0413704346753633 0.06429884933607007
0 0.6287996845560505 0.8185571616840239 0.03815452800763595 0.056468168617910666
0 0.6507388665659137 0.7460236315315987 0.038172709341181485 0.05803066861791084
0 0.7113683785805495 0.6385565651766242 0.03657384667409058 0.05489657825883114
0 0.6734592985757769 0.6734946465587133 0.038172709341181485 0.05803066861791084
0 0.6953893899188673 0.6017423664062882 0.04129770934118149 0.05804884933607006
0 0.6559359912476402 0.6351088574292977 0.0429329346753633 0.06430793969514959
0 0.633969537237459 0.7099861375817229 0.0429329346753633 0.06430793969514959
0 0.6112218332272776 0.7848588725546083 0.041334072008272396 0.06117384933607006
0 0.570124118555096 0.8252475232185382 0.04456816000954511 0.07056703005422946
0 0.5494667205601867 0.7876248033709633 0.04769316000954511 0.07058521077238851
0 0.5722144245703681 0.712752068398078 0.04772952267663584 0.07371021077238851
0 0.5920905725652774 0.750370243066113 0.04609429734245403 0.06745112041330899
0 0.6156377079090042 0.6739395532727676 0.04609429734245403 0.06745112041330899
0 0.638403593252731 0.597504318299882 0.0444954346753633 0.06431703005422928
0 0.5958070132479584 0.6324151286047324 0.04769316000954511 0.07058521077238851
0 0.6201535799252307 0.5544264839909268 0.04769316000954511 0.07058521077238851
0 0.6611785692632305 0.5202878333269968 0.04609429734245403 0.06745112041330899
0 0.7021853772676849 0.48771168266306686 0.042914753341817755 0.06274543969514959
0 0.6429103746021848 0.4787724990180413 0.049292022676635835 0.07371930113146803
0 0.6665120539465479 0.3976543092246958 0.049292022676635835 0.07371930113146821
0 0.6916398706238202 0.3196702097904299 0.049292022676635835 0.07371930113146821
0 0.7176034813017287 0.23700315553570378 0.04772952267663584 0.07371021077238851
0 0.7419682293125464 0.15745201092189803 0.04769316000954511 0.07058521077238851
0 0.7821210619828189 0.13112131507842828 0.04609429734245403 0.06745112041330889
0 0.7577563139720013 0.21067245969223403 0.04296929734245403 0.06743293969514967
0 0.796373918642592 0.18198892348968468 0.04296929734245403 0.06743293969514967
0 0.8098455253023651 0.23285198672140123 0.04296929734245403 0.06743293969514967
0 0.772799511298547 0.2607633632830302 0.04296929734245403 0.06743293969514977
0 0.7484438539545021 0.3395332578968359 0.04456816000954511 0.07056703005422929
0 0.7090722712842294 0.36586849891984546 0.04616702267663584 0.07370112041330898
0 0.7334188379615018 0.28787985430603974 0.04769316000954511 0.07058521077238851
0 0.7257234219446389 0.41206224286972126 0.04296929734245403 0.06743293969514977
0 0.7863165712921838 0.30772017651474676 0.039771572008272214 0.06116475897699045
0 0.7627967079487752 0.3818071163080923 0.038172709341181485 0.05803066861791084
0 0.7990705626193657 0.3531099445669235 0.03661020934118149 0.05802157825883123
0 0.7771313806095026 0.4256434747193486 0.03819089067472685 0.05959316861791084