0 0.4484375 0.7015625 0.0453125 0.0359375
0 0.475 0.6515625 0.0421875 0.0359375
0 0.5359375 0.6453125 0.0421875 0.0359375
0 0.415625 0.65859375 0.046875 0.0390625
0 0.50078125 0.60234375 0.04375 0.034375
0 0.353125 0.66484375 0.0484375 0.0390625
0 0.3828125 0.6140625 0.0453125 0.0359375
0 0.44296875 0.6078125 0.0453125 0.0359375
0 0.559375 0.59609375 0.0453125 0.0359375
0 0.43984375 0.56328125 0.0421875 0.034375
0 0.38125 0.56875 0.04375 0.034375
0 0.521875 0.51328125 0.040625 0.0328125
0 0.3234375 0.61953125 0.046875 0.0375
0 0.465625 0.51796875 0.040625 0.0328125
0 0.49765625 0.559375 0.04375 0.034375
0 0.32265625 0.5734375 0.04375 0.034375
0 0.40859375 0.5234375 0.040625 0.0328125
0 0.35078125 0.52890625 0.0421875 0.0328125
0 0.55625 0.55234375 0.0421875 0.0328125
0 0.434375 0.48046875 0.040625 0.03125