0 0.7929215545470202 0.5335588084581386 0.02452877404661713 0.031386355386194255
0 0.7506745455613455 0.4236707240509873 0.02452877404661713 0.031386355386194255
0 0.7760713604448026 0.5016320975875541 0.02452877404661713 0.031386355386194255
0 0.7643774030957413 0.5680928897420319 0.02452877404661713 0.031386355386194255
0 0.8023486290491242 0.5991156307650415 0.02452877404661713 0.031386355386194255
0 0.830166094202734 0.563023594660688 0.02452877404661713 0.031386355386194255
0 0.7632043166127378 0.3556428867169698 0.0261458377489479 0.032957945745273956
0 0.7521601784083028 0.29165765476914657 0.02625496515360961 0.03608294574527386
0 0.7329389193378102 0.5065695824622437 0.02452877404661713 0.031386355386194255
0 0.709104604454353 0.42859911856659727 0.02625496515360979 0.03608294574527378
0 0.7800545107149552 0.38756959758755416 0.02452877404661713 0.031386355386194255
0 0.7902628352170593 0.45312187471491727 0.02452877404661713 0.031386355386194255
0 0.5109126411148418 0.42272234416970866 0.021349210344286364 0.02980567466803503
0 0.8612673051799924 0.41052985373587425 0.02625496515360979 0.03608294574527395
0 0.8579835593563436 0.5269315585563344 0.02937996515360979 0.03610112646343318
0 0.873271253458561 0.5588673597859984 0.02625496515360979 0.03608294574527395
0 0.8842062642583344 0.6259775917338217 0.027981156260602092 0.040779536104353475
0 0.8571973309558899 0.6612838326586354 0.027926592558271325 0.039217036104353474
0 0.845426506453786 0.595740645890352 0.027981156260602092 0.040779536104353656
0 0.8623585461094997 0.6253236067609363 0.027981156260602092 0.040779536104353475
0 0.8791814583605518 0.6580315676315207 0.027926592558271325 0.039217036104353654
0 0.8505604397562301 0.560561669992653 0.027926592558271325 0.039217036104353474
0 0.8674106338584476 0.5924883808632373 0.027981156260602092 0.040779536104353475
0 0.8129786273198437 0.3170798355855017 0.02625496515360979 0.03608294574527386
0 0.8334275365756708 0.31305541091746664 0.02625496515360979 0.03608294574527386
0 0.8298561032732266 0.348225296456086 0.02625496515360979 0.03608294574527386
0 0.8231596699707822 0.3834133627128647 0.02625496515360979 0.03608294574527386
0 0.8173263322218343 0.41625313379010354 0.02625496515360979 0.03608294574527395
0 0.8443898292266094 0.37938439286528985 0.02625496515360979 0.03608294574527395
0 0.8392831777753307 0.4137821187629889 0.02625496515360979 0.03608294574527395
0 0.8333679944728865 0.44896563984022786 0.02625496515360979 0.03608294574527378
0 0.8403793971052916 0.49422814286528993 0.02937996515360979 0.03610112646343318
0 0.8360267138028472 0.5294025735834491 0.02937996515360979 0.03610112646343318
0 0.8792137186121707 0.5229025887087596 0.02625496515360979 0.03608294574527378
0 0.8132886182493511 0.5318781337901035 0.027817465153609788 0.03609203610435348
0 0.798028205998299 0.4991610825604395 0.02625496515360979 0.03608294574527378
0 0.795369486668338 0.4187241488172182 0.02452877404661713 0.031386355386194255
0 0.8012301062684515 0.38510312773997935 0.027817465153609788 0.03609203610435348
0 0.8078992577197303 0.3506963114832007 0.0261458377489479 0.032957945745273866
0 0.7741666092636763 0.4219718686647931 0.02452877404661713 0.031386355386194255
0 0.7675247396635629 0.4555974349215717 0.02452877404661713 0.031386355386194255
0 0.8181398424734534 0.28111960968780264 0.02937996515360979 0.03610112646343318
0 0.7969096832176262 0.2851485795353774 0.02625496515360979 0.03608294574527395
0 0.7918303136175128 0.3187650554330765 0.02625496515360979 0.03608294574527386
0 0.785942412166234 0.35316732651031535 0.02625496515360979 0.03608294574527395
0 0.7690376543616857 0.32280311563973096 0.02625496515360961 0.03608294574527386
0 0.774117023961799 0.2891866397420319 0.02452877404661713 0.031386355386194255
0 0.7807588935619125 0.25556107348525325 0.02452877404661713 0.031386355386194255
0 0.7874553268643567 0.22037300722847458 0.02452877404661713 0.031386355386194255
0 0.7705778509109739 0.18922754635789021 0.02452877404661713 0.031386355386194255
0 0.7638814176085297 0.22441561261466886 0.02452877404661713 0.031386355386194255
0 0.7595560161572508 0.2588087933328281 0.02452877404661713 0.031386355386194255
0 0.7478620588081895 0.3252695854873058 0.02452877404661713 0.031386355386194255
0 0.7419741573569106 0.3596718565645446 0.02452877404661713 0.031386355386194255
0 0.7573436970126244 0.38926390779420866 0.02296627404661713 0.03137726502711473
0 0.7360862559056318 0.3940741276417835 0.02452877404661713 0.031386355386194255
0 0.7294716681566837 0.4269184438985622 0.02296627404661713 0.03137726502711473
0 0.7251735485565705 0.4605303746167214 0.02296627404661713 0.03137726502711473
0 0.6892286471901097 0.1701735402095701 0.02625496515360979 0.03608294574527386
0 0.701703854539171 0.1037082028755526 0.02625496515360979 0.03608294574527386
0 0.6797197271345092 0.10696046790266725 0.02625496515360979 0.03608294574527386
0 0.6950347030878922 0.13811501913233126 0.02625496515360979 0.03608294574527386
0 0.7127479927436058 0.16769343482337584 0.02625496515360979 0.03608294574527386
0 0.7053521549946579 0.20054229625969433 0.02625496515360961 0.03608294574527386
0 0.7215029446503717 0.23012980230981853 0.02625496515360979 0.03608294574527386
0 0.7273362823993196 0.19729003123257968 0.02625496515360961 0.03608294574527386
0 0.7162921441948846 0.13330479928475641 0.02625496515360979 0.03608294574527386
0 0.7221800456461634 0.09890252820751758 0.02625496515360979 0.03608294574527386
0 0.7324429338505984 0.1628923053348806 0.02625496515360979 0.03608294574527386
0 0.7375495853018773 0.1284945794371816 0.02625496515360979 0.03608294574527386
0 0.7309300191524757 0.2956866246167214 0.02625496515360979 0.03608294574527386
0 0.7368724843060853 0.2597218535394825 0.02625496515360979 0.03608294574527395
0 0.7418972902038679 0.22766787764178348 0.02625496515360979 0.03608294574527386
0 0.7493204098039813 0.19403776620546503 0.02625496515360961 0.03608294574527391
0 0.7536458112552602 0.15964458548730578 0.02625496515360979 0.03608294574527386
0 0.6870931951985259 0.4326326335937118 0.02452877404661713 0.031386355386194255
0 0.7040252348542395 0.4622155944642962 0.02452877404661713 0.031386355386194255
0 0.6358283394782285 0.24546897687965769 0.02452877404661713 0.031386355386194255
0 0.6519791291339423 0.2750564829297819 0.02452877404661713 0.031386355386194255
0 0.6578943124363865 0.23987296185254303 0.02452877404661713 0.031386355386194255
0 0.6680753550873251 0.3062064889799061 0.02452877404661713 0.031386355386194255
0 0.6731547246874385 0.2725900130822071 0.02452877404661713 0.031386355386194255
0 0.6628918364830036 0.208600235954844 0.02452877404661713 0.031386355386194255
0 0.709727141747814 0.29893434446429623 0.02452877404661713 0.031386355386194255
0 0.7148337931990928 0.26453661856659716 0.02452877404661713 0.031386355386194255
0 0.6483581105296208 0.17744113954564017 0.02452877404661713 0.031386355386194255
0 0.6994915353945446 0.23416331733693316 0.02452877404661713 0.031386355386194255
0 0.6841492775899962 0.20379001610726916 0.02452877404661713 0.031386355386194255
0 0.6679439242319516 0.17576501005714495 0.02452877404661713 0.031386355386194255
0 0.632988570873907 0.14784908831597615 0.02452877404661713 0.031386355386194255
0 0.6380679404740204 0.11423261241827712 0.02452877404661713 0.031386355386194255
0 0.6534101982785687 0.14460591364794112 0.02452877404661713 0.031386355386194255
0 0.6584895678786821 0.11098943775024209 0.02452877404661713 0.031386355386194255
0 0.673804543832065 0.1421439889799061 0.02452877404661713 0.031386355386194255
0 0.6798238761387173 0.23818319682542838 0.02625496515360979 0.03608294574527386
0 0.6900594824919868 0.3029542239527915 0.02452877404661713 0.031386355386194255
0 0.6921725647986392 0.39901615769601284 0.02452877404661713 0.031386355386194255
0 0.6826636447430389 0.33580308538910997 0.02452877404661713 0.031386355386194255
0 0.6988144343987526 0.36539059143923414 0.02452877404661713 0.031386355386194255
0 0.704675053998866 0.3317695703619953 0.02452877404661713 0.031386355386194255
0 0.7141294103521355 0.3965451426688982 0.02452877404661713 0.031386355386194255
0 0.7200445936545797 0.3613616215916593 0.02452877404661713 0.031386355386194255
0 0.7266046177011969 0.3300798053348806 0.02452877404661713 0.031386355386194255
0 0.6944121657944311 0.2677797932346322 0.02452877404661713 0.031386355386194255
0 0.6432514590783419 0.21183886544333924 0.02452877404661713 0.031386355386194255
0 0.6271279512737935 0.181470109393215 0.02452877404661713 0.031386355386194255
0 0.6236482540915332 0.43768829313643637 0.02296627404661713 0.03137726502711473
0 0.6002777306778884 0.34643657924078985 0.02296627404661713 0.03137726502711473
0 0.5899602787711224 0.2840093021134268 0.02296627404661713 0.031377265027114645
0 0.5796155450131913 0.22236327498606373 0.02296627404661713 0.031377265027114645
0 0.595766334668905 0.25195078103618795 0.02296627404661713 0.031377265027114645
0 0.6302628418404812 0.4048439768796577 0.02296627404661713 0.03137726502711473
0 0.6463045040915333 0.4375564829297819 0.02296627404661713 0.03137726502711473
0 0.6148387384824365 0.3768144256499937 0.02296627404661713 0.031377265027114645
0 0.6053025365756708 0.3143826033430908 0.02296627404661713 0.031377265027114645
0 0.6214533262313846 0.343970109393215 0.02296627404661713 0.031377265027114645
0 0.6360143340359329 0.37434795580241886 0.02296627404661713 0.031377265027114645
0 0.6513565918404811 0.4047212570320829 0.02296627404661713 0.03137726502711473
0 0.6265872595338289 0.30879113349551596 0.02296627404661713 0.031377265027114645
0 0.6111904380269497 0.27998033226585195 0.02296627404661713 0.031377265027114645
0 0.6016269542690185 0.2183297599589491 0.02296627404661713 0.031377265027114645
0 0.6162425257758977 0.2471451063681529 0.02296627404661713 0.031377265027114645
0 0.6307762517292805 0.27830420277735674 0.02296627404661713 0.031377265027114645
0 0.6410391399337154 0.34229397990471977 0.02296627404661713 0.03137726502711473
0 0.6579438977382638 0.3726581907753042 0.02296627404661713 0.031377265027114645
0 0.6624280118960815 0.46792523897990607 0.02296627404661713 0.03137726502711473
0 0.6666715677938642 0.4358758082617468 0.02296627404661713 0.03137726502711473
0 0.6717782192451429 0.40147808236404786 0.02296627404661713 0.03137726502711473
0 0.6622147354872118 0.33982751005714495 0.02296627404661713 0.031377265027114645
0 0.6776115569940908 0.36863831128680896 0.02296627404661713 0.031377265027114645
0 0.6468997595338288 0.3086729588274809 0.02296627404661713 0.031377265027114645
0 0.6067063238691318 0.18471328406125004 0.02296627404661713 0.031377265027114645
0 0.6220485816736802 0.21508658529091407 0.02296627404661713 0.031377265027114645
0 0.5753719891154088 0.254412705704223 0.02296627404661713 0.031377265027114645
0 0.5997370389379235 0.47375760334309086 0.02296627404661713 0.03137726502711473
0 0.5748585792266094 0.3809524798065239 0.02296627404661713 0.031377265027114645
0 0.589365023328827 0.41289282621572776 0.02296627404661713 0.03137726502711473
0 0.6404711663425853 0.4703962540070208 0.02296627404661713 0.03137726502711473
0 0.6055430948357061 0.4416990822658519 0.02296627404661713 0.03137726502711473
0 0.5687574013664608 0.28725702196100167 0.02296627404661713 0.031377265027114645
0 0.5556497661572508 0.2599950851927182 0.02296627404661713 0.031377265027114645
0 0.5653223773198437 0.31852065749962105 0.02296627404661713 0.031377265027114645
0 0.580664635124392 0.3488939587292851 0.02296627404661713 0.031377265027114645
0 0.595143797375444 0.3816155551384889 0.02296627404661713 0.031377265027114645
0 0.609032682584654 0.40887294672723246 0.02296627404661713 0.03137726502711473
0 0.5848809091710091 0.31762577801112585 0.02296627404661713 0.031377265027114645
0 0.5591939176085297 0.22560644965409876 0.02296627404661713 0.031377265027114645
0 0.5601884440173994 0.3536996333973201 0.021294646641955416 0.028243174668035033
0 0.5551636381196168 0.3857536092950192 0.021240082939624472 0.02668067466803503
0 0.5801239433844273 0.47621498283158603 0.021240082939624472 0.02668067466803503
0 0.5858754355798789 0.4457189617543472 0.021349210344286364 0.02980567466803503
0 0.5697246459241653 0.416131455704223 0.021349210344286364 0.02980567466803503
0 0.5647271218775481 0.44740418160192197 0.021240082939624472 0.02668067466803503
0 0.5501388322218344 0.41780758519271827 0.02296627404661713 0.03137726502711473
0 0.5355505425661206 0.3882109887835144 0.02452877404661713 0.031386355386194255
0 0.5405753484639032 0.3561570128858153 0.02296627404661713 0.031377265027114645
0 0.5464086862128511 0.32331724180857646 0.02291171034428636 0.029814765027114644
0 0.5506522421106336 0.2912678110904173 0.024474210344286363 0.029823855386194253
0 0.5410887583527024 0.2296172387835144 0.02296627404661713 0.031377265027114645
0 0.5360366706037546 0.2624524646812134 0.021349210344286364 0.02980567466803503
0 0.5317658328548065 0.2952831453993726 0.02296627404661713 0.031377265027114645
0 0.5259870588081894 0.3265604164766115 0.021294646641955416 0.028243174668035033
0 0.5459225581752172 0.4490757659108774 0.021349210344286364 0.02980567466803503
0 0.5297717685195036 0.4194882598607532 0.02285714664195524 0.028252265027114733
0 0.5408704704262692 0.4819109918085765 0.024474210344286363 0.029823855386194253
0 0.525528212621721 0.45153769057891247 0.021349210344286364 0.02980567466803503
0 0.5205034067239384 0.4835916664766115 0.02291171034428636 0.02981476502711473
0 0.5066690852170593 0.45477177488786785 0.021349210344286364 0.02980567466803503
0 0.5167186970126243 0.39066382309246983 0.02452877404661713 0.031386355386194255
0 0.5201810029104068 0.3586189375538503 0.021349210344286364 0.02980567466803503
0 0.5071552132546933 0.3290132507855669 0.021240082939624472 0.02668067466803503
0 0.5113987691524757 0.2969638200674077 0.02296627404661713 0.031377265027114645
0 0.5156423250502582 0.26491438934924844 0.02452877404661713 0.031386355386194255
0 0.5011085990968753 0.2337552929400446 0.026364092558271324 0.039207945745273955
0 0.49675591579443107 0.2689297236582039 0.02296627404661713 0.031377265027114645
0 0.492539641747814 0.30019790437636307 0.02296627404661713 0.031377265027114645
0 0.37814225881603863 0.757801846998379 0.02625496515360961 0.03608294574527378
0 0.43949891026731747 0.7230768681738138 0.024637901451278844 0.03451135538619425
0 0.4671402714299104 0.781497901351301 0.024637901451278844 0.03451135538619425
0 0.3597419775978454 0.6360586572050335 0.024637901451278844 0.03451135538619425
0 0.36546618794213165 0.6063438861277947 0.024637901451278844 0.03451135538619425
0 0.281604597830931 0.48029499141579296 0.024637901451278844 0.03451135538619425
0 0.2959721434770945 0.5833154522863774 0.024637901451278844 0.03451135538619425
0 0.31786201244423573 0.6722325065411036 0.024637901451278844 0.03451135538619425
0 0.33672113984889745 0.6689984222321481 0.024637901451278844 0.03451135538619425
0 0.34166410019318366 0.639288196334449 0.024637901451278844 0.03451135538619425
0 0.36546618794213165 0.6063438861277947 0.024637901451278844 0.03451135538619425
0 0.38429803349562797 0.6038910518188392 0.024637901451278844 0.03451135538619425
0 0.40616062061160374 0.6935893560735653 0.024637901451278844 0.03451135538619425
0 0.4303396758764141 0.784055274789672 0.024637901451278844 0.03451135538619425
0 0.43909462778317987 0.8464916422761147 0.024637901451278844 0.03451135538619425
0 0.40734611997863157 0.8162137898167867 0.024637901451278844 0.03451135538619425
0 0.45954357015611674 0.5964234645830175 0.024637901451278844 0.03451135538619425
0 0.3839210328626558 0.7265245759211402 0.024637901451278844 0.03451135538619425
0 0.3969195406672041 0.7569115126894236 0.024637901451278844 0.03451135538619425
0 0.4034522828626558 0.7264109464326449 0.024637901451278844 0.03451135538619425
0 0.43955347396964833 0.7215143681738138 0.024637901451278844 0.03451135538619425
0 0.4215301602673175 0.7231814073032293 0.024637901451278844 0.03451135538619425
0 0.4156968225183695 0.7560211783804682 0.024637901451278844 0.03451135538619425
0 0.4927454174388936 0.8758609797083281 0.02452877404661713 0.031386355386194255
0 0.4536283537365627 0.8776507386853186 0.02625496515360979 0.03608294574527378
0 0.4732141674388936 0.8759746091968232 0.02625496515360979 0.03608294574527378
0 0.4153471037365627 0.877873452482769 0.02625496515360979 0.03608294574527378
0 0.3869790562763007 0.8178944644848217 0.02625496515360961 0.03608294574527378
0 0.3747617984717524 0.7875029825369986 0.02452877404661713 0.031386355386194255
0 0.3601189451137078 0.7594688861277946 0.02452877404661713 0.031386355386194255
0 0.3324775839511149 0.7010478529503074 0.021349210344286274 0.02980567466803503
0 0.3651437510114903 0.7274149102300955 0.0262549651536097 0.03608294574527395
0 0.3236407864908528 0.6409552354638647 0.02452877404661713 0.031386355386194255
0 0.31056043313280823 0.6129120486955812 0.023075401451278843 0.03450226502711473
0 0.31474942532825995 0.582425117977422 0.02452877404661713 0.031386355386194255
0 0.32861102868630454 0.6104637595661656 0.02296627404661713 0.03137726502711473
0 0.3197742312260424 0.5503711420797229 0.024637901451278844 0.03451135538619425
0 0.33282730273292166 0.5791955788480064 0.02452877404661713 0.031386355386194255
0 0.3474428742398008 0.6080109252572102 0.02452877404661713 0.031386355386194255
0 0.35468988984889743 0.6688938831027326 0.02452877404661713 0.031386355386194255
0 0.3505008976534457 0.6993808138208918 0.021294646641955416 0.028243174668035033
0 0.36936002505810744 0.6961467295119363 0.02452877404661713 0.031386355386194255
0 0.3873560569092729 0.6952609403825207 0.02452877404661713 0.031386355386194255
0 0.39232629910472455 0.6647694644848217 0.02452877404661713 0.031386355386194255
0 0.37930050944901084 0.6351637777165383 0.02296627404661713 0.03137726502711473
0 0.3742757035512283 0.6672177536142373 0.02452877404661713 0.031386355386194255
0 0.3524403982864179 0.5767381993595112 0.02296627404661713 0.03137726502711473
0 0.356656672333035 0.5454700186413519 0.02452877404661713 0.031386355386194255
0 0.37543395418420045 0.5445796843323965 0.0262549651536097 0.03608294574527378
0 0.3892682756910796 0.5733995759211401 0.021349210344286183 0.02980567466803503
0 0.40999989402524867 0.784954699457707 0.024637901451278844 0.03451135538619425
0 0.39270326662058697 0.7881796934075828 0.024637901451278844 0.03451135538619425
0 0.39997756408084906 0.8482814012531051 0.024637901451278844 0.03451135538619425
0 0.4195360959320144 0.84738652176461 0.02296627404661713 0.03137726502711473
0 0.4340698218853973 0.8785456181738137 0.02296627404661713 0.03137726502711473
0 0.42528758812746614 0.8168905006873711 0.021349210344286364 0.029805674668035208
0 0.30489330880818943 0.3278467022863774 0.022857146641955418 0.028252265027114642
0 0.29911453476157235 0.35912397336361623 0.02625496515360961 0.03608294574527395
0 0.29027773730131023 0.2990313558771736 0.0262549651536097 0.03608294574527386
0 0.2960019476455965 0.2693165847999347 0.02452877404661713 0.031386355386194255
0 0.30913686470597196 0.29579727156821817 0.02296627404661713 0.031377265027114645
0 0.299464253543379 0.2372716992613153 0.02452877404661713 0.031386355386194255
0 0.30446177758999615 0.20599897336361628 0.02296627404661713 0.031377265027114645
0 0.3086780516366133 0.17473079264545702 0.0262549651536097 0.03608294574527386
0 0.281845189208076 0.361567717313492 0.02296627404661713 0.031377265027114645
0 0.27760163331029347 0.3936171480316513 0.02296627404661713 0.031377265027114645
0 0.2907365503706689 0.4200978347999348 0.02452877404661713 0.031386355386194255
0 0.28576630817521725 0.45058931069763375 0.02452877404661713 0.031386355386194255
0 0.299573347830931 0.4801904522863774 0.02452877404661713 0.031386355386194255
0 0.311118483040141 0.5074614794137405 0.0262549651536097 0.03608294574527378
0 0.3176239433844273 0.47774216315696183 0.022911710344286275 0.02981476502711473
0 0.3037896218775481 0.4489222715682182 0.02452877404661713 0.031386355386194255
0 0.3080331777753306 0.41687284085005893 0.02296627404661713 0.03137726502711473
0 0.29570679256612065 0.3896063589022357 0.02452877404661713 0.031386355386194255
0 0.3137573881196169 0.38715806977282013 0.02452877404661713 0.031386355386194255
0 0.3275917096264961 0.4159779613615637 0.02296627404661713 0.03137726502711473
0 0.32337543557987897 0.4472461420797229 0.02452877404661713 0.031386355386194255
0 0.33570182078908894 0.47451262402754624 0.02625496515360961 0.03608294574527378
0 0.35029011044480274 0.5041092204367501 0.02452877404661713 0.031386355386194255
0 0.35453366634258526 0.47205978971859075 0.02452877404661713 0.031386355386194255
0 0.3414533129845406 0.4440166029503073 0.02452877404661713 0.031386355386194255
0 0.36750489229596817 0.5032279764868741 0.0262549651536097 0.03608294574527378
0 0.317973662166234 0.35588988905466085 0.02296627404661713 0.031377265027114645
0 0.3310267336731132 0.3847143258229443 0.02296627404661713 0.031377265027114645
0 0.34564230517999234 0.4135296722321481 0.021349210344286274 0.02980567466803503
0 0.37409219819375067 0.47116491023009555 0.021349210344286183 0.02980567466803503
0 0.3587499403892024 0.4407916090004315 0.02452877404661713 0.031386355386194255
0 0.3644468688823232 0.4118580879231927 0.02296627404661713 0.03137726502711473
0 0.3490773292266095 0.3822660366935287 0.022911710344286275 0.029814765027114644
0 0.33605153957089573 0.35266034992524525 0.021294646641955416 0.028243174668035033
0 0.32377971806401656 0.32383136797742196 0.02124008293962456 0.02668067466803503
0 0.3410217817663474 0.32216887402754624 0.021294646641955416 0.028243174668035033
0 0.32718746025946827 0.2933489824388026 0.021349210344286274 0.02980567466803503
0 0.3125718887525891 0.2645336360295988 0.022911710344286185 0.029814765027114644
0 0.31832338094804075 0.2340376149523599 0.02124008293962456 0.02668067466803503
0 0.32251237314349246 0.20355068423420067 0.021349210344286274 0.02980567466803503
0 0.32594739719010957 0.17228704869558123 0.021349210344286274 0.02980567466803503
0 0.3413715005481542 0.20031659992524525 0.021294646641955416 0.028243174668035033
0 0.3448610882971021 0.16749046438662582 0.02452877404661713 0.031386355386194255
0 0.3586408461016505 0.19787285597536944 0.021294646641955416 0.028243174668035033
0 0.36444690199943297 0.1658143348981306 0.022911710344286185 0.029814765027114644
0 0.3775272553574776 0.19385752166641407 0.02296627404661713 0.031377265027114645
0 0.3833060294040947 0.1625802505891752 0.024637901451278844 0.03451135538619425
0 0.3305406387525891 0.2644290969001831 0.024474210344286186 0.029823855386194253
0 0.33559272650153704 0.23159387100248413 0.02124008293962456 0.02668067466803503
0 0.34674599211063367 0.2924541029503073 0.023075401451278843 0.03450226502711464
0 0.3598536273198437 0.3197160397185908 0.022911710344286275 0.029814765027114644
0 0.35561007142206114 0.35176547043675 0.02296627404661713 0.031377265027114645
0 0.3686631429289403 0.3805899072050335 0.02452877404661713 0.031386355386194255
0 0.38255202813815037 0.407847298793777 0.02296627404661713 0.03137726502711473
0 0.3775272222403678 0.4399012746914761 0.021294646641955416 0.028243174668035033
0 0.39217007559841244 0.4679353711006799 0.022911710344286275 0.02981476502711473
0 0.4051685834029607 0.4983223078689634 0.02625496515360961 0.03608294574527395
0 0.41231639529119307 0.5396785608940255 0.024637901451278844 0.03451135538619425
0 0.43031242714235846 0.5387927717646099 0.02452877404661713 0.031386355386194255
0 0.42483624265878783 0.49430242838046823 0.02291171034428636 0.02981476502711473
0 0.41094735744957783 0.4670450367917246 0.02452877404661713 0.031386355386194255
0 0.39711303594269864 0.43822514520298095 0.02296627404661713 0.03137726502711473
0 0.38682286588709835 0.37501661807561787 0.02296627404661713 0.031377265027114645
0 0.37446919882672286 0.3485313861277946 0.021294646641955416 0.028243174668035033
0 0.37787694102217456 0.3180490005891752 0.021349210344286274 0.02980567466803503
0 0.36406990136646084 0.2884478590004316 0.02124008293962456 0.02668067466803503
0 0.3690674254130779 0.2571751331027325 0.023075401451278843 0.03450226502711464
0 0.3509895480084162 0.26040467223214814 0.024637901451278844 0.03451135538619425
0 0.3551785402038679 0.2299177415139889 0.021349210344286274 0.02980567466803503
0 0.3725297313108605 0.2251302475641131 0.02296627404661713 0.031377265027114645
0 0.3913888587155222 0.22189616325515765 0.0262549651536097 0.03608294574527386
0 0.39719491461330475 0.18983764217791882 0.024637901451278844 0.03451135538619425
0 0.3871180209665742 0.2547268439733169 0.021294646641955416 0.028243174668035033
0 0.3829017469199571 0.28599502469147614 0.021349210344286274 0.02980567466803503
0 0.3975446002780017 0.31402912110067993 0.021349210344286183 0.02980567466803503
0 0.40173359247345336 0.2835421903825207 0.023075401451278843 0.03450226502711464
0 0.40597714837123594 0.2514927596643615 0.02296627404661713 0.031377265027114645
0 0.4110019542690185 0.21943878376666243 0.02625496515360961 0.03608294574527386
0 0.43064233167368016 0.21620015427816722 0.02452877404661713 0.031386355386194255
0 0.39251979438021917 0.346083096998379 0.024637901451278844 0.03451135538619425
0 0.40484617958942914 0.37334957894620224 0.02452877404661713 0.031386355386194255
0 0.40138387369164663 0.4053944644848217 0.02452877404661713 0.031386355386194255
0 0.41678069519852584 0.43420526571448564 0.02296627404661713 0.03137726502711473
0 0.4297792030030741 0.46459220248276917 0.02452877404661713 0.031386355386194255
0 0.4494195804077358 0.4613535729942739 0.02452877404661713 0.031386355386194255
0 0.4682787078123975 0.4581194886853185 0.02452877404661713 0.031386355386194255
0 0.48708327151472836 0.4564479043763631 0.02296627404661713 0.03137726502711473
0 0.4905182955613455 0.4251842688377437 0.021349210344286364 0.02980567466803503
0 0.5021031255057451 0.361848476683266 0.02296627404661713 0.031377265027114645
0 0.4858977721477006 0.3338234706331418 0.021294646641955416 0.028243174668035033
0 0.4816814981010834 0.365091651351301 0.021349210344286364 0.02980567466803503
0 0.4978322877567972 0.3946791574014252 0.02625496515360979 0.03608294574527386
0 0.4774652240544663 0.39635983206946024 0.021349210344286364 0.02980567466803503
0 0.45785212850097007 0.39881721155795546 0.021240082939624472 0.02668067466803503
0 0.46365818439875256 0.36675869048071663 0.02296627404661713 0.031377265027114645
0 0.4670932084453697 0.33549505494209714 0.023184528855940557 0.037627265027114644
0 0.45406741878965595 0.30588936817381374 0.02296627404661713 0.031377265027114645
0 0.4590922246874385 0.27383539227611464 0.02452877404661713 0.031386355386194255
0 0.4779513520921002 0.27060130796715925 0.024474210344286363 0.029823855386194253
0 0.4736532324919868 0.3042132386853185 0.02452877404661713 0.031386355386194255
0 0.48300343984104827 0.2377660820694602 0.02625496515360979 0.03608294574527386
0 0.4625272487340556 0.24257175673749526 0.026473219962933215 0.04233294574527387
0 0.44450393503172486 0.24423879586691086 0.02625496515360979 0.03608294574527386
0 0.42561752577589756 0.24825413017586628 0.02625496515360979 0.03608294574527386
0 0.43794391098510765 0.27552061212368956 0.023075401451278843 0.03450226502711473
0 0.42137396987811504 0.2803035608940255 0.021349210344286364 0.02980567466803503
0 0.43439975953382887 0.309909247662309 0.024637901451278664 0.03451135538619425
0 0.4490698947430388 0.33716209407151276 0.02452877404661713 0.031386355386194255
0 0.4440178069940909 0.3699973199692118 0.024637901451278844 0.03451135538619425
0 0.41634916398033256 0.31235753679172457 0.024637901451278844 0.03451135538619425
0 0.43021076733837715 0.3403961783804682 0.02625496515360979 0.03608294574527386
0 0.4105703899337154 0.3436348078689634 0.02296627404661713 0.031377265027114645
0 0.4251859614405946 0.3724501542781672 0.024637901451278844 0.03451135538619425
0 0.43821175109630833 0.4020558410464507 0.021349210344286183 0.02980567466803503
0 0.4348040089008567 0.4325382265850701 0.02452877404661713 0.031386355386194255
0 0.45204607260318747 0.4308757326351943 0.02625496515360979 0.03608294574527378
0 0.4724949818590146 0.42685130796715925 0.024419646641955416 0.028261355386194252
0 0.4813044974681112 0.4877251754536019 0.02296627404661713 0.03137726502711473
0 0.46244537006344955 0.4909592597625574 0.024474210344286363 0.029823855386194253
0 0.48756193195168185 0.5322109736582039 0.026364092558271324 0.039207945745273774
0 0.46803068195168185 0.532324603146699 0.02452877404661713 0.031386355386194255
0 0.4194344692451429 0.40294617535540606 0.024637901451278664 0.03451135538619425
0 0.8067781795046113 0.6959451789696434 0.026364092558271324 0.039207945745273774
0 0.8228198417556631 0.7286576850197676 0.026364092558271324 0.039207945745273774
0 0.8549577299600981 0.792520197120016 0.026309528855940557 0.03764544574527377
0 0.8380802540067152 0.7613747362494315 0.026364092558271324 0.039207945745273774
0 0.7694567726958548 0.534476413844333 0.026364092558271324 0.039207945745273774
0 0.7854711530957413 0.5679701698944571 0.026364092558271324 0.039207945745273774
0 0.806674030500403 0.5647224500468822 0.026364092558271324 0.039207945745273774
0 0.8235242246026205 0.5966491609174666 0.026364092558271324 0.039207945745273774
0 0.8404017005560034 0.627794621788051 0.026364092558271324 0.039207945745273955
0 0.8352950491047245 0.66219234768575 0.026364092558271324 0.039207945745273774
0 0.8278719295046113 0.6958224591220685 0.026364092558271324 0.039207945745273955
0 0.8439408736068286 0.7277537151721928 0.026364092558271324 0.039207945745273774
0 0.8600370995602116 0.758903721222317 0.026364092558271324 0.039207945745273774
0 0.8505554613557766 0.6949093989154141 0.026364092558271324 0.039207945745273774
0 0.8658431554579942 0.726845200145078 0.02625496515360979 0.03608294574527378
0 0.8125842354023938 0.6638866578924045 0.02625496515360979 0.03608294574527378
0 0.8184448550025071 0.6302656368151657 0.02463790145127902 0.03451135538619425
0 0.7949527913001762 0.63196449220136 0.02625496515360961 0.03608294574527378
0 0.7804190653467934 0.6008053957921561 0.02625496515360979 0.03608294574527395
0 0.7906546717000629 0.6655764229195192 0.02625496515360979 0.03608294574527378
0 0.8000544643510015 0.731914495226422 0.02625496515360979 0.03608294574527378
0 0.8177404721555497 0.7622741609174666 0.02625496515360979 0.03608294574527378
0 0.8330281662577672 0.7942099621471307 0.02625496515360979 0.03608294574527378
0 0.7950023766020535 0.7647497211241211 0.02625496515360961 0.03608294574527395
0 0.7840128020999494 0.6992019891762979 0.02625496515360979 0.03608294574527378
0 0.769506357997732 0.667261642767094 0.02625496515360979 0.03608294574527395
0 0.7745857275978454 0.633645166869395 0.02452877404661713 0.031386355386194255
0 0.7592707516444624 0.6024906156397309 0.02625496515360979 0.03608294574527378
0 0.7474999271423585 0.5369474288714475 0.02625496515360979 0.03608294574527378
0 0.7423932756910796 0.5713451547691466 0.02625496515360979 0.03608294574527395
0 0.7270782997376968 0.5401906035394826 0.02625496515360979 0.03608294574527378
0 0.7109820737843139 0.5090405974893584 0.02296627404661713 0.03137726502711473
0 0.7051214541842005 0.5426616185665971 0.02452877404661713 0.031386355386194255
0 0.7220262119887488 0.5730258294371816 0.02625496515360979 0.03608294574527395
0 0.7372866242398007 0.6057428806668457 0.02452877404661713 0.031386355386194255
0 0.7526561638955146 0.6353349318965096 0.02625496515360979 0.03608294574527378
0 0.7315351320443491 0.6362389017440845 0.024637901451278844 0.03451135538619425
0 0.7154116242398008 0.6058701456939602 0.021349210344286364 0.02980567466803503
0 0.7000966482864179 0.5747155944642962 0.024637901451278844 0.03451135538619425
0 0.6848089541842004 0.5427797932346322 0.021349210344286364 0.02980567466803503
0 0.6679314782308176 0.5116343323640479 0.02296627404661713 0.03137726502711473
0 0.6475098508261559 0.5148775070320829 0.02296627404661713 0.03137726502711473
0 0.6628248267795387 0.5460320582617468 0.021349210344286364 0.02980567466803503
0 0.678167084584087 0.5764053594914109 0.02452877404661713 0.031386355386194255
0 0.7096055683420183 0.6379286667711991 0.024637901451278844 0.03451135538619425
0 0.69504456053747 0.6075508203619953 0.02452877404661713 0.031386355386194255
0 0.6731149968351391 0.60924058538911 0.02452877404661713 0.031386355386194255
0 0.6577727390305907 0.5788672841594459 0.021349210344286364 0.02980567466803503
0 0.6416492312260426 0.5484985281093218 0.021349210344286364 0.02980567466803503
0 0.8499056422111501 0.8253554230177149 0.02452877404661713 0.031386355386194255
0 0.8424552407598714 0.8597667844540335 0.02625496515360979 0.03608294574527378
0 0.8271948285088193 0.8270497332243695 0.02625496515360979 0.03608294574527378
0 0.8213069270575405 0.8614520043016082 0.02625496515360979 0.03608294574527378
0 0.8052925466576539 0.827958248251484 0.02625496515360979 0.03608294574527378
0 0.799404645206375 0.8623605193287229 0.02625496515360961 0.03608294574527378
0 0.8118798525554365 0.7958951819947055 0.026309528855940557 0.03764544574527377
0 0.7892236025554364 0.79602699220136 0.026309528855940557 0.03764544574527377
0 0.7833357011041576 0.8304292632785988 0.02296627404661713 0.03137726502711473
0 0.7782563315040442 0.8640457391762979 0.024637901451278844 0.03451135538619425
0 0.7563813315040442 0.8641730042034125 0.02625496515360979 0.03608294574527378
0 0.7614607011041576 0.8305565283057135 0.02452877404661713 0.031386355386194255
0 0.7680752888531055 0.7977122120489348 0.02296627404661713 0.03137726502711473
0 0.7738813447508881 0.7656536909716959 0.02452877404661713 0.031386355386194255
0 0.7789879962021669 0.7312559650739969 0.02296627404661713 0.03137726502711473
0 0.762110520248784 0.7001105042034125 0.02296627404661713 0.03137726502711473
0 0.7570584324998361 0.7329457301011114 0.02296627404661713 0.03137726502711473
0 0.752006344750888 0.7657809559988106 0.021349210344286364 0.02980567466803503
0 0.7469269751507747 0.7993974318965096 0.024637901451278844 0.03451135538619425
0 0.7403123874018267 0.8322417481532882 0.024637901451278664 0.03451135538619425
0 0.7250246932996092 0.8003059469236243 0.02469246515360979 0.03607385538619425
0 0.7308307491973918 0.7682474258463854 0.024637901451278844 0.03451135538619425
0 0.7366913687975052 0.7346264047691465 0.021349210344286364 0.02980567466803503
0 0.7417707383976186 0.7010099288714475 0.02625496515360961 0.03608294574527378
0 0.7467955442954011 0.6689559529737485 0.02296627404661713 0.03137726502711473
0 0.7240847305930703 0.670650263180403 0.026364092558271324 0.039207945745273774
0 0.7037449487419047 0.671549687848438 0.02625496515360979 0.03608294574527378
0 0.6892385046396875 0.6396093414392341 0.02625496515360979 0.03608294574527378
0 0.714734523244009 0.7370974197962612 0.027817465153609788 0.03609203610435348
0 0.7105455310485572 0.7675843505144204 0.02625496515360979 0.03608294574527378
0 0.7030405658949476 0.8035582119507388 0.026364092558271324 0.039207945745273774
0 0.6886159673462263 0.7692741155415351 0.02625496515360979 0.03608294574527378
0 0.6936134913928435 0.738001389643836 0.02625496515360979 0.03608294574527378
0 0.6979388928441222 0.7036082089256768 0.024637901451278664 0.03451135538619425
0 0.7198138928441222 0.7034809438985622 0.02625496515360979 0.03608294574527378
0 0.6826511987419048 0.6716724076960128 0.02625496515360979 0.03608294574527378
0 0.6688441590861911 0.6420712661072692 0.02625496515360979 0.03608294574527378
0 0.6527752149839736 0.610140010057145 0.02625496515360961 0.03608294574527378
0 0.6374056753282599 0.5805479588274809 0.021349210344286364 0.02980567466803503
0 0.6228992312260425 0.5486076124182772 0.021349210344286364 0.02980567466803503
0 0.6067484415703287 0.519020106368153 0.024637901451278844 0.03451135538619425
0 0.6009151038213808 0.5518598774453918 0.021349210344286364 0.02980567466803503
0 0.6162846434770944 0.5814519286750558 0.021349210344286364 0.02980567466803503
0 0.6316269012816428 0.6118252299047198 0.02625496515360961 0.03608294574527378
0 0.6476685635326949 0.644537735954844 0.02625496515360979 0.03608294574527378
0 0.6622568531884085 0.6741343323640479 0.024637901451278844 0.03451135538619425
0 0.6775718291417915 0.7052888835937118 0.024637901451278664 0.03451135538619425
0 0.672492459541678 0.7389053594914109 0.024637901451278844 0.03451135538619425
0 0.6667136854950609 0.7701826305686497 0.026364092558271324 0.039207945745273774
0 0.6463193399415647 0.7726445552366847 0.024747028855940555 0.037636355386194253
0 0.6521526776905127 0.739804784159446 0.02625496515360979 0.03608294574527395
0 0.6572047654394606 0.7069695582617468 0.02625496515360979 0.03608294574527378
0 0.6418897894860777 0.6758150070320829 0.02625496515360979 0.03608294574527378
0 0.6265202498303639 0.6462229558024188 0.024637901451278844 0.03451135538619425
0 0.6207687576349123 0.6767189768796577 0.021294646641955416 0.028243174668035033
0 0.6368377017371298 0.7086502329297819 0.024637901451278664 0.03451135538619425
0 0.6157166698859643 0.7095542027773567 0.024637901451278844 0.03451135538619425
0 0.6318128958393473 0.7407042088274809 0.02625496515360979 0.03608294574527395
0 0.6259795580903992 0.7735439799047198 0.02625496515360979 0.03608294574527378
0 0.6114731139881818 0.741603633495516 0.02452877404661713 0.031386355386194255
0 0.5961308561836335 0.711230332265852 0.024637901451278844 0.03451135538619425
0 0.6004289757837469 0.6776184015476927 0.02625496515360979 0.03608294574527378
0 0.605426499830364 0.6463456756499937 0.02625496515360979 0.03608294574527378
0 0.6112325557281466 0.6142871545727548 0.021349210344286364 0.02980567466803503
0 0.5966988297747636 0.583128058163551 0.024637901451278844 0.03451135538619425
0 0.5813292901190499 0.5535360069338869 0.024637901451278844 0.03451135538619425
0 0.5863540960168324 0.521482031036188 0.02625496515360979 0.03608294574527378
0 0.5916467420258156 0.6159632840612501 0.021349210344286364 0.02980567466803503
0 0.5770857342212674 0.5855854376520462 0.02296627404661713 0.03137726502711473
0 0.5609622264167191 0.555216681601922 0.021349210344286364 0.02980567466803503
0 0.5858406861280331 0.648021805138489 0.024637901451278844 0.03451135538619425
0 0.5808158802302505 0.6800757810361879 0.021349210344286364 0.02980567466803503
0 0.5910514865835201 0.744846808163551 0.024637901451278844 0.03451135538619425
0 0.5860539625369029 0.7761195340612501 0.02625496515360979 0.03608294574527378
0 0.5720882101746503 0.6168581635497452 0.024637901451278844 0.03451135538619425
0 0.5574453568166057 0.5888240671405415 0.02296627404661713 0.03137726502711473
0 0.541294567160892 0.5592365610904173 0.024637901451278844 0.03451135538619425
0 0.5471279049098399 0.5263967900131783 0.02625496515360979 0.03608294574527378
0 0.5275693730586745 0.5272916695016736 0.02625496515360961 0.03608294574527395
0 0.552475114621154 0.6193155430382405 0.02452877404661713 0.031386355386194255
0 0.5655009042768677 0.6489212298065239 0.02296627404661713 0.03137726502711473
0 0.5604215346767543 0.682537705704223 0.02296627404661713 0.03137726502711473
0 0.5742285743324681 0.7121388472929666 0.02296627404661713 0.03137726502711473
0 0.570793550285851 0.743402482831586 0.02625496515360979 0.03608294574527395
0 0.5665499943880683 0.7754519135497453 0.02452877404661713 0.031386355386194255
0 0.5496179547323546 0.7458689526791609 0.02625496515360979 0.03608294574527378
0 0.5554512924813026 0.713029181601922 0.024637901451278844 0.03451135538619425
0 0.5408902846767543 0.6826513351927181 0.021294646641955416 0.028243174668035033
0 0.5475048724257022 0.6498070189359395 0.02452877404661713 0.031386355386194255
0 0.5313268009188231 0.6210007628858153 0.02452877404661713 0.031386355386194255
0 0.5371055749654403 0.5897234918085765 0.02625496515360979 0.03608294574527378
0 0.5217633171608919 0.5593501905789126 0.02625496515360979 0.03608294574527378
0 0.5029587534585611 0.5610217748878679 0.02625496515360979 0.03608294574527395
0 0.5175470431142747 0.5906183712970717 0.02625496515360979 0.03608294574527378
0 0.5270832450210406 0.6530501936039746 0.02625496515360979 0.03608294574527378
0 0.5358654787789717 0.7147053110904172 0.02625496515360961 0.03608294574527378
0 0.5462374943880683 0.7755700882177803 0.024637901451278844 0.03451135538619425
0 0.5316219228811893 0.7467547418085765 0.02625496515360979 0.03608294574527378
0 0.5265698351322412 0.7795899677062754 0.02625496515360979 0.03608294574527378
0 0.5208456247879549 0.8093047387835144 0.02625496515360961 0.03608294574527378
0 0.5213044709744235 0.6843274646812134 0.02625496515360979 0.03608294574527378
0 0.5067434631698752 0.6539496182720097 0.02296627404661713 0.03137726502711473
0 0.5125222372164921 0.6226723471947707 0.021349210344286364 0.02980567466803503
0 0.49874247941194394 0.592289955606027 0.02452877404661713 0.031386355386194255
0 0.4825644079050647 0.5634836995559029 0.02452877404661713 0.031386355386194255
0 0.479156665709613 0.5939660850945223 0.021349210344286364 0.02980567466803503
0 0.46456837605389933 0.5643694886853184 0.02296627404661713 0.03137726502711473
0 0.4936631098118305 0.6259064315037262 0.02452877404661713 0.031386355386194255
0 0.4879116176163789 0.656402452580965 0.02625496515360979 0.03608294574527378
0 0.5033084391232581 0.685213253810629 0.02452877404661713 0.031386355386194255
0 0.5162523832254754 0.7171626905789126 0.02625496515360979 0.03608294574527378
0 0.5121179547323547 0.7460871212970718 0.02625496515360979 0.03608294574527378
0 0.49669385137431005 0.7180575700674077 0.023075401451278843 0.03450226502711473
0 0.48296865727209254 0.686112678478664 0.02625496515360979 0.03608294574527378
0 0.46988830391404796 0.6580694917103805 0.02296627404661713 0.03137726502711473
0 0.47256935981183046 0.626029151351301 0.021349210344286364 0.02980567466803503
0 0.5062573351322411 0.7797081423743105 0.02625496515360979 0.03608294574527378
0 0.5020410610856241 0.8109763230924699 0.02625496515360961 0.03608294574527378
0 0.49777022333667614 0.8438070038106289 0.02625496515360979 0.03608294574527378
0 0.4882340214299104 0.7813751815037262 0.02625496515360979 0.03608294574527395
0 0.48245524738329326 0.812652452580965 0.024637901451278844 0.03451135538619425
0 0.47902022333667615 0.8439160881195844 0.02625496515360979 0.03608294574527378
0 0.4637052473832933 0.8127615368899204 0.023075401451278843 0.03450226502711473
0 0.45870772333667614 0.8440342627876195 0.024637901451278844 0.03451135538619425
0 0.44409215182979694 0.8152189163784156 0.024637901451278664 0.03451135538619425
0 0.4498709258764141 0.7839416453011768 0.02625496515360979 0.03608294574527378
0 0.45492301362536214 0.7511064194034777 0.02625496515360979 0.03608294574527378
0 0.47370029547652753 0.7502160850945223 0.026364092558271324 0.039207945745273774
0 0.4924502954765275 0.7501070007855668 0.02625496515360979 0.03608294574527378
0 0.46330099801626545 0.6901325579671592 0.024637901451278844 0.03451135538619425
0 0.47869781952314466 0.7189433591968233 0.02625496515360979 0.03608294574527395
0 0.4591120058208137 0.7206194886853184 0.02296627404661713 0.03137726502711473
0 0.4437424661651 0.6910274374556545 0.02296627404661713 0.03137726502711473
0 0.4495485220628826 0.6589689163784156 0.02625496515360979 0.03608294574527378
0 0.45532729610949974 0.6276916453011768 0.02625496515360979 0.03608294574527378
0 0.4399577564537859 0.5980995940715127 0.02625496515360979 0.03608294574527378
0 0.4442013123515685 0.5660501633533535 0.02452877404661713 0.031386355386194255
0 0.42763137124457595 0.5708331121236896 0.02296627404661713 0.03137726502711473
0 0.4219617246026205 0.5989853832009283 0.02296627404661713 0.03137726502711473
0 0.435686918704838 0.6309302747896719 0.02625496515360979 0.03608294574527378
0 0.4307712402117172 0.6598592506873711 0.02625496515360979 0.03608294574527378
0 0.4176908868536725 0.6318160639190877 0.02625496515360961 0.03608294574527378
0 0.4031025971979588 0.6022194675098838 0.021349210344286183 0.02980567466803503
0 0.40810012124457595 0.5709467416121847 0.02452877404661713 0.031386355386194255
0 0.39891360500250717 0.632706398228043 0.02452877404661713 0.031386355386194255
0 0.4126933628070554 0.6630887898167867 0.02296627404661713 0.03137726502711473
0 0.4257464343139346 0.69191322658507 0.024637901451278844 0.03451135538619425