0 0.42890625 0.33203125 0.0390625 0.03125
0 0.4609375 0.37734375 0.0375 0.0296875
0 0.51953125 0.375 0.0359375 0.0296875
0 0.40234375 0.37890625 0.040625 0.03125
0 0.49296875 0.42109375 0.0390625 0.0296875
0 0.34296875 0.38125 0.0421875 0.03125
0 0.378125 0.425 0.0390625 0.03125
0 0.4359375 0.4234375 0.0390625 0.0296875
0 0.55 0.41953125 0.0390625 0.0296875
0 0.43984375 0.46640625 0.0375 0.028125
0 0.3828125 0.46796875 0.0390625 0.0296875
0 0.525 0.50390625 0.0359375 0.0265625
0 0.31953125 0.428125 0.040625 0.03125
0 0.4703125 0.50625 0.0375 0.028125
0 0.49609375 0.46328125 0.0390625 0.028125
0 0.32578125 0.47109375 0.0390625 0.028125
0 0.41484375 0.5078125 0.0375 0.028125
0 0.359375 0.51015625 0.0375 0.028125
0 0.55234375 0.4609375 0.0390625 0.028125
0 0.44609375 0.5453125 0.0359375 0.025