0 0.47867509172632144 0.4116902870805116 0.04575211575678075 0.03564799498543501
0 0.5430183127871263 0.4049832975053528 0.050712631541796324 0.040471887305303156
0 0.413323107511337 0.41446829460235896 0.050712631541796324 0.040471887305303156
0 0.6090605417404389 0.40066552203681677 0.05245714206513998 0.04364235141192587
0 0.5358813759977756 0.3494008872387961 0.04915013154179633 0.040426423198680436
0 0.35114162592718856 0.4181184803374517 0.05071263154179624 0.040471887305303156
0 0.4060951654603146 0.35732338433580224 0.04915013154179633 0.040426423198680436
0 0.45689807323988296 0.47969012932123734 0.050712631541796324 0.040471887305303156
0 0.5850762811465081 0.47094091811760846 0.050712631541796324 0.040471887305303156
0 0.3924638469174062 0.484834618896396 0.05071263154179615 0.040471887305303156
0 0.6002700996894165 0.34347514766363735 0.050712631541796324 0.040471887305303156
0 0.492215405007558 0.2826165525199177 0.05089464206513981 0.04359688730530316
0 0.34244218913783786 0.3624906059642723 0.04602513154179624 0.040335494985435004
0 0.42699992868508135 0.2877383100417651 0.05071263154179615 0.040471887305303156
0 0.46901239441362713 0.3529146806540208 0.04915013154179633 0.040426423198680436
0 0.5566951339608707 0.278253312944759 0.050712631541796324 0.040471887305303156
0 0.5206875574548674 0.47686665769276726 0.050712631541796324 0.040471887305303156
0 0.36408269973176877 0.29214701372354657 0.04915013154179624 0.040426423198680436
0 0.6751482733245875 0.3971289965682807 0.05401964206513998 0.04368781551854841
0 0.28744314697387596 0.42250445196592173 0.05245714206513998 0.04364235141192587
0 0.6511185100998207 0.46662314264907245 0.050712631541796324 0.040471887305303156
0 0.3279841179640936 0.4891978584715548 0.05071263154179615 0.040471887305303156
0 0.27874371018452526 0.3668765775927424 0.05071263154179624 0.040471887305303156
0 0.6670935786427291 0.33918010424841266 0.050712631541796324 0.040471887305303156
0 0.4306309758283665 0.5241615433487177 0.05071263154179615 0.040471887305303156
0 0.5596359363658276 0.5162163141984003 0.052275131541796326 0.040517351411925875
0 0.6242088576525114 0.27241850158284564 0.050712631541796324 0.040471887305303156
0 0.5191727471574026 0.2366053705457487 0.050712631541796324 0.040471887305303156
0 0.298131476040128 0.2980272891920826 0.04915013154179624 0.040426423198680436
0 0.3880060471432851 0.24760740353613214 0.04915013154179633 0.040426423198680436
0 0.49895604159926454 0.5456477499334931 0.052275131541796326 0.040517351411925875
0 0.4484584287556686 0.2142697178010394 0.050712631541796324 0.040471887305303156