0 0.08965407351951354 0.9106994707705403 0.1793081470390271 0.1776489415410804
0 0.1324201889264926 0.5581344119159093 0.23637783035645854 0.22704118778015675
0 0.15326459147128446 0.3007538209288248 0.2483686840799307 0.20552990063313822
0 0.18975152460128467 0.07666310306127844 0.22987195079743067 0.14877979546028874
0 0.48072321704315896 0.9345665312745238 0.22987195079743064 0.1308669374509524
0 0.5227717787822564 0.614835670624891 0.2171550516711113 0.2061831185006847
0 0.5543900271667358 0.36480457838416525 0.21998911094166687 0.19377404671393003
0 0.5860446431423958 0.11321098614343945 0.21690047853284736 0.19524561850068464
0 0.7743277466784366 0.9452038175636126 0.2139560100679862 0.1095923648727748
0 0.8103802283454161 0.6521300482967757 0.1954255220358334 0.2117966210079672
0 0.8419075577519441 0.40600520605604984 0.20425500816812522 0.18863190564770313
0 0.8668218644570486 0.14170702533552204 0.19349934612402783 0.19612615690134444