0 0.2197095537637468 0.29795064490839335 0.24185219847574838 0.21233741529826117
0 0.8447146198241338 0.42947529645608606 0.21680674668035033 0.2043794695529872
0 0.2660976986721401 0.08082275312325796 0.23844539734428025 0.1616455062465159
0 0.4756258148820366 0.910545051917035 0.21975902985783763 0.1747101502711466
0 0.7413644443705317 0.9285309408735 0.21328177088084707 0.13561128883482781
0 0.1058036733914888 0.8626949218393646 0.20278969847574838 0.21211015632127078
0 0.8000116947633152 0.6688059620489348 0.2121919695529872 0.21685219847574827
0 0.631205069085449 0.12289454011137424 0.23723742134838535 0.22481014422102227
0 0.17355775819142355 0.5568216508603216 0.2482567345801019 0.2389362767345796
0 0.5857390747427897 0.3653547508837628 0.21372719847574845 0.212173788834828
0 0.5340776225546082 0.6172263230924698 0.2074317466803503 0.20432492739850955
0 0.8784436834486338 0.18395826337679463 0.19496810811666876 0.2105022045258726