0 0.9037814701772909 0.7679640945039912 0.1594152868534721 0.21032968610347993
0 0.9014864987657291 0.12892086518215562 0.14833231648875014 0.2035702638537389
0 0.35835409460541656 0.1612412911514411 0.20487325721819466 0.21869014970954975
0 0.9046790082650343 0.3941092175395205 0.17514938962701407 0.21574493217453847
0 0.5841593011993396 0.7867527516571391 0.20676306553881965 0.23282542431665548
0 0.33550359565225624 0.8076989141869703 0.1910653303564585 0.2289726782455972
0 0.113659190445104 0.17966176716350776 0.1798005220358335 0.21440075599585606
0 0.10172288810840265 0.4354216155919312 0.2034457762168053 0.24674237510244393
0 0.10112859565225626 0.8186151052528489 0.19902330072118074 0.23558655128112632
0 0.3427784203091316 0.4280841887940762 0.21123235999173628 0.22366874813797324
0 0.5875096920606246 0.4081012127820095 0.20828919794763898 0.23133569892376152
0 0.5850256973789583 0.14600147312109174 0.20171188962701408 0.216982100495338