0 0.6185888525861104 0.8125 0.21650174145062523 0.2390625
0 0.6410211242406942 0.184375 0.20654485999173638 0.2140625
0 0.8551621322213883 0.81875 0.20392900626826388 0.2359375
0 0.09156663810840264 0.43203125 0.18313327621680528 0.2203125
0 0.1147859325613193 0.1703125 0.18935735999173633 0.2140625
0 0.07859059337114555 0.80546875 0.1571811867422911 0.2140625
0 0.40217682978777763 0.175 0.22049825721819455 0.209375
0 0.8800420309664579 0.4546875 0.22420513867708358 0.234375
0 0.3594684257243744 0.8015625 0.243246079406528 0.246875
0 0.6403983027179511 0.44609375 0.2158834924005557 0.2125
0 0.3881454716959024 0.4421875 0.20788915444465292 0.2046875
0 0.8835170955553471 0.2046875 0.21388458130638915 0.19375