0 0.07136318594845692 0.860357578172257 0.14272637189691384 0.2019651563445141
0 0.39960253321932343 0.8493720588893059 0.21986015603118042 0.23474259517409735
0 0.648021851885778 0.8567170058870145 0.19967492536599848 0.24520731648875013
0 0.8864485525541415 0.8497630635420494 0.18855561203054413 0.2293277433504862
0 0.07135573730904657 0.4712405267854862 0.14271147461809314 0.22685605357097244
0 0.38760525660409384 0.4700839491819101 0.20401698002863497 0.21562891926229177
0 0.6291115039385937 0.46710899201930606 0.19153516136218052 0.21690047853284736
0 0.8729524106063209 0.464969836243473 0.191516980028635 0.21533797853284753
0 0.07984948997454662 0.18940929853697924 0.14460561736154415 0.21112195079743068
0 0.38224778397518294 0.191758927430417 0.20690562269254426 0.19538915444465293
0 0.6206199406429102 0.1894924850854519 0.18357721069381688 0.2042186405769446
0 0.876097781309683 0.19465733624347298 0.19280676002545327 0.19193684612402792