0 0.8587186805875138 0.9256975163362503 0.20638169530200406 0.14860496732749945
0 0.20789196648089114 0.9198436405769446 0.1993588054894186 0.14360844889756946
0 0.17938860094970738 0.36955269984750017 0.2135409774344578 0.20171188962701408
0 0.47666469853420246 0.9204430526210418 0.21111465940862698 0.15911389475791643
0 0.8412905220368169 0.6059026543477437 0.22764894154108042 0.203601697947639
0 0.8339708008705651 0.35434015434774374 0.2240693004748536 0.18790396276527802
0 0.1706200400500124 0.12186008225631959 0.20968855172849493 0.17663915444465297
0 0.429563131037097 0.11305335239229204 0.24313754922121245 0.19927787385944465
0 0.8241171130904081 0.12301741916538264 0.22710337226160818 0.18485169794763906
0 0.44915553167023525 0.35709429312173646 0.21684783386094858 0.20803462480937512
0 0.4563843246232415 0.6055317931217366 0.2245239415410804 0.20352896276527802
0 0.18841557462324152 0.599294751234271 0.21188754922121245 0.1985505220358334