0 0.3456203398495258 0.7462251477382638 0.08181768577927465 0.09335318511654282
0 0.3131818660469799 0.6233159265942042 0.09125635277546902 0.09524306733052797
0 0.21271895102795182 0.6190227853945445 0.07700285178688589 0.09006449400955034
0 0.18484064323301713 0.4990748731434925 0.07987318380210837 0.08392362141421188
0 0.28142914175014233 0.5027231735989794 0.08130834980971961 0.08085318511654283
0 0.3809516392786844 0.5109498466498046 0.07505834980971962 0.08063493030721922
0 0.4805696373015181 0.5168327697006299 0.08931185079830276 0.08581350362819702
0 0.5809688853243518 0.5226884109002896 0.08449701680591382 0.08252481252120454
0 0.5169780281002584 0.6380430815888621 0.08299818380210837 0.08403274881887376
0 0.5917710755522508 0.4107514060909662 0.08130834980971961 0.08085318511654283
0 0.49456049452561146 0.4032241374866447 0.07987318380210837 0.08392362141421188
0 0.3957874134989722 0.39575143258465406 0.08130834980971961 0.08085318511654283
0 0.3039182484799442 0.39115819102217453 0.08118101581733086 0.07772818511654274
0 0.20202016745330492 0.38379461352484556 0.07818334980971961 0.08074405771188112
0 0.5556664322820526 0.3012325623515685 0.08105368182494192 0.07460318511654282
0 0.46005018475351045 0.29286948004491614 0.08118101581733086 0.07772818511654282
0 0.3659009367306768 0.2867955840359329 0.07505834980971962 0.0806349303072194
0 0.2686266887078432 0.28083081543161137 0.07674818380210838 0.08381449400955017
0 0.4253488739928263 0.1872023226031875 0.084497016805914 0.08252481252120454