0 0.39670124141579305 0.3169950248119936 0.09424087939029935 0.08874147642635144
0 0.41582290437636316 0.5226285947043697 0.09113406010845856 0.09172092721213972
0 0.6364131812091386 0.35082217700274276 0.0958397408266178 0.09506425103345731
0 0.31080815144949686 0.5740026960282774 0.08643746974937905 0.08994010339082212
0 0.5315206272490001 0.5155139156302032 0.09268746974937905 0.09023120181924557
0 0.4054853680756179 0.4189941724546288 0.08641019867214013 0.08525260339082212
0 0.2996620940715128 0.4750193864749834 0.09111587939029935 0.08859592721213971
0 0.6443751512531051 0.459816187341825 0.09427724082661779 0.09499147642635145
0 0.5211876361277946 0.41109824338046225 0.09271474082661797 0.09491870181924558
0 0.511640440186129 0.30593770843427415 0.08958065046753809 0.09321065260503385
0 0.5434252087292851 0.6184398624870501 0.08489315046753809 0.09299232878371626
0 0.2924177415139889 0.37699926343945417 0.08955337939029935 0.08852315260503385
0 0.2828432744950844 0.276526228493266 0.08798178903121974 0.08688787799792799
0 0.6300000756265526 0.2442446912707664 0.09272383118569749 0.09648120181924558
0 0.5012756328081449 0.20699078618453318 0.09269656010845857 0.09179370181924558
0 0.6601632568356911 0.5668303207164365 0.09269656010845857 0.09179370181924558
0 0.7658597866935287 0.39826871939252895 0.09742951190385671 0.09982452564056317
0 0.19129105786896342 0.43168030128112633 0.08953519867214013 0.08539815260503385
0 0.38947506957642836 0.21584990177646435 0.08956246974937887 0.09008565260503384
0 0.4246161213952676 0.6230652423470049 0.08800906010845858 0.09157537799792799