0 0.781113182793711 0.41640625 0.09092040653397522 0.0734375
0 0.6537480080627706 0.365625 0.09128427956950454 0.08125
0 0.6519971093866782 0.2609375 0.0860145827126578 0.06875
0 0.5295013711735024 0.2140625 0.08139985731976367 0.0703125
0 0.5302890833318303 0.31484375 0.0768579065339754 0.0734375
0 0.5366547074008169 0.41796875 0.07656680810555194 0.0671875
0 0.5399317187733563 0.521875 0.08183650496239867 0.0796875
0 0.5447712301458958 0.62578125 0.07700345574818712 0.0765625
0 0.6652078546291673 0.578125 0.08154540653397539 0.0734375
0 0.4281102690210254 0.6203125 0.07842040653397522 0.0734375
0 0.4226350568626976 0.51953125 0.07991013192686953 0.071875
0 0.41783193279371106 0.41640625 0.0768579065339754 0.0734375
0 0.4157000444567007 0.3203125 0.0752954065339754 0.0734375
0 0.4100065084770554 0.21484375 0.07671235731976349 0.0703125
0 0.3162245450758733 0.56640625 0.0721704065339753 0.0734375
0 0.3100408575246513 0.4671875 0.07536818114108108 0.075
0 0.30701855727698235 0.36875 0.07663958271265772 0.06875
0 0.30228820781510163 0.2671875 0.08125430810555194 0.0671875
0 0.20291540818660514 0.41484375 0.07700345574818704 0.0765625