0 0.69609375 0.56953125 0.06875 0.07890625
0 0.50078125 0.58046875 0.07265625 0.07578125
0 0.6390625 0.346875 0.0734375 0.08125
0 0.4625 0.68828125 0.07109375 0.07109375
0 0.4953125 0.4703125 0.0703125 0.0765625
0 0.59921875 0.57578125 0.0671875 0.07265625
0 0.5578125 0.684375 0.0703125 0.07578125
0 0.53515625 0.3546875 0.075 0.07890625
0 0.59453125 0.465625 0.07421875 0.07734375
0 0.69453125 0.459375 0.07421875 0.07421875
0 0.396875 0.4734375 0.075 0.0703125
0 0.65078125 0.6765625 0.0703125 0.07421875
0 0.74609375 0.67109375 0.06875 0.07265625
0 0.73984375 0.3375 0.07734375 0.078125
0 0.7890625 0.4546875 0.07109375 0.07734375
0 0.43359375 0.35625 0.07109375 0.0765625
0 0.58046875 0.23125 0.07890625 0.08046875
0 0.609375 0.78125 0.0671875 0.07578125
0 0.79140625 0.5625 0.07109375 0.07421875
0 0.40546875 0.5875 0.07265625 0.07265625