0 0.4968881537246836 0.7044219906162041 0.09393568380210837 0.08599945499752551
0 0.4527376112156071 0.5047428951841886 0.0925641847906915 0.09060506784239593
0 0.7183228019377977 0.6051302402775199 0.09731535178688588 0.09241322930778502
0 0.33449960577839966 0.48510318181891987 0.08618685079830275 0.0871525192218769
0 0.5659724402650801 0.4784526328597166 0.09243685079830274 0.08748006784239593
0 0.47409529946633977 0.6061858864777612 0.087622016805914 0.08410940637700666
0 0.35491687653864634 0.5826808666900576 0.09087435079830275 0.08739818068726599
0 0.692118446196579 0.5000266604493364 0.09575285178688589 0.09233134215265544
0 0.5881432120139098 0.5806359305757244 0.09419035178688588 0.0922494549975255
0 0.6111270672608369 0.6835595347141674 0.09106535178688588 0.09208568068726616
0 0.5454278355124446 0.37774994798857897 0.0863141847906915 0.09027751922187681
0 0.3783636468046014 0.6777510272509356 0.08931185079830276 0.08731629353213641
0 0.4003434175648481 0.7752468249669435 0.08768568380210837 0.08567190637700665
0 0.7444634906828219 0.7086713201057033 0.09431768577927464 0.0953744549975255
0 0.6323255880210835 0.7810962760077402 0.09250051779449713 0.08904256784239592
0 0.6729453404553605 0.3945545884230691 0.09250051779449713 0.08904256784239584
0 0.8277349526223696 0.5234531151081778 0.0975063527754692 0.09710072930778502
0 0.26309147387690796 0.6540412895754075 0.09074701680591399 0.084273180687266
0 0.5212435079830275 0.8025762075995175 0.08937551779449712 0.08887879353213606
0 0.42916350695726324 0.4065477346233104 0.0894391847906915 0.09044129353213641