0 0.39453125 0.5828125 0.0703125 0.078125
0 0.76640625 0.34765625 0.0734375 0.0859375
0 0.5 0.58671875 0.075 0.0765625
0 0.70625 0.46875 0.078125 0.084375
0 0.7546875 0.70390625 0.071875 0.0796875
0 0.440625 0.33828125 0.075 0.0828125
0 0.65390625 0.70078125 0.0734375 0.0765625
0 0.815625 0.47421875 0.071875 0.0828125
0 0.8078125 0.5921875 0.071875 0.078125
0 0.5484375 0.3421875 0.075 0.084375
0 0.6015625 0.5875 0.071875 0.075
0 0.55078125 0.69921875 0.0734375 0.0765625
0 0.65546875 0.34375 0.0765625 0.0875
0 0.7046875 0.5890625 0.075 0.078125
0 0.44921875 0.696875 0.0765625 0.075
0 0.49765625 0.46875 0.0734375 0.0875
0 0.6046875 0.4671875 0.071875 0.08125
0 0.39140625 0.4640625 0.0734375 0.08125
0 0.60078125 0.8109375 0.0734375 0.078125
0 0.6046875 0.21328125 0.078125 0.0890625