0 0.4091096280215211 0.5868870098380811 0.08156301779449712 0.08846935775648763
0 0.7717555721665718 0.3024722297620704 0.08500635277546902 0.09644563206674714
0 0.5184209610253266 0.5795924089789984 0.08625051779449713 0.0887150192218769
0 0.720758099352609 0.43432641734674143 0.0896938527754692 0.09669129353213642
0 0.7939077337627397 0.6731974875639865 0.08318918479069133 0.09011374491161739
0 0.4330432406456409 0.32883549242522647 0.08650518577927464 0.0949650192218769
0 0.6893157342570313 0.6810276769576799 0.08462435079830274 0.08707063206674696
0 0.834820599352609 0.4283486550222695 0.08331651878308044 0.09323874491161739
0 0.8382559585538688 0.5510867921773993 0.08312551779449713 0.0885512449116174
0 0.5454795736494464 0.32137711725588436 0.08656885277546919 0.09652751922187681
0 0.6244481265386463 0.5685553324301752 0.08299818380210837 0.08542624491161739
0 0.5824436517475172 0.6905431970840679 0.08462435079830274 0.08707063206674714
0 0.6562260726608633 0.310875629241672 0.08825868676785795 0.09973440637700656
0 0.7313202090481603 0.5590398123037873 0.08631418479069168 0.0902775192218769
0 0.47710223573990607 0.6991955800553261 0.08774935079830275 0.08723440637700666
0 0.504829351824067 0.45738653833221204 0.0850700197716634 0.09800813206674715
0 0.616229766843095 0.44371910674043474 0.08325285178688588 0.09167624491161738
0 0.3947049353221642 0.46394083276885956 0.08481535178688589 0.09175813206674696
0 0.6440589254735134 0.8000543159218318 0.08468801779449713 0.08863313206674697
0 0.5914393779843401 0.18117484113660257 0.08988485376405216 0.10137879353213637