0 0.58203125 0.22890625 0.065625 0.0796875
0 0.6375 0.3453125 0.0734375 0.0796875
0 0.73671875 0.3375 0.0609375 0.0765625
0 0.7875 0.45 0.0640625 0.071875
0 0.6921875 0.45859375 0.0671875 0.0671875
0 0.59296875 0.4625 0.0609375 0.0671875
0 0.49375 0.46875 0.0734375 0.0703125
0 0.39453125 0.47421875 0.0703125 0.0671875
0 0.434375 0.3546875 0.0671875 0.071875
0 0.40546875 0.58515625 0.0671875 0.06875
0 0.50234375 0.58046875 0.065625 0.0703125
0 0.60078125 0.57578125 0.0671875 0.0671875
0 0.6921875 0.56875 0.0671875 0.065625
0 0.79296875 0.5640625 0.0640625 0.0671875
0 0.4625 0.68671875 0.0671875 0.0625
0 0.5578125 0.6828125 0.06875 0.065625
0 0.6515625 0.67734375 0.0625 0.0671875
0 0.7484375 0.671875 0.0609375 0.071875
0 0.6125 0.78125 0.0703125 0.0671875