0 0.5954435446455639 0.4233671110393081 0.08277731818121907 0.09128427956950454
0 0.24280987378712693 0.6923310109582548 0.0860386858759707 0.09924232878371626
0 0.48746740341186195 0.42772066314900387 0.08746481818121907 0.09150260339082213
0 0.29038607752000517 0.5647539745643246 0.0907261858759707 0.09946065260503385
0 0.21632483482360582 0.32830274420903177 0.08436709172016936 0.0929195541766104
0 0.5746053445661337 0.6765092276646965 0.08757391233702042 0.09775260339082212
0 0.3188322260573079 0.3236944809744654 0.0858750446422687 0.08986732878371625
0 0.17853095982525347 0.5673630901562559 0.08442163879807008 0.0960445541766104
0 0.1736134090939048 0.4459418544242794 0.08433981818121902 0.09135705417661058
0 0.4650667033324317 0.6807900051672865 0.0876011858759707 0.09931510339082213
0 0.3841378518697344 0.4346362890800172 0.08428527110331832 0.08823205417661058
0 0.42450552759943533 0.3168880169541108 0.08587504464226861 0.08986732878371625
0 0.35548715179030416 0.6874145326698764 0.09080800649282175 0.10414815260503403
0 0.2792458003276068 0.44147914040392483 0.08749209172016936 0.09306510339082212
0 0.5278078056026126 0.3115348910230974 0.0890000446422686 0.09001287799792798
0 0.502568477682161 0.5480524338271684 0.08765573295387127 0.1024401033908223
0 0.39371562906213275 0.5578383486333112 0.08439436525911974 0.0944820541766104
0 0.6113122321463879 0.5445165190210254 0.08595686525911965 0.09455482878371627
0 0.36074876501753367 0.2068002334556648 0.08590231818121907 0.09142982878371626
0 0.4212467451353266 0.8171427280789813 0.09237050649282175 0.10422092721213971