0 0.1796875 0.946875 0.0296875 0.07109375
0 0.28046875 0.86171875 0.02890625 0.07734375
0 0.98046875 0.2421875 0.03125 0.06953125
0 0.1375 0.95390625 0.03046875 0.06953125
0 0.9171875 0.9609375 0.034375 0.06953125
0 0.046875 0.959375 0.028125 0.0765625
0 0.4578125 0.7234375 0.03515625 0.07421875
0 0.20859375 0.4796875 0.03671875 0.0734375
0 0.1984375 0.8640625 0.0328125 0.071875
0 0.26328125 0.946875 0.03515625 0.08125
0 0.1640625 0.47578125 0.0328125 0.08046875
0 0.22109375 0.21875 0.03671875 0.078125
0 0.02109375 0.87734375 0.028125 0.06953125
0 0.15390625 0.86640625 0.0328125 0.07890625
0 0.98046875 0.6921875 0.028125 0.065625
0 0.55234375 0.6328125 0.03671875 0.08359375
0 0.234375 0.56171875 0.04140625 0.075
0 0.43203125 0.47578125 0.034375 0.08125
0 0.0921875 0.953125 0.03125 0.07109375
0 0.53203125 0.55546875 0.03671875 0.0890625
0 0.2359375 0.74453125 0.03046875 0.11328125
0 0.2421875 0.86015625 0.0328125 0.096875
0 0.415625 0.721875 0.03359375 0.0703125
0 0.05625 0.5578125 0.03203125 0.0890625
0 0.51015625 0.4734375 0.03125 0.06953125
0 0.25078125 0.48203125 0.03046875 0.07109375
0 0.2125 0.64375 0.0328125 0.08359375
0 0.3375 0.47578125 0.040625 0.096875
0 0.74140625 0.9765625 0.03203125 0.04296875
0 0.1234375 0.6421875 0.03671875 0.0859375
0 0.19296875 0.73046875 0.03828125 0.0859375
0 0.4328125 0.63984375 0.04140625 0.08046875
0 0.40234375 0.93671875 0.03203125 0.0671875
0 0.14296875 0.5578125 0.034375 0.08359375
0 0.16796875 0.646875 0.03671875 0.08359375
0 0.5375 0.71640625 0.0359375 0.07265625
0 0.2921875 0.47890625 0.0328125 0.07578125
0 0.1875 0.56171875 0.0328125 0.075
0 0.215625 0.04296875 0.03046875 0.0859375
0 0.07421875 0.47578125 0.0296875 0.0796875
0 0.10703125 0.73671875 0.034375 0.0859375
0 0.57578125 0.715625 0.0359375 0.0734375
0 0.1125 0.87421875 0.03203125 0.0796875
0 0.409375 0.228125 0.0390625 0.08046875
0 0.25390625 0.64375 0.03203125 0.078125
0 0.03515625 0.65234375 0.03671875 0.08203125
0 0.09921875 0.5578125 0.0328125 0.0890625
0 0.1828125 0.39140625 0.03203125 0.0890625
0 0.56875 0.55078125 0.0375 0.0859375
0 0.196875 0.1328125 0.0375 0.08359375
0 0.81171875 0.96796875 0.0375 0.059375
0 0.97890625 0.39375 0.03203125 0.06953125
0 0.11875 0.4734375 0.03203125 0.08046875
0 0.6640625 0.3171875 0.03359375 0.06875
0 0.11484375 0.3078125 0.034375 0.08359375
0 0.88046875 0.6984375 0.03203125 0.06875
0 0.06796875 0.8734375 0.03203125 0.06953125
0 0.13984375 0.39375 0.0328125 0.0890625
0 0.08203125 0.65078125 0.03515625 0.0859375
0 0.453125 0.56171875 0.03046875 0.0859375
0 0.22109375 0.94609375 0.025 0.06484375
0 0.6515625 0.83359375 0.0359375 0.07265625
0 0.1578125 0.3078125 0.03046875 0.0890625
0 0.3921875 0.4796875 0.0296875 0.0765625
0 0.2734375 0.5609375 0.03515625 0.0734375
0 0.03828125 0.03515625 0.034375 0.06953125
0 0.60703125 0.39765625 0.03203125 0.0703125
0 0.846875 0.96953125 0.03046875 0.05625
0 0.4703125 0.47890625 0.03046875 0.08125
0 0.3234375 0.86171875 0.0328125 0.078125
0 0.9296875 0.46953125 0.03203125 0.0734375
0 0.61171875 0.97578125 0.03046875 0.04296875
0 0.49453125 0.55703125 0.0359375 0.078125
0 0.2640625 0.22578125 0.0328125 0.08046875
0 0.24296875 0.3078125 0.03046875 0.08359375
0 0.4484375 0.228125 0.03515625 0.08046875
0 0.0484375 0.38984375 0.0328125 0.08046875
0 0.8421875 0.821875 0.025 0.065625
0 0.20234375 0.3078125 0.034375 0.08359375
0 0.721875 0.90546875 0.02734375 0.0671875
0 0.1765625 0.221875 0.03671875 0.08359375
0 0.634375 0.91015625 0.028125 0.0671875
0 0.134375 0.21640625 0.034375 0.09375
0 0.06953125 0.30078125 0.03671875 0.09140625
0 0.828125 0.903125 0.03046875 0.0703125
0 0.49609375 0.71640625 0.03515625 0.08046875
0 0.64609375 0.39453125 0.0328125 0.06796875
0 0.98203125 0.5453125 0.03125 0.06875
0 0.4671875 0.31015625 0.03203125 0.08359375
0 0.30546875 0.94453125 0.0328125 0.08125
0 0.06171875 0.73671875 0.03203125 0.07578125
0 0.56875 0.39921875 0.03359375 0.0734375
0 0.109375 0.12890625 0.03515625 0.10234375
0 0.88125 0.96484375 0.0328125 0.0578125
0 0.4296875 0.31015625 0.0375 0.078125
0 0.08515625 0.0390625 0.03671875 0.078125
0 0.4125 0.3921875 0.0390625 0.09140625
0 0.0171875 0.73359375 0.034375 0.0796875
0 0.8640625 0.8921875 0.0296875 0.0625
0 0.9296875 0.88671875 0.03046875 0.08046875
0 0.4875 0.2328125 0.03671875 0.08359375
0 0.3953125 0.64453125 0.0328125 0.06875
0 0.34765625 0.94609375 0.0390625 0.10234375
0 0.51875 0.925 0.03203125 0.0734375
0 0.5875 0.634375 0.04140625 0.09140625
0 0.4140625 0.55703125 0.03125 0.08203125
0 0.15 0.73046875 0.034375 0.084375
0 0.38515625 0.31875 0.03671875 0.09921875
0 0.009375 0.38125 0.01875 0.08125
0 0.61328125 0.83828125 0.03203125 0.0765625
0 0.23828125 0.13671875 0.03046875 0.0859375
0 0.3078125 0.23046875 0.03203125 0.0796875
0 0.50859375 0.31328125 0.0390625 0.0890625
0 0.48046875 0.925 0.02890625 0.0765625
0 0.6515625 0.9765625 0.03515625 0.040625
0 0.91171875 0.54453125 0.0375 0.08359375
0 0.2609375 0.05078125 0.03359375 0.07734375
0 0.1296875 0.04375 0.03515625 0.0703125
0 0.06171875 0.125 0.03828125 0.0859375
0 0.01796875 0.121875 0.0296875 0.07890625
0 0.0421875 0.2140625 0.0390625 0.07578125
0 0.02421875 0.30546875 0.03125 0.07421875
0 0.090625 0.2140625 0.0328125 0.07578125
0 0.15390625 0.13046875 0.0328125 0.07890625
0 0.17578125 0.04609375 0.03671875 0.07890625
0 0.28515625 0.140625 0.03359375 0.071875
0 0.30390625 0.05234375 0.034375 0.07734375
0 0.3265625 0.140625 0.034375 0.06875
0 0.2890625 0.30625 0.03125 0.071875
0 0.33359375 0.3125 0.03671875 0.0703125
0 0.22734375 0.3921875 0.0390625 0.071875
0 0.2703125 0.39296875 0.03828125 0.07734375
0 0.3109375 0.3953125 0.03828125 0.07578125
0 0.29765625 0.64453125 0.0359375 0.071875
0 0.315625 0.56015625 0.0375 0.06875
0 0.3390625 0.64375 0.034375 0.0671875
0 0.2796875 0.7296875 0.0390625 0.071875
0 0.321875 0.72734375 0.03359375 0.0640625
0 0.09375 0.390625 0.034375 0.07578125
0 0.03046875 0.47578125 0.03515625 0.07421875
0 0.0140625 0.56171875 0.028125 0.075
0 0.38359375 0.14375 0.0328125 0.065625
0 0.4046875 0.06328125 0.03203125 0.06875
0 0.44453125 0.0625 0.02890625 0.06015625
0 0.48515625 0.06484375 0.03046875 0.065625
0 0.46796875 0.1453125 0.0328125 0.06875
0 0.42734375 0.14296875 0.03359375 0.0640625
0 0.5265625 0.065625 0.034375 0.0703125
0 0.50703125 0.146875 0.03125 0.06875
0 0.5265625 0.23515625 0.03046875 0.0671875
0 0.5484375 0.31484375 0.0296875 0.065625
0 0.4890625 0.39375 0.0375 0.065625
0 0.453125 0.39921875 0.03359375 0.06875
0 0.421875 0.8546875 0.0359375 0.07890625
0 0.46015625 0.84921875 0.03125 0.07578125
0 0.4421875 0.93125 0.03359375 0.06875
0 0.5 0.84921875 0.0296875 0.06875
0 0.5390625 0.8453125 0.03046875 0.0671875
0 0.575 0.84296875 0.0296875 0.065625
0 0.5578125 0.9203125 0.03359375 0.06015625
0 0.596875 0.91953125 0.03046875 0.0625
0 0.58671875 0.3140625 0.03203125 0.0640625
0 0.625 0.31640625 0.0296875 0.071875
0 0.56796875 0.234375 0.0328125 0.06875
0 0.546875 0.1515625 0.03515625 0.07421875
0 0.56484375 0.06875 0.03203125 0.07421875
0 0.60390625 0.07421875 0.0359375 0.07421875
0 0.64140625 0.071875 0.03203125 0.0671875
0 0.62421875 0.15625 0.03359375 0.0703125
0 0.58515625 0.153125 0.0328125 0.0703125
0 0.6625 0.1578125 0.03046875 0.0703125
0 0.60625 0.23515625 0.03203125 0.0671875
0 0.6421875 0.23125 0.02890625 0.065625
0 0.47578125 0.6421875 0.034375 0.07421875
0 0.51796875 0.6375 0.0359375 0.065625
0 0.55078125 0.47578125 0.03828125 0.08046875
0 0.58984375 0.475 0.0359375 0.071875
0 0.6265625 0.47265625 0.0375 0.06875
0 0.66484375 0.471875 0.03046875 0.0671875
0 0.61015625 0.55625 0.03359375 0.0703125
0 0.6484375 0.55625 0.0328125 0.0671875
0 0.62890625 0.63359375 0.0328125 0.0703125
0 0.66640625 0.63515625 0.03125 0.0671875
0 0.61328125 0.71328125 0.0296875 0.0625
0 0.6515625 0.7140625 0.0296875 0.0640625
0 0.73046875 0.08046875 0.03515625 0.0703125
0 0.71484375 0.15703125 0.03671875 0.06875
0 0.75234375 0.153125 0.03125 0.0640625
0 0.76796875 0.0796875 0.02890625 0.07578125
0 0.80546875 0.0828125 0.03046875 0.05859375
0 0.7890625 0.15703125 0.0328125 0.065625
0 0.82421875 0.1625 0.0328125 0.07578125
0 0.84296875 0.07890625 0.0328125 0.0671875
0 0.87734375 0.0859375 0.03359375 0.0640625
0 0.9140625 0.08671875 0.0328125 0.0625
0 0.946875 0.0875 0.0296875 0.0640625
0 0.8609375 0.16328125 0.0328125 0.0671875
0 0.89453125 0.1640625 0.0328125 0.0625
0 0.9296875 0.165625 0.02890625 0.06875
0 0.96484375 0.16640625 0.0296875 0.0671875
0 0.734375 0.2359375 0.02890625 0.0625
0 0.7171875 0.31953125 0.0328125 0.05703125
0 0.734375 0.3984375 0.03046875 0.05703125
0 0.71875 0.47734375 0.03046875 0.0640625
0 0.75234375 0.478125 0.02890625 0.0625
0 0.753125 0.31953125 0.0328125 0.0640625
0 0.7703125 0.240625 0.03125 0.0640625
0 0.80546875 0.2421875 0.0296875 0.06015625
0 0.84140625 0.2375 0.03046875 0.05859375
0 0.87734375 0.23828125 0.0296875 0.0640625
0 0.9125 0.2421875 0.0296875 0.0640625
0 0.946875 0.24375 0.0328125 0.0703125
0 0.78984375 0.315625 0.034375 0.0640625
0 0.82421875 0.315625 0.02734375 0.06015625
0 0.86015625 0.3171875 0.02890625 0.0640625
0 0.89375 0.3171875 0.028125 0.0640625
0 0.9296875 0.325 0.02890625 0.06875
0 0.96484375 0.32265625 0.02890625 0.0640625
0 0.76796875 0.39765625 0.0265625 0.05546875
0 0.809375 0.39375 0.0296875 0.05546875
0 0.84140625 0.39765625 0.028125 0.05546875
0 0.8765625 0.3953125 0.02890625 0.065625
0 0.909375 0.3921875 0.028125 0.065625
0 0.94375 0.39296875 0.0296875 0.0703125
0 0.78984375 0.475 0.0265625 0.06875
0 0.825 0.47265625 0.028125 0.0625
0 0.859375 0.475 0.02421875 0.05546875
0 0.89375 0.47109375 0.028125 0.0625
0 0.965625 0.46796875 0.025 0.05546875
0 0.7359375 0.55078125 0.0296875 0.0640625
0 0.7703125 0.5453125 0.0265625 0.0625
0 0.80703125 0.54921875 0.03046875 0.06015625
0 0.84453125 0.5515625 0.0265625 0.05859375
0 0.87890625 0.55390625 0.03046875 0.0625
0 0.946875 0.54765625 0.02734375 0.0640625
0 0.71875 0.63359375 0.02578125 0.05703125
0 0.7546875 0.6296875 0.0265625 0.06015625
0 0.79140625 0.63203125 0.02734375 0.0640625
0 0.82578125 0.63125 0.0265625 0.05859375
0 0.8609375 0.625 0.0265625 0.06015625
0 0.8953125 0.625 0.02578125 0.0640625
0 0.9296875 0.621875 0.03125 0.05703125
0 0.96484375 0.62265625 0.03046875 0.05546875
0 0.99140625 0.621875 0.0171875 0.0640625
0 0.73671875 0.71015625 0.02890625 0.05859375
0 0.77421875 0.71015625 0.025 0.05546875
0 0.8109375 0.70546875 0.03203125 0.0671875
0 0.84296875 0.7015625 0.02890625 0.0625
0 0.9125 0.6984375 0.028125 0.0625
0 0.94765625 0.6953125 0.028125 0.06015625
0 0.73828125 0.83046875 0.0296875 0.0625
0 0.775 0.828125 0.0296875 0.06015625
0 0.81015625 0.8265625 0.02734375 0.05390625
0 0.88046875 0.81796875 0.03125 0.05703125
0 0.91484375 0.81796875 0.02890625 0.05390625
0 0.94765625 0.815625 0.0265625 0.05546875
0 0.98203125 0.815625 0.0296875 0.0625
0 0.75625 0.90390625 0.03203125 0.05703125
0 0.79453125 0.90078125 0.03046875 0.05703125
0 0.7765625 0.97421875 0.02890625 0.05078125
0 0.9671875 0.88359375 0.03125 0.0640625
0 0.8984375 0.89140625 0.0296875 0.065625
0 0.94765625 0.96015625 0.0265625 0.05859375
0 0.9796875 0.959375 0.02890625 0.0671875
0 0.99375 0.4703125 0.0125 0.0625
0 0.99296875 0.3171875 0.01328125 0.059375
0 0.8203125 0.01953125 0.03046875 0.03828125
0 0.92890625 0.02109375 0.03046875 0.03828125
0 0.89375 0.01953125 0.03046875 0.03828125
0 0.859375 0.01953125 0.03046875 0.03828125
0 0.784375 0.01953125 0.03046875 0.03828125
0 0.66953125 0.91171875 0.03046875 0.065625