0 0.9786395835352781 0.7645458420227917 0.04272083292944373 0.03786818114108108
0 0.9007161492760594 0.6672042692349316 0.08421317391627667 0.038232054176610394
0 0.9849996714819997 0.8080411308979214 0.030000657036000432 0.037358758891340216
0 0.9508740919010542 0.008419121073313173 0.07340300790866543 0.016838242146626346
0 0.9885358483640259 0.9032808562908154 0.02292830327194828 0.034088209677128486
0 0.74176827771751 0.4930134061241997 0.08134284190105419 0.04433650496239885
0 0.5066570845610425 0.7740066567433723 0.07978034190105418 0.04426373035529281
0 0.9088735005686537 0.752142195413614 0.07809050790866542 0.041065955748186944
0 0.972886990645641 0.6772277785405565 0.054226018708718016 0.04448205417661057
0 0.506972760948777 0.8201731813504782 0.08746550790866543 0.04150260339082194
0 0.23468658406675086 0.7843256883797914 0.08446784190105419 0.0444820541766104
0 0.9358219556253002 0.9332637628247908 0.07295733893530461 0.029910131926869355
0 0.914626093458291 0.7972727588958494 0.08434050790866543 0.04135705417661058
0 0.6402601744477493 0.4030305690683158 0.09071784190105418 0.04477315260503385
0 0.5914167451314463 0.74109780335255 0.0815975098858317 0.050586504962398846
0 0.4862332021280782 0.5417035789931133 0.08746550790866543 0.041502603390822304
0 0.9851415929268186 0.8541712682014744 0.029716814146362937 0.0389940334984459
0 0.5607782628887623 0.4309972113342675 0.09696784190105419 0.045064251033457306
0 0.7816597431542799 0.7228443012856355 0.12177684091247105 0.04154114474715094
0 0.9015584076790162 0.7070844065384845 0.10309050790866507 0.042230349461880756
0 0.7435827871090501 0.5375446561241997 0.07652800790866543 0.04099318114108108
0 0.6005237841804816 0.9261812787454442 0.09677684091247105 0.04037675103345748
0 0.4766725183259698 0.4607446774215367 0.07483817391627667 0.037795406533975395
0 0.5064369086675995 0.7301838821362664 0.07796317391627668 0.03794095574818694
0 0.6781182490857789 0.7558451999617279 0.09059050790866544 0.04164815260503385
0 0.493401056386422 0.6407767797789016 0.10340884288963732 0.050042849461880756
0 0.9795767299997813 0.17742683168370962 0.040846540000437415 0.03626713978475227
0 0.6842820188574424 0.849486038051069 0.09390650889724857 0.0464812018192454
0 0.7702248360439172 0.7687753854460353 0.09397017589344295 0.048043701819245575
0 0.6570404506452034 0.5267035095150219 0.0878475098858317 0.050877603390822125
0 0.966865142318796 0.5332787253974033 0.06626971536240803 0.03921235731976367
0 0.5937379318993041 0.8364830779596559 0.0906541749048598 0.043210652605034025
0 0.6847157589716106 0.8025018761404104 0.09078150889724856 0.04633565260503403
0 0.7290825939154015 0.4122000537668349 0.07978034190105418 0.04426373035529281
0 0.4999667327741566 0.686652205957584 0.08277800790866544 0.041284279569504534
0 0.5949210885153752 0.7886812787454442 0.08121550790866543 0.04121150496239885
0 0.06950725304011161 0.8029772967330123 0.05608817391627661 0.036922111248705036
0 0.5139177807204405 0.9137776321362665 0.08577567391627668 0.03830482878371626
0 0.7840101048269975 0.8573648504998473 0.09377917490485962 0.0433562018192454
0 0.7250835020143473 0.37168421567749366 0.07978034190105418 0.04426373035529281
0 0.926565019351734 0.8405497239496613 0.08583934091247088 0.03986732878371626
0 0.22972587555006316 0.5857426391655798 0.08772017589344294 0.0477526033908223
0 0.6748367401885303 0.7137304745688338 0.08427684091247087 0.039794554176610396
0 0.7012559546367172 0.9394924538906693 0.08921900889724857 0.046262877997928345
0 0.5971467747889415 0.8817228033525503 0.09684050790866543 0.041939251033457484
0 0.41646050748873586 0.807951471259065 0.09677684091247088 0.04037675103345748
0 0.5529684214819997 0.39300705976269096 0.09390650889724857 0.046481201819245574
0 0.14673825650015274 0.8158175909848253 0.09078150889724856 0.046335652605033674
0 0.9662682816346615 0.10528000393345063 0.05946784190105418 0.04331766046291672
0 0.3566320019771664 0.000353102771649616 0.07238433596955511 0.000706205543299232
0 0.5081651878308031 0.8686470686540311 0.08746550790866543 0.041502603390822304
0 0.3015876522046278 0.3131355849889693 0.07496550790866544 0.04092040653397531
0 0.3358909398079695 0.8860636627392282 0.0906541749048598 0.043210652605034025
0 0.6832528517868859 0.05584304590895204 0.07496550790866544 0.04092040653397531
0 0.9292562792375657 0.8873883366461083 0.07496550790866544 0.04092040653397504
0 0.42377560037837325 0.8530092601341945 0.09684050790866543 0.041939251033457484
0 0.6953441942565938 0.8904556404084338 0.09384284190105419 0.0449187018192454
0 0.5742770301889679 0.5125554263880794 0.09358817391627668 0.038668701819245574
0 0.9786090793337998 0.7216134793263448 0.04278184133240046 0.03139985731976367
0 0.8412085677179475 0.2825232082338956 0.07821784190105419 0.04419095574818703
0 0.3324820969183321 0.8408239373463342 0.09677684091247105 0.04037675103345748
0 0.4926397110253268 0.5836727551717956 0.08265067391627667 0.03815927956950453
0 0.5873858197322949 0.699800715263209 0.07978034190105418 0.04426373035529281
0 0.07373579110056383 0.983591595947224 0.03714717292769345 0.03136131596343468
0 0.3906620810638203 0.36690909429459423 0.07652800790866543 0.04099318114108108
0 0.9648039407221904 0.06934250393345062 0.05602450692008247 0.03535961124870499
0 0.4861721937251211 0.5017870543860073 0.08733817391627667 0.0383776033908223
0 0.897307306386422 0.6219645438420374 0.08434050790866543 0.04135705417661058
0 0.44006392589344295 0.023336722706807 0.07965300790866543 0.04113873035529288
0 0.9847059110832859 0.31314600786239205 0.030588177833428175 0.034704639784752266
0 0.5654949377936221 0.46991416212005577 0.08446784190105419 0.0444820541766104
0 0.2382771576790163 0.737977227254921 0.08746550790866543 0.041502603390822124
0 0.32572807813525184 0.7519069865605459 0.09046317391627667 0.03852315260503403
0 0.22653986714710617 0.5459716637726857 0.08759284190105418 0.0446276033908223
0 0.4268780371462311 0.9483581474377474 0.08746550790866543 0.04150260339082194
0 0.8144046926993569 0.08574025351916588 0.07152217292769336 0.03296235731976358
0 0.3290414205305976 0.79480296195344 0.0906541749048598 0.04321065260503385
0 0.9108088019006167 0.20413918900347322 0.07314833992388756 0.034597631926869446
0 0.24118859345829105 0.8286386145584739 0.09071784190105418 0.044773152605034026
0 0.9231270711779885 0.295145178664391 0.07321200692008248 0.03616013192686944
0 0.23912868634792836 0.8741330510762385 0.1015916749048598 0.043720074854774894
0 0.33236403319189844 0.9339746238640988 0.09853034190105418 0.04513702564056317
0 0.9000066116727176 0.09271153743189663 0.07640067391627667 0.03786818114108115
0 0.7316146863107473 0.45513241646328195 0.08759284190105418 0.044627603390822126
0 0.3843192391627661 0.3265024181159118 0.07496550790866544 0.04092040653397531
0 0.3107729457022875 0.5193491976854163 0.09052684091247105 0.04008565260503385
0 0.9704649861970166 0.6335505531476624 0.05907002760596676 0.041502603390822304
0 0.7874826147128292 0.9041670758927414 0.08121550790866543 0.04121150496239849
0 0.3945975059686801 0.40586243238393543 0.07965300790866543 0.04113873035529281
0 0.14971335927562182 0.9080414782883782 0.10946784190105419 0.045646447890304385
0 0.9594333498097196 0.03358694045121527 0.062338173916276676 0.037213209677128434
0 0.31389528710905007 0.5575576730783105 0.08453150889724856 0.046044554176610575
0 0.07579569821092648 0.9380971594294593 0.048466674904859786 0.041245738213175544
0 0.40050129056909123 0.5699613196874884 0.09865767589344294 0.048262025640563165
0 0.7860129566138834 0.944937625106953 0.0823323389353046 0.030346779569504535
0 0.8852291872621496 0.056611371592296435 0.06852450692008247 0.03594180810555185
0 0.8754284229276934 0.004079454509841931 0.08733817391627667 0.008158909019683863
0 0.22719644174795478 0.5044562518620268 0.09071784190105418 0.04477315260503385
0 0.6641008755500633 0.5655112983901514 0.07496550790866544 0.04092040653397522
0 0.9640412312541008 0.5900552642725329 0.07191753749179845 0.048262025640563165
0 0.9467157628887624 0.41302188337912077 0.07965300790866543 0.04113873035529281
0 0.6387321665390838 0.3655305690683158 0.09878500988583169 0.05138702564056317
0 0.572026122090022 0.5533623629058441 0.08896434091247105 0.040012877997927986
0 0.7736336789335546 0.8140151108389293 0.09065417490485964 0.043210652605034025
0 0.3251802969948818 0.6039960254356753 0.10634284190105418 0.045500898676092305
0 0.42033887707011897 0.9799720204732767 0.08456600098858313 0.00861732878371626
0 0.8490820761209044 0.32207585980547215 0.08271434091247087 0.03972177956950453
0 0.14808058060670976 0.7719220417706136 0.093651840912471 0.040231201819245575
0 0.2403052312912818 0.6917015407371563 0.08746550790866543 0.041502603390822124
0 0.30977151980884454 0.47556281038186343 0.09709517589344294 0.0481892510334573
0 0.9507148547898165 0.4535377214684619 0.08265067391627667 0.03815927956950453
0 0.9830014896384671 0.2710312824694979 0.03399702072306567 0.040954639784752264
0 0.5188892628515813 0.03688549235151413 0.09078150889724856 0.046335652605033875
0 0.06759724315427987 0.7561022967330123 0.059276840912471006 0.038630160462916764
0 0.07238685532128913 0.8928574340365654 0.048466674904859786 0.041245738213175544
0 0.14937511965574518 0.9573693901990371 0.09397017589344295 0.0480437018192454
0 0.14527521007392458 0.9912178513239075 0.08156833498097198 0.011596779569504534
0 0.24379362311578628 0.9694091637726856 0.08140650889724857 0.045899004962398494
0 0.33948812509295256 0.9743449127392283 0.07751750494291584 0.027003455748187122
0 0.24022561273566295 0.9202631883797914 0.08121550790866543 0.04121150496239849
0 0.14702209938979008 0.8612028655919313 0.08590300790866542 0.04142982878371626
0 0.07122626193736019 0.8451647967330123 0.053217841901054184 0.04302656203449331
0 0.14766940372468365 0.7234117671635077 0.0781541749048598 0.042628455748186946
0 0.06422023376273972 0.7116438213401182 0.05940417490485979 0.04175516046291676
0 0.14432422783124066 0.6797345417706137 0.0750291749048598 0.04248290653397539
0 0.32069306824942007 0.7051775357747576 0.07802684091247106 0.03950345574818712
0 0.3226574748654912 0.6573393492569929 0.07665534190105419 0.044118181141081084
0 0.41455049760290413 0.761076471259065 0.07834517589344295 0.04731595574818712
0 0.411954738211364 0.7165816085626179 0.08459517589344294 0.047607054176610396
0 0.41179822931411547 0.674321333955512 0.08147017589344294 0.04746150496239867
0 0.6721773138007958 0.6676731118723869 0.07821784190105419 0.04419095574818712
0 0.5832275603407547 0.6553786271738676 0.07515650889724856 0.045607906533975395
0 0.66808272140545 0.6248135237830456 0.07346667490485981 0.042410131926869356
0 0.7634389837627398 0.679077184660247 0.07834517589344295 0.04731595574818694
0 0.7569688078692968 0.6355455084815645 0.06865184091247087 0.039066808105551944
0 0.42415494376230223 0.9007382847413001 0.08127917490485981 0.04277400496239849
0 0.5172947901119807 0.9582361075291604 0.08127917490485963 0.04277400496239849
0 0.6082699585910498 0.9626089303170208 0.07895267095052709 0.023951230355292806
0 0.1426861319758538 0.6203231544670607 0.07184050790866543 0.04077485731976367
0 0.059890878021521085 0.6053938213401182 0.06708934091247101 0.0389940334984459
0 0.055110536120466916 0.5649143705543299 0.062274506920082226 0.03565070967712849
0 0.05417277722321834 0.522690483250777 0.06696200692008221 0.035869033498445904
0 0.13833953018896789 0.5328595417706137 0.07496550790866538 0.0409204065339754
0 0.13846420558811925 0.5743385663777195 0.06865184091247101 0.039066808105551944
0 0.05313951783167818 0.47812284594722404 0.06871550790866539 0.040629308105551945
0 0.1374336047898165 0.4914169044670607 0.07490184091247101 0.039357906533975216
0 0.22788484984690066 0.46372208995136804 0.07327567391627668 0.03772263192686935
0 0.30964684440969314 0.43408378577475765 0.07171317391627667 0.03764985731976367
0 0.39565994026508006 0.48956534429459425 0.07203150889724856 0.04546235731976367
0 0.4041873646756482 0.5259566085626179 0.07496550790866544 0.0409204065339754
0 0.8814183681356894 0.5201666033953314 0.08603034190105419 0.04455482878371626
0 0.8727636097327324 0.4806503391273077 0.08115184091247088 0.03964900496239867
0 0.9601190296946763 0.49223634843293257 0.07496550790866544 0.0409204065339754
0 0.869513934333581 0.4393168637344136 0.07483817391627667 0.037795406533975395
0 0.863202925930624 0.3996914375557311 0.07327567391627668 0.03772263192686944
0 0.8569555845238614 0.3616285113770487 0.07171317391627667 0.03764985731976358
0 0.9403729209877081 0.3726152072004383 0.06552684091247088 0.03892125889134013
0 0.9363738290866539 0.33209936911109705 0.06852450692008212 0.03594180810555194
0 0.30567958600673617 0.3943491976854164 0.06865184091247105 0.039066808105551944
0 0.3048373276037792 0.35446906038186343 0.07796317391627658 0.03794095574818694
0 0.22379025745155484 0.4208625018620268 0.07496550790866544 0.0409204065339754
0 0.1389032628887623 0.45064635525284896 0.08134284190105419 0.04433650496239867
0 0.0530785094287212 0.43820632134011817 0.07177684091247098 0.03921235731976367
0 0.054516334029569825 0.39665452212590646 0.07821784190105416 0.04419095574818703
0 0.04901840912471005 0.3577739586436711 0.0702780079086654 0.04070208271265772
0 0.13715507908665397 0.3693235806457431 0.07652800790866539 0.04099318114108117
0 0.13724792098770813 0.410021355252849 0.07652800790866543 0.04099318114108108
0 0.13553157068369698 0.3294798306457431 0.07640067391627663 0.03786818114108117
0 0.2213854990485979 0.38105513916557976 0.07340300790866543 0.040847631926869445
0 0.21357565764183528 0.34306498759400317 0.07171317391627659 0.03764985731976358
0 0.6560071912536631 0.482135872211469 0.08127917490485981 0.042774004962398846
0 0.6479745153602202 0.4386769706398924 0.07196784190105418 0.04389985731976367
0 0.47570292593062397 0.41773954011798375 0.08772017589344294 0.04775260339082212
0 0.47173566752766705 0.3780049520286426 0.07821784190105419 0.04419095574818703
0 0.4678002426228073 0.33905161393930133 0.07515650889724856 0.045607906533975305
0 0.46386481771794746 0.3000982758499601 0.07327567391627668 0.03772263192686944
0 0.5550919955885567 0.3490751232449263 0.07652800790866543 0.04099318114108108
0 0.5527190706836971 0.31004901054847916 0.07340300790866543 0.040847631926869445
0 0.6338881576418353 0.3234886182825275 0.07652800790866543 0.04099318114108117
0 0.6338271492388783 0.2835720936754217 0.07333934091247105 0.03928513192686944
0 0.7188043271094877 0.33284003949881125 0.06852450692008212 0.03594180810555185
0 0.7164314022046279 0.2938139268023642 0.06852450692008212 0.03594180810555185
0 0.04991772285114375 0.26458688482235354 0.07665534190105418 0.04411818114108117
0 0.13095947581689327 0.2749014925564019 0.07509284190105418 0.044045406533975304
0 0.12386721741393628 0.23531245368127243 0.06858817391627658 0.03750430810555194
0 0.04751296444818677 0.2247795221259065 0.0779631739162766 0.03794095574818703
0 0.04748378954332698 0.18564424751880065 0.06539950692008221 0.03579625889134017
0 0.1246511260071737 0.19692204177061362 0.07184050790866539 0.04077485731976358
0 0.1278742850947027 0.16076621794929605 0.08121550790866539 0.04121150496239876
0 0.04048703163466158 0.14839895864367114 0.0702780079086654 0.04070208271265772
0 0.043678357224093384 0.11146188482235356 0.068651840912471 0.03906680810555185
0 0.04208668231923359 0.07239938482235356 0.06865184091247101 0.039066808105551874
0 0.03993659190105418 0.0388420221259065 0.06852450692008222 0.03594180810555188
0 0.1255331936879401 0.12252135525284898 0.07340300790866543 0.040847631926869445
0 0.1241006862735663 0.08736510525284899 0.06865184091247101 0.039066808105551874
0 0.1233857618629981 0.05060996794929604 0.07483817391627659 0.037795406533975305
0 0.11976867193911027 0.019469129859954838 0.07133117193911023 0.02827485731976358
0 0.21200388737588022 0.2468620756833444 0.0685245069200822 0.03594180810555185
0 0.3001405573378241 0.2584116976854164 0.06240184091247105 0.03877570967712849
0 0.38134413638729703 0.2342785308123589 0.062274506920082295 0.03565070967712849
0 0.4638847223568522 0.24295786393930136 0.06852450692008212 0.03594180810555185
0 0.4632652984405755 0.2085464766357484 0.06852450692008212 0.03594180810555185
0 0.2970182159310616 0.22020322229252223 0.06865184091247105 0.03906680810555185
0 0.213632712965312 0.20999777646913267 0.06858817391627667 0.03750430810555185
0 0.2129177885547438 0.17324263916557975 0.0653995069200822 0.035796258891340124
0 0.2051397806460784 0.1360337375940032 0.0653995069200822 0.035796258891340124
0 0.20279868923931582 0.09778887489755611 0.0685245069200822 0.03594180810555188
0 0.20442751482874763 0.0609245756833444 0.0685245069200822 0.03594180810555188
0 0.20299500741437376 0.025768325683344397 0.07652800790866543 0.04099318114108116
0 0.29077087452429895 0.1821402961138398 0.06871550790866543 0.040629308105551855
0 0.28855711710992515 0.14702043341739274 0.06527217292769345 0.03267125889134013
0 0.2869972757031626 0.10873918341739275 0.0685245069200823 0.03594180810555185
0 0.28403410178688593 0.0744369580244986 0.06846083992388782 0.034379308105551856
0 0.28953734387822055 0.03660947229252224 0.07483817391627667 0.037795406533975305
0 0.28276342045623554 0.009039975083307871 0.06658000494291585 0.018079950166615743
0 0.3775678789729232 0.19923144272301765 0.06058467292769336 0.03245293507002263
0 0.37034828657757746 0.15651740384788815 0.060712006920082204 0.03557793507002258
0 0.37210444615939803 0.12277810463367644 0.06064833992388783 0.03401543507002258
0 0.3667020217488298 0.08624129115144108 0.07171317391627667 0.03764985731976358
0 0.3613950978325532 0.05204822766920573 0.0716495069200822 0.03608735731976358
0 0.3591495069200822 0.017540602771649615 0.07640067391627667 0.03508120554329923
0 0.4561730400376186 0.16895743776061894 0.07471083992388791 0.03467040653397531
0 0.4523649491251476 0.13312909967127773 0.06846083992388792 0.034379308105551856
0 0.4508687747145794 0.0964103496712777 0.060457338935304604 0.02932793507002258
0 0.44474876730020546 0.06147242349259528 0.06846083992388792 0.03437930810555188
0 0.43407125247145795 0.0015313820315679307 0.060202670950527094 0.0030627640631358615
0 0.5404008014063251 0.21904302088756142 0.06852450692008212 0.03594180810555185
0 0.5311557939919513 0.1842506439230907 0.06839717292769336 0.032816808105551855
0 0.5326891190870915 0.14504259470887898 0.06539950692008212 0.035796258891340124
0 0.5318786941822318 0.10594370740532606 0.06527217292769336 0.03267125889134017
0 0.5319768532697606 0.0699334327982202 0.06852450692008212 0.03594180810555185
0 0.5205180884410131 0.008214798595039175 0.06839717292769336 0.01642959719007835
0 0.6269431378701718 0.22988416749673926 0.06214717292769336 0.03252570967712849
0 0.6215088799615064 0.1925661040145039 0.06527217292769336 0.03267125889134013
0 0.6199808720528409 0.1550661040145039 0.06839717292769336 0.032816808105551855
0 0.6161409476422728 0.11845651592516268 0.06527217292769336 0.03267125889134017
0 0.6076453567298017 0.08284650165713904 0.06527217292769336 0.03267125889134015
0 0.6045866823192336 0.0462005262642449 0.06839717292769336 0.032816808105551876
0 0.5984666749048598 0.014934602462063346 0.062338173916276676 0.02986920492412669
0 0.7057392999234503 0.20429766253434054 0.06539950692008212 0.035796258891340124
0 0.7033982085166878 0.16605279983789345 0.06052100593149916 0.030890435070022582
0 0.695556533611828 0.12728139826631688 0.07340300790866543 0.040847631926869445
0 0.6880013601898429 0.09554124669474032 0.06852450692008212 0.03594180810555188
0 0.6795402613687065 0.02235845781961082 0.06846083992388792 0.03437930810555187
0 0.6749509204562354 0.0018416932397463033 0.06533583992388792 0.0036833864794926065
0 0.8312977154367699 0.192970556662319 0.06852450692008212 0.03594180810555185
0 0.8266447075281047 0.1556161058765307 0.06539950692008248 0.035796258891340124
0 0.8219916996194392 0.11826165509074245 0.059022172927693364 0.032380160462916766
0 0.8080618507983027 0.04533357734048345 0.062338173916276676 0.03721320967712845
0 0.805066843383929 0.01400134108952383 0.05914950692008212 0.02800268217904766
0 0.9062194609881455 0.1683472382176849 0.06240184091247088 0.03877570967712844
0 0.9006897025851888 0.12868542473544958 0.062274506920082476 0.035650709677128446
0 0.9740144560452297 0.1417076555050272 0.04808467292769336 0.03187073821317572
0 0.8822341798477756 0.021527896199402284 0.07171317391627667 0.03764985731976358
0 0.9208496467674203 0.25846281596794396 0.07171317391627667 0.03764985731976358