0 0.02570961935072647 0.12713816155898694 0.03631930800445434 0.034276840912471004
0 0.0965499253659985 0.23680498022833651 0.08475680800445436 0.03625051779449713
0 0.766278100135221 0.9653425908381088 0.07509090666772718 0.01086851581733086
0 0.02127611067790857 0.08198482904947291 0.026962489337999784 0.03545733893530465
0 0.017058802792766926 0.9286515820152225 0.012918170671545232 0.03644683596955502
0 0.24490725139240635 0.42538336608416094 0.08170453333863606 0.042373183802108375
0 0.5121289246896807 0.14874397574253118 0.08017839600572714 0.04543451680591395
0 0.09394199868713542 0.14702489722453088 0.07854317067154523 0.03912084980971962
0 0.029116977363134993 0.21844891106469536 0.044186352005090676 0.03928267589344294
0 0.516252803349772 0.100115474753948 0.0879363520050905 0.04106535178688593
0 0.7959408506922261 0.15593841593324914 0.08486589600572714 0.045625517794497125
0 0.09182496801399935 0.09943231422072529 0.08481135200509068 0.04093801779449713
0 0.2779423061345847 0.9805510271488561 0.07043976933481808 0.013802514828747548
0 0.34299131007317846 0.5253422623201086 0.09111589600572696 0.04588018577927464
0 0.42258516669318064 0.1781860780237087 0.0817954400063634 0.050185683802108375
0 0.5149561220559974 0.3917127257425312 0.08795453333863605 0.042627851786885884
0 0.023047148671227063 0.03267057855518132 0.028524989337999785 0.03552100593149904
0 0.428683362070315 0.5007468275294171 0.09736589600572695 0.04613485376405215
0 0.2241385760264079 0.1854905365403964 0.12227498933799978 0.03934102570316256
0 0.09840277936027149 0.19452197973404492 0.10668635200509069 0.04182935574121864
0 0.24750499271958848 0.3799435320917721 0.07699885200509068 0.04061968281352515
0 0.4282431786680454 0.002420709962381434 0.0971113573360908 0.004841419924762868
0 0.5174913234006787 0.47524280874633684 0.07541817067154533 0.03899351581733086
0 0.5095311833624987 0.19418380973491994 0.07852498933799978 0.037558349809719616
0 0.3332408560232262 0.157596346806789 0.09106135200509069 0.04119268577927473
0 0.5153095633752253 0.28774280874633684 0.10677725867281787 0.0496418557412186
0 0.3352295226766359 0.05981276281440022 0.09424089600572697 0.04600751977166349
0 0.23999938602004453 0.1379470330803553 0.09424089600572697 0.04600751977166349
0 0.3367947593889065 0.3958457633086918 0.08804544000636341 0.050440351786885884
0 0.028518635383497692 0.368544411558987 0.04414998933799978 0.036157675893442945
0 0.42768065201304484 0.07871266003893113 0.09107953333863605 0.04275518577927471
0 0.33111473468331737 0.10922251380298338 0.09111589600572696 0.04588018577927473
0 0.2521572247374058 0.5110661980993834 0.0801602146721816 0.043872016805913995
0 0.5124021920353166 0.2394008092406284 0.08323067067154533 0.03931185079830275
0 0.42277552335295365 0.12737299452561152 0.0816863520050907 0.04081068380210837
0 0.9697227013446813 0.14490146235947726 0.06055459731063735 0.036921679847775654
0 0.5174602200031817 0.01026040832750109 0.08631930800445424 0.02052081665500218
0 0.23344884667409058 0.04520111756703567 0.09420453333863606 0.042882519771663484
0 0.2534293707431329 0.5532218646012861 0.0801602146721816 0.043872016805913995
0 0.08348520934118145 0.05443814920169725 0.08635567067154522 0.03943918479069153
0 0.7842510147199067 0.3604176688989987 0.0880090773392725 0.04731535178688588
0 0.33296868336249863 0.2013781803048862 0.08479317067154524 0.03937551779449713
0 0.42791646200668154 0.03180582654083393 0.0973113520050907 0.04144735376405227
0 0.6086948420194082 0.1182341219784789 0.09729317067154533 0.03988485376405224
0 0.4322810767424965 0.5412444935370283 0.09424089600572697 0.0460075197716634
0 0.8894090400222716 0.12789964616158564 0.09111589600572714 0.04588018577927473
0 0.6021792374681302 0.9689026254385201 0.07516363200190898 0.01711851581733086
0 0.5195863413430905 0.05073755726346203 0.08791817067154532 0.03950285178688593
0 0.6858793387571323 0.638774773651634 0.07545453333863605 0.04211851581733086
0 0.700036910009545 0.04182151920300982 0.09107953333863605 0.04275518577927471
0 0.26978381345476715 0.8839625286317311 0.07541817067154515 0.03899351581733086
0 0.08452954133513628 0.012326245057084127 0.07530908267027256 0.024652490114168254
0 0.6058056520130448 0.0714546224727705 0.0973113520050907 0.041447353764052286
0 0.32689885467059077 0.01852055384060196 0.09420453333863606 0.03704110768120392
0 0.4206612293920882 0.4158770790122919 0.09414998933799978 0.0381950197716634
0 0.02390221869031709 0.17332741205327853 0.03155908267027256 0.02783583992388783
0 0.12466911875395055 0.6381937252854206 0.0785977146721816 0.043808349809719614
0 0.6998011000159083 0.088728352701107 0.09727498933799979 0.03832235376405226
0 0.5113129540499524 0.34730880973491995 0.08319430800445424 0.03618685079830275
0 0.42308515336568037 0.2211548280237087 0.08014203333863605 0.042309516805913994
0 0.5992054947485418 0.5789952084423257 0.07698067067154532 0.039057182813525236
0 0.5115316773949516 0.43327814323301717 0.08789998933799978 0.03794035178688589
0 0.09631411537236183 0.2837118137264337 0.08479317067154524 0.03937551779449713
0 0.5188849321291759 0.9308707262368227 0.08010567067154532 0.03918451680591417
0 0.42587598806490606 0.46099857802370875 0.08484771467218159 0.04406301779449713
0 0.7878834500318168 0.20238233441231826 0.08793635200509069 0.04106535178688588
0 0.6993203893618622 0.1817607696973014 0.09102498933799978 0.03806768577927468
0 0.784732820058861 0.40182391889899866 0.08795453333863605 0.042627851786885884
0 0.13567189544872196 0.8448748068063516 0.07222044533736346 0.03261618182494175
0 0.6995834713558171 0.1371976861992042 0.09107953333863605 0.04275518577927473
0 0.04663557276413188 0.7164089085932375 0.07378294533736345 0.0326798488211363
0 0.7930334793523173 0.1075964164275407 0.09111589600572714 0.04588018577927473
0 0.043964011417859744 0.6211600755894319 0.07381930800445434 0.035804848821136305
0 0.7987471300127267 0.061247998442763144 0.10357953333863605 0.043264521748829846
0 0.7080852200031817 0.008082472301080593 0.10045453333863605 0.016164944602161186
0 0.04719065077972208 0.8312844920913346 0.07539998933799978 0.03743101581733086
0 0.2524203067313607 0.46650311460128613 0.08795453333863615 0.042627851786885884
0 0.6020401407542687 0.6210872079480341 0.07543635200509069 0.04055601581733086
0 0.43734457813490285 0.9764007435370283 0.07356476933481808 0.013929848821136303
0 0.694335086728179 0.4250478546782734 0.09104317067154533 0.03963018577927464
0 0.028862986035952887 0.2637932445627925 0.04414998933799978 0.036157675893442945
0 0.23294886000159085 0.007803229734044922 0.0815227200031817 0.015606459468089844
0 0.5979424394095874 0.5376207919404228 0.08014203333863605 0.042309516805913994
0 0.8945499786759996 0.032332478176808066 0.11139203333863605 0.0435828567298018
0 0.6946436220559974 0.3843910211801761 0.08486589600572696 0.045625517794497125
0 0.9751363600015909 0.012676483156904986 0.049727279996818294 0.025352966313809972
0 0.6053356740531339 0.3669262899632565 0.1005090773392725 0.04782468775644109
0 0.06015427478513091 0.8706189061217795 0.06913180800445436 0.03561384783255335
0 0.06488777546144867 0.9415534886312935 0.08789998933799978 0.03794035178688589
0 0.7797640567313606 0.44501550338567897 0.09111589600572696 0.04588018577927464
0 0.33163454471672493 0.355411764297275 0.07541817067154524 0.03899351581733077
0 0.033314676042316235 0.31050907707230657 0.05363407733927246 0.0459146778706093
0 0.03703166406745144 0.49560166007611217 0.06291817067154523 0.038484179847775656
0 0.34109300274504184 0.5637190128144003 0.10054544000636331 0.050949687756441084
0 0.42642942405313394 0.37421616102751426 0.08948067067154515 0.03956651878308026
0 0.24023519601368118 0.09104019958225809 0.09107953333863614 0.04275518577927471
0 0.6862675007160887 0.3362718561611481 0.10830339600572696 0.04658052273741298
0 0.12028106341499625 0.5969466427759066 0.08479317067154524 0.03937551779449713
0 0.8852306173615441 0.17184064715016883 0.09414998933799978 0.03819501977166349
0 0.7821788900381801 0.24951200239709587 0.08791817067154532 0.03950285178688588
0 0.6917282547342241 0.46970643867066214 0.09738407733927232 0.04769735376405215
0 0.03733110872849715 0.454163576578015 0.06289998933799978 0.036921679847775654
0 0.4373894841263124 0.913087660038931 0.09111589600572696 0.045880185779274996
0 0.9684329213478631 0.19340262935567168 0.06313415730427394 0.04017401384016446
0 0.9746278300047724 0.05092862787279691 0.050744339990455245 0.042726010874414924
0 0.9010357886696362 0.0013529932898825258 0.0941136266709087 0.0027059865797650516
0 0.8013266900063634 0.017325503175714272 0.08168635200509086 0.034651006351428544
0 0.8927607593491356 0.08008422867109966 0.08637385200509087 0.04100168479069151
0 0.9717937313414996 0.10183721186518568 0.05641253731700076 0.04454317885919248
0 0.8803527607017712 0.22284473163684915 0.07857953333863606 0.04224584980971961
0 0.9679153006842718 0.23952821285376888 0.06416939863145643 0.041800180836358794
0 0.880098769374589 0.2681890651349464 0.07545453333863605 0.04211851581733077
0 0.6999021920353166 0.23176076969730142 0.07854317067154533 0.03912084980971962
0 0.6934345633752252 0.2804847711801762 0.07705339600572714 0.04530718281352515
0 0.6069147133593169 0.1667671224727705 0.07863407733927233 0.04693334980971957
0 0.6058976533656804 0.2137057894689649 0.08486589600572714 0.045625517794497125
0 0.6032817307049527 0.25758312346135365 0.08174089600572695 0.04549818380210837
0 0.3327419640356347 0.24906626380298338 0.0785977146721816 0.043808349809719614
0 0.424402752705271 0.2672167445256115 0.07549089600572696 0.04524351581733077
0 0.3332692227084526 0.2943787638029834 0.07389203333863606 0.042054848821136394
0 0.23952776603277126 0.23176070007654967 0.0786340773392725 0.04693334980971962
0 0.2424078653723618 0.2777589495822581 0.06920453333863605 0.04186384783255317
0 0.6099204400063634 0.02204487148418732 0.08170453333863606 0.042373183802108354
0 0.876910682049634 0.3300669826254324 0.07231135200509087 0.04042868182494193
0 0.963491703691908 0.35072038083854645 0.07301659261618418 0.03899351581733077
0 0.9651924793920882 0.39368913083854645 0.06600680800445424 0.035486513840164505
0 0.9625856473981333 0.43834771483093515 0.07227498933799978 0.037303681824942106
0 0.8740589493952697 0.42085115011591834 0.07543635200509087 0.04055601581733086
0 0.8774652127227702 0.3777232326254324 0.06920453333863605 0.04186384783255317
0 0.9607600654041786 0.4829744653252268 0.07701703333863605 0.04218218281352524
0 0.8722151860677696 0.46391540061020997 0.07541817067154533 0.03899351581733086
0 0.7763487027370877 0.487362170876165 0.07383748933799979 0.037367348821136306
0 0.6891123320734966 0.5135837726630509 0.07225680800445425 0.035741181824942105
0 0.6039646253978151 0.45061554045754804 0.07236589600572714 0.045116181824942106
0 0.5980504327259519 0.41255712494422847 0.07545453333863605 0.04211851581733086
0 0.10301919605345208 0.38973897923975337 0.08641021467218155 0.044126684790691505
0 0.10818850139240636 0.43095422825117013 0.08166817067154523 0.03924818380210837
0 0.032933962722770146 0.41213524406850094 0.05357953333863612 0.04122717787060939
0 0.10790723806490612 0.47395481174926746 0.07538180800445433 0.03586851581733086
0 0.11230438407063312 0.5159831442587814 0.07383748933799979 0.037367348821136306
0 0.11589300807604194 0.5556995602663927 0.07225680800445433 0.035741181824942105
0 0.03516971940640573 0.5371034105704038 0.05826703333863612 0.04141817885919252
0 0.03721402474536002 0.5784459935742093 0.06133748933799978 0.03685801285158128
0 0.689594137412451 0.5549900226630509 0.06916817067154532 0.03873884783255317
0 0.6869418520846324 0.5957423566554396 0.07850680800445424 0.035995849809719614
0 0.7768759614099056 0.532674670876165 0.07543635200509087 0.04055601581733086
0 0.8672464227402694 0.5071069850968903 0.08170453333863606 0.042373183802108375
0 0.9573356207431327 0.5245398828157127 0.08166817067154497 0.03924818380210837
0 0.9515856074156325 0.5677633008004903 0.08172271467218124 0.04393568380210837
0 0.9528395720878141 0.6083564673023931 0.07385567067154497 0.0389298488211363
0 0.8611969647517235 0.591768486579765 0.07701703333863605 0.04218218281352506
0 0.8653844780792237 0.5486087355911818 0.07699885200509086 0.04061968281352524
0 0.8593350200906776 0.6332702370740566 0.07696248933799979 0.03749468281352506
0 0.7757861760820871 0.5733633378723594 0.07385567067154533 0.0389298488211363
0 0.780156050087496 0.6130479203818734 0.07225680800445425 0.035741181824942105
0 0.3342151993952699 0.44284809730108055 0.08170453333863614 0.042373183802108375
0 0.3386487080680878 0.48800142981059463 0.0723477146721816 0.043553681824942105
0 0.5148844914067239 0.5199013927387256 0.08799089600572714 0.04575285178688589
0 0.5153753874124509 0.5620888927387255 0.0785977146721816 0.043808349809719614
0 0.5166293520846325 0.6026820592406283 0.07549089600572696 0.04524351581733086
0 0.517102066756814 0.6433070592406283 0.07383748933799979 0.037367348821136306
0 0.42655833541531435 0.5868116615218059 0.07701703333863605 0.04218218281352506
0 0.42624980008749597 0.6274684950199031 0.0738738520050907 0.0404923488211363
0 0.34240151141785974 0.6089996793163029 0.07699885200509068 0.04061968281352506
0 0.3397492260900413 0.6497520133086918 0.07385567067154523 0.03892984882113648
0 0.2562458354153144 0.5937513641069946 0.06913180800445433 0.03561384783255317
0 0.255156050087496 0.6344400311031889 0.06913180800445443 0.03561384783255317
0 0.9430202241008591 0.704895886275754 0.07701703333863605 0.04218218281352524
0 0.8599986387650864 0.6903014870740567 0.07549089600572714 0.04524351581733086
0 0.864377603437268 0.7307673195835707 0.06916817067154532 0.038738847832553346
0 0.9442832794398133 0.7462703027776567 0.0816318080044546 0.03612318380210837
0 0.9400684941119948 0.7870863037662399 0.06446248933799978 0.036985346843970035
0 0.8593724774426768 0.770833904070251 0.07231135200509087 0.0404286818249421
0 0.8535679201145403 0.8093698220550285 0.08168635200509086 0.04081068380210837
0 0.9444383681174038 0.8267708862757539 0.07387385200509086 0.0404923488211363
0 0.9362809701224943 0.8646210547548229 0.06920453333863605 0.04186384783255335
0 0.9351911847946759 0.9053097217510174 0.06918635200509052 0.04030134783255335
0 0.9340377647994483 0.9405296387472118 0.06913180800445459 0.03561384783255335
0 0.8532412034531763 0.8484641555531258 0.07387385200509052 0.0404923488211363
0 0.8521059647914943 0.8852465725493202 0.06918635200509086 0.04030134783255335
0 0.8494264074633577 0.9236551565417089 0.07538180800445424 0.03586851581733086
0 0.8497809434674938 0.954123906541709 0.0737102200031817 0.026429848821136304
0 0.7742884054344044 0.7133344218647482 0.06913180800445425 0.03561384783255317
0 0.6834179574315409 0.6959333576440229 0.06293635200509069 0.04004667984777566
0 0.5976804521005408 0.7166225424347143 0.06289998933799978 0.036921679847775654
0 0.5115338667647682 0.7021554772254059 0.06914998933799979 0.037176347832553344
0 0.5103986281030861 0.7389378942216004 0.06913180800445425 0.03561384783255335
0 0.6831003314369497 0.73580894114212 0.06918635200509068 0.04030134783255317
0 0.7692741887730405 0.7526197563514285 0.06916817067154515 0.038738847832553346
0 0.7673667907781312 0.7902152568457201 0.06600680800445442 0.035486513840164415
0 0.7717275741167674 0.8291185893552342 0.06446248933799978 0.036985346843970035
0 0.7706286981221762 0.8690260063514283 0.06914998933799979 0.037176347832553344
0 0.7663775501272669 0.9067170073400117 0.06914998933799979 0.037176347832553344
0 0.7636889021323576 0.9443443413324004 0.07699885200509052 0.04061968281352506
0 0.6866889554423586 0.7755253571497314 0.06920453333863605 0.04186384783255335
0 0.6863349667806766 0.8122759406478284 0.06598862667090888 0.03392401384016423
0 0.6852360907860854 0.852183357644023 0.06913180800445425 0.03561384783255335
0 0.6848730114576307 0.88815269114212 0.06913180800445443 0.03561384783255335
0 0.6759525447962668 0.9275971931192863 0.07538180800445424 0.03586851581733086
0 0.6794593528007211 0.9602823591268976 0.06747840133672707 0.027737680836358792
0 0.5981077134388588 0.7533412924347144 0.059720445337363516 0.0321068458553869
0 0.601750881444904 0.7977452084423257 0.059756808004454244 0.0352318458553869
0 0.5974724614496765 0.8330924594309088 0.059756808004454244 0.035231845855386724
0 0.5994804041215399 0.8713100424347143 0.07225680800445425 0.03574118182494175
0 0.602242324793085 0.9071520419404229 0.07225680800445425 0.035741181824942105
0 0.6018974267981758 0.9446838754385201 0.07696248933799979 0.03749468281352506
0 0.5139963427752677 0.7794355602292116 0.07534544533736351 0.03274351581733086
0 0.5152230354471311 0.8176849767311143 0.06913180800445443 0.03561384783255335
0 0.5140968874522218 0.8552486437273089 0.05970226400381797 0.030544345855386724
0 0.5176491487905398 0.89184005973492 0.06913180800445425 0.03561384783255335
0 0.5208656028007211 0.9667445592406285 0.06279090133672707 0.027546679847775833
0 0.4312651114337681 0.7226218275294171 0.06913180800445425 0.03561384783255335
0 0.4379514634388588 0.7598671595446396 0.06909544533736352 0.03248884783255335
0 0.43294633744426764 0.7999337440313199 0.06602498933799979 0.037049013840164416
0 0.42951280211644915 0.8407179115218059 0.06440794533736352 0.03229784684397004
0 0.4275963134547672 0.8775321620160975 0.06914998933799979 0.037176347832553344
0 0.4339195861314031 0.9507468275294171 0.06911362667090888 0.03405134783255335
0 0.34196625409767734 0.7059383463124974 0.06284544533736351 0.03223417984777566
0 0.34476453743631347 0.7449053458182059 0.06597044533736351 0.03236151384016459
0 0.3428844114417223 0.7848445963124975 0.06911362667090888 0.03405134783255317
0 0.34332076344681295 0.8223445963124973 0.06442612667090888 0.03386034684397003
0 0.35079745611867635 0.8603393448296227 0.06598862667090888 0.03392401384016423
0 0.3504525581237671 0.8978711783277198 0.06909544533736352 0.03248884783255335
0 0.3532326601288577 0.9352756778334281 0.06291817067154523 0.038484179847775836
0 0.35363264946685746 0.9696506778334282 0.059720445337363426 0.03210684585538672
0 0.25858158943344994 0.7273132806088973 0.06444430800445433 0.035422846843970034
0 0.2582730541056315 0.7679701141069946 0.059720445337363426 0.0321068458553869
0 0.2626520187778131 0.8084359466165086 0.07385567067154523 0.0389298488211363
0 0.26696734878258555 0.8434330291260226 0.06913180800445433 0.03561384783255335
0 0.27018380279276694 0.9183375286317311 0.06913180800445443 0.03561384783255335
0 0.27297299546463033 0.9565232781374394 0.06600680800445433 0.035486513840164234
0 0.12733158943344994 0.7326613082892262 0.06914998933799979 0.037176347832553344
0 0.12935771343885877 0.7724413912930318 0.06602498933799979 0.03704901384016459
0 0.1313656561107222 0.8106589742968374 0.05973862667090888 0.03366934585538708
0 0.13928779145444897 0.8869349728139628 0.06291817067154523 0.038484179847775836
0 0.13893380279276693 0.92368555631206 0.059756808004454334 0.035231845855386724
0 0.14247697346431215 0.9594957223196712 0.059720445337363426 0.03210684585538672
0 0.14354912480103926 0.9844638888215739 0.07042158800127267 0.012240014828747547
0 0.047071924769222555 0.7539089085932373 0.06291817067154523 0.038484179847775656
0 0.05067873010817684 0.7951878246008486 0.06289998933799978 0.036921679847775654
0 0.06998435546622116 0.9765187376427104 0.070639764003818 0.030990014828747546
0 0.06058153612344887 0.9073376561217795 0.07227498933799978 0.037303681824941745
0 0.015087770130448545 0.9607783325095142 0.008139764003818006 0.028443334980971714
0 0.994639076722611 0.8004192919032418 0.010721846554778125 0.03338550296574958
0 0.992986217397338 0.9192966258956305 0.014027565205324066 0.03351283695813834
0 0.9947120757280199 0.880138625401339 0.01057584854396012 0.03338550296574923
0 0.9948754340587019 0.8410442919032418 0.010249131882596175 0.03338550296574958
0 0.9948024350532929 0.7613249584051445 0.010395129893414179 0.03338550296574958
0 0.042846954089723145 0.6595049925856262 0.07071248933799978 0.037240014828747545