0 0.72109375 0.67109375 0.07109375 0.06953125
0 0.91796875 0.396875 0.06328125 0.0671875
0 0.64921875 0.52109375 0.06953125 0.06953125
0 0.6140625 0.59375 0.0671875 0.06953125
0 0.85 0.39296875 0.07109375 0.0640625
0 0.95859375 0.46796875 0.075 0.0640625
0 0.75546875 0.6 0.07265625 0.071875
0 0.68203125 0.59453125 0.06328125 0.071875
0 0.79296875 0.67265625 0.06953125 0.071875
0 0.7578125 0.74609375 0.065625 0.075
0 0.9765625 0.5390625 0.04296875 0.071875
0 0.81953125 0.4609375 0.06953125 0.0671875
0 0.88046875 0.33125 0.07109375 0.0640625
0 0.9640625 0.60859375 0.0671875 0.071875
0 0.65078125 0.66953125 0.065625 0.071875
0 0.978125 0.91484375 0.040625 0.084375
0 0.8578125 0.534375 0.075 0.06953125
0 0.9703125 0.2671875 0.05625 0.0640625
0 0.96640625 0.14296875 0.06328125 0.06171875
0 0.71796875 0.5265625 0.06953125 0.06953125
0 0.9734375 0.4 0.0484375 0.071875
0 0.84375 0.26328125 0.06953125 0.06171875
0 0.90234375 0.140625 0.0671875 0.05625
0 0.4140625 0.4453125 0.07109375 0.0671875
0 0.74609375 0.3234375 0.06953125 0.0640625
0 0.5796875 0.52265625 0.065625 0.0671875
0 0.68671875 0.7421875 0.065625 0.07734375
0 0.61875 0.7421875 0.0765625 0.07734375
0 0.81171875 0.3265625 0.0578125 0.0640625
0 0.88515625 0.46640625 0.065625 0.0671875
0 0.77890625 0.39453125 0.06328125 0.0671875
0 0.92734375 0.5375 0.07109375 0.06953125
0 0.9109375 0.26875 0.06953125 0.06171875
0 0.9578125 0.334375 0.08046875 0.0640625
0 0.896875 0.609375 0.07109375 0.06953125
0 0.65078125 0.82109375 0.065625 0.08046875
0 0.98203125 0.69140625 0.03203125 0.0828125
0 0.7140625 0.390625 0.06953125 0.0640625
0 0.67890625 0.31953125 0.06953125 0.0671875
0 0.34765625 0.43984375 0.06953125 0.0671875
0 0.8734375 0.19921875 0.065625 0.06171875
0 0.2125 0.4328125 0.06953125 0.0640625
0 0.5453125 0.44765625 0.07109375 0.0671875
0 0.78125 0.26328125 0.059375 0.059375
0 0.48203125 0.1875 0.065625 0.05859375
0 0.09921875 0.4984375 0.0671875 0.071875
0 0.93671875 0.2046875 0.06328125 0.06171875
0 0.1734375 0.5 0.06953125 0.06953125
0 0.88203125 0.9734375 0.07890625 0.0484375
0 0.75 0.46015625 0.06953125 0.0640625
0 0.55 0.5921875 0.07265625 0.071875
0 0.86484375 0.0765625 0.06328125 0.05625
0 0.91171875 0.915625 0.075 0.0828125
0 0.41953125 0.18203125 0.06328125 0.05859375
0 0.0671875 0.103125 0.06328125 0.05625
0 0.58125 0.6640625 0.0765625 0.07734375
0 0.83359375 0.75234375 0.07890625 0.07734375
0 0.51484375 0.24765625 0.05625 0.0640625
0 0.7078125 0.02265625 0.06328125 0.0453125
0 0.321875 0.24296875 0.07109375 0.0640625
0 0.67890625 0.1921875 0.06953125 0.0640625
0 0.35390625 0.18203125 0.06328125 0.05859375
0 0.70859375 0.2609375 0.06171875 0.06171875
0 0.7828125 0.5265625 0.06328125 0.06953125
0 0.9328125 0.07734375 0.07109375 0.05859375
0 0.72734375 0.8234375 0.07265625 0.08046875
0 0.453125 0.121875 0.06328125 0.06171875
0 0.3765625 0.51328125 0.07109375 0.06953125
0 0.6453125 0.25390625 0.06171875 0.05859375
0 0.61328125 0.44921875 0.06171875 0.06953125
0 0.27265625 0.5734375 0.07265625 0.071875
0 0.44765625 0.3796875 0.0671875 0.075
0 0.58359375 0.815625 0.06953125 0.0859375
0 0.6421875 0.13125 0.06328125 0.05859375
0 0.51796875 0.0171875 0.06171875 0.034375
0 0.90625 0.75546875 0.075 0.07734375
0 0.09765625 0.16953125 0.07109375 0.06171875
0 0.80546875 0.9703125 0.07890625 0.053125
0 0.38515625 0.11875 0.065625 0.05625
0 0.4484375 0.24765625 0.065625 0.06171875
0 0.64921875 0.38671875 0.06953125 0.06171875
0 0.5078125 0.38203125 0.05625 0.06953125
0 0.734375 0.1953125 0.0484375 0.0640625
0 0.40859375 0.584375 0.0671875 0.07734375
0 0.32421875 0.11796875 0.0671875 0.05859375
0 0.6140625 0.32109375 0.06328125 0.0640625
0 0.5765625 0.12578125 0.06328125 0.05859375
0 0.12421875 0.23359375 0.06953125 0.06171875
0 0.7109375 0.13515625 0.06953125 0.06171875
0 0.6828125 0.45703125 0.06953125 0.0640625
0 0.61953125 0.89453125 0.075 0.07734375
0 0.5125 0.1203125 0.0578125 0.0640625
0 0.18046875 0.36484375 0.06953125 0.06171875
0 0.2484375 0.371875 0.06953125 0.0640625
0 0.803125 0.07578125 0.05625 0.059375
0 0.44765625 0.51328125 0.075 0.06953125
0 0.50859375 0.9609375 0.08046875 0.071875
0 0.509375 0.66171875 0.06328125 0.07734375
0 0.9453125 0.8328125 0.07890625 0.07734375
0 0.5484375 0.0640625 0.06328125 0.05859375
0 0.73515625 0.07109375 0.0578125 0.06171875
0 0.57890625 0.25 0.0671875 0.0671875
0 0.58125 0.9625 0.0765625 0.06953125
0 0.28828125 0.1734375 0.06328125 0.0640625
0 0.58203125 0.01875 0.06328125 0.0375
0 0.45390625 0.01484375 0.06171875 0.0296875
0 0.546875 0.89453125 0.075 0.0828125
0 0.44375 0.66015625 0.07109375 0.075
0 0.25546875 0.23671875 0.065625 0.06171875
0 0.871875 0.8328125 0.0765625 0.0828125
0 0.18828125 0.23515625 0.065625 0.0640625
0 0.55 0.3140625 0.065625 0.06171875
0 0.41328125 0.30859375 0.065625 0.06171875
0 0.8 0.82734375 0.07109375 0.0828125
0 0.5796875 0.38203125 0.06953125 0.0640625
0 0.98515625 0.20703125 0.0265625 0.0671875
0 0.07265625 0.9546875 0.07890625 0.0859375
0 0.27890625 0.43828125 0.0671875 0.0640625
0 0.9328125 0.68203125 0.06328125 0.075
0 0.23515625 0.50546875 0.0578125 0.06953125
0 0.14296875 0.43046875 0.065625 0.0640625
0 0.67734375 0.06796875 0.065625 0.05625
0 0.1453125 0.953125 0.0765625 0.0828125
0 0.6140625 0.06875 0.05703125 0.0578125
0 0.76953125 0.01953125 0.05234375 0.03828125
0 0.48359375 0.31484375 0.0640625 0.0703125
0 0.61484375 0.19140625 0.0625 0.06796875
0 0.3171875 0.37421875 0.065625 0.07265625
0 0.3140625 0.51015625 0.071875 0.07734375
0 0.5515625 0.1890625 0.0640625 0.06640625
0 0.51796875 0.81484375 0.07734375 0.08984375
0 0.38515625 0.37578125 0.0671875 0.07109375
0 0.35390625 0.3078125 0.06640625 0.06953125
0 0.1625 0.17265625 0.06328125 0.06875
0 0.2203125 0.303125 0.06640625 0.071875
0 0.08828125 0.29765625 0.06640625 0.075
0 0.20546875 0.5765625 0.0703125 0.08203125
0 0.51875 0.51640625 0.065625 0.0703125
0 0.15390625 0.3015625 0.06484375 0.0734375
0 0.38828125 0.2453125 0.06484375 0.06875
0 0.77265625 0.13984375 0.06484375 0.06953125
0 0.5515625 0.73984375 0.07421875 0.08671875
0 0.86796875 0.68125 0.075 0.0859375
0 0.23671875 0.64921875 0.0734375 0.0859375
0 0.4125 0.73203125 0.075 0.08671875
0 0.134375 0.10859375 0.06328125 0.06640625
0 0.48203125 0.734375 0.0734375 0.08515625
0 0.11796875 0.36484375 0.06796875 0.07578125
0 0.48046875 0.88828125 0.07578125 0.08828125
0 0.69609375 0.89921875 0.0765625 0.08984375
0 0.2609375 0.11640625 0.06328125 0.0671875
0 0.34140625 0.7296875 0.075 0.0859375
0 0.22734375 0.1765625 0.0640625 0.06796875
0 0.07890625 0.43125 0.0671875 0.07734375
0 0.44140625 0.96015625 0.0765625 0.07578125
0 0.30859375 0.653125 0.07421875 0.084375
0 0.37578125 0.65390625 0.06796875 0.07421875
0 0.26875 0.72578125 0.075 0.08828125
0 0.0671875 0.5703125 0.06796875 0.0828125
0 0.4078125 0.88515625 0.07734375 0.08984375
0 0.19921875 0.1125 0.0640625 0.0671875
0 0.44375 0.809375 0.07421875 0.0890625
0 0.3609375 0.059375 0.0625 0.0625
0 0.4828125 0.58671875 0.0734375 0.08046875
0 0.48671875 0.0640625 0.0609375 0.0625
0 0.2984375 0.05625 0.0640625 0.06328125
0 0.4234375 0.06171875 0.0625 0.06484375
0 0.13828125 0.57421875 0.071875 0.08359375
0 0.3734375 0.80625 0.0765625 0.090625
0 0.84609375 0.9078125 0.07734375 0.09140625
0 0.06015625 0.23125 0.0671875 0.07421875
0 0.36875 0.9578125 0.07734375 0.08046875
0 0.2328125 0.053125 0.0625 0.06328125
0 0.19921875 0.72109375 0.075 0.0890625
0 0.30234375 0.80078125 0.07578125 0.090625
0 0.16953125 0.646875 0.07734375 0.0875
0 0.22109375 0.95546875 0.0765625 0.084375
0 0.83046875 0.6046875 0.07421875 0.08515625
0 0.26171875 0.87734375 0.078125 0.09453125
0 0.33515625 0.88046875 0.07734375 0.09140625
0 0.2953125 0.95625 0.0765625 0.08203125
0 0.12890625 0.72265625 0.078125 0.0921875
0 0.0484375 0.3625 0.0671875 0.07734375
0 0.23125 0.7984375 0.0765625 0.09375
0 0.15859375 0.796875 0.0765625 0.090625
0 0.17109375 0.05 0.06484375 0.06484375
0 0.0984375 0.64375 0.07265625 0.0859375
0 0.05703125 0.71953125 0.06640625 0.0828125
0 0.19140625 0.87578125 0.0765625 0.0921875
0 0.0859375 0.7921875 0.07421875 0.08203125
0 0.03828125 0.5 0.06328125 0.07734375
0 0.3453125 0.5796875 0.071875 0.0796875
0 0.04140625 0.86953125 0.065625 0.0875
0 0.1078125 0.04765625 0.06484375 0.06484375
0 0.1171875 0.87421875 0.0765625 0.090625
0 0.96953125 0.76328125 0.05703125 0.0921875
0 0.0359375 0.165625 0.06328125 0.07109375
0 0.02890625 0.63671875 0.05703125 0.07734375
0 0.04375 0.04453125 0.0625 0.0640625
0 0.96015625 0.02734375 0.06015625 0.05234375
0 0.2859375 0.30390625 0.05625 0.0640625
0 0.81171875 0.2015625 0.05625 0.0609375
0 0.6609375 0.96875 0.06875 0.0625
0 0.7359375 0.9703125 0.06796875 0.059375
0 0.771875 0.90078125 0.06484375 0.07890625
0 0.896875 0.02421875 0.05625 0.0484375
0 0.834375 0.02265625 0.0625 0.0453125