0 0.6724847363556581 0.7037066160666032 0.08347177956950454 0.08264095048646744
0 0.4199803587720149 0.9377741042987757 0.0799829065339754 0.07477390340856686
0 0.5145844991759396 0.6524735783241935 0.0817637303552928 0.07948867694751698
0 0.5823563500855625 0.6075253169601078 0.0817637303552928 0.07948867694751698
0 0.4082295295740138 0.8711087556787476 0.08034677956950453 0.08258640340856652
0 0.4951965285405565 0.9629711530015296 0.08041955417661058 0.0740576939969408
0 0.6055305227495882 0.7478872642001642 0.08674232878371627 0.08582049756436802
0 0.5917270419800106 0.6749310052717105 0.08474318114108108 0.07641822402541773
0 0.6816371044287888 0.7757998043782061 0.08496150496239885 0.08110572402541774
0 0.7518254799455173 0.7293299533225458 0.08794095574818712 0.0780352711033185
0 0.5682701555050272 0.974542762782125 0.08067211124870503 0.050914474435749923
0 0.4734393066623189 0.8308070840062364 0.08020123035529281 0.07946140340856651
0 0.3501237770928144 0.9099706582765353 0.08034677956950453 0.08258640340856686
0 0.635768024611615 0.954832739443398 0.08496150496239885 0.08110572402541791
0 0.6624419563718688 0.6339435409855254 0.08481595574818712 0.07798072402541774
0 0.9288117032714969 0.9247630044576363 0.06028683664159899 0.054134120941162676
0 0.5511083883415194 0.8587468977232284 0.08361732878371626 0.0857659504864671
0 0.29712074752330986 0.9870478068171333 0.07489299214211717 0.025904386365733244
0 0.17261089909488642 0.9922205020285949 0.07274829528527027 0.015558995942810228
0 0.5270438037668349 0.720715063713697 0.0817637303552928 0.07948867694751698
0 0.42791698325528615 0.9811347719140973 0.08023546360606985 0.03773045617180557
0 0.2778870581100611 0.8829075519458695 0.0755137303552929 0.07937958279171582
0 0.16174832775476822 0.9590688571414449 0.06919095574818704 0.0777079886359143
0 0.41163724338497143 0.42862124675029384 0.08190927956950453 0.08261367694751698
0 0.32736698139325937 0.7774348478059541 0.0786387303552929 0.0794341298696164
0 0.5076667191921503 0.5827650503210162 0.08005568114108108 0.07633640340856669
0 0.738694087265281 0.6587310811635673 0.09106595574818713 0.07808981818121907
0 0.7316671453708328 0.5913663031603901 0.09321065260503403 0.09061709172016937
0 0.3368468351983663 0.8424967861175567 0.0766395827126578 0.07003185633066593
0 0.4860441604674259 0.8959235693957396 0.08005568114108108 0.07633640340856687
0 0.40216577419733035 0.7998513644450456 0.0799829065339754 0.07477390340856668
0 0.5611875556288617 0.9277287228043065 0.08347177956950454 0.0826409504864671
0 0.2904191373080621 0.9495865373353727 0.07551373035529281 0.07937958279171582
0 0.3627650182014742 0.9704057775961402 0.08118153349844599 0.05918844480771952
0 0.630267195413614 0.8882764849791709 0.08347177956950454 0.0826409504864671
0 0.8143512127820095 0.6123566874942332 0.09433650496239884 0.08126936525911965
0 0.7214872007902975 0.9610202840856665 0.09117296360606986 0.04686709172016919
0 0.39105064578511756 0.7363246525944925 0.07863873035529281 0.0794341298696164
0 0.3164337894988113 0.7100018859554009 0.08020123035529281 0.0794614034085667
0 0.3998500268834174 0.3627371481302656 0.08020123035529281 0.0794614034085667
0 0.2174375556288617 0.9217285442352317 0.07536818114108117 0.07625458279171582
0 0.37791086848741534 0.2294337244291595 0.0786387303552929 0.07943412986961632
0 0.4297793136916324 0.5595127366040241 0.08190927956950453 0.08261367694751698
0 0.27064179239429537 0.8202302739426921 0.07031680810555185 0.06836026217486477
0 0.16126690819111436 0.5329330511350905 0.0721704065339753 0.07463753571381489
0 0.4304986751452251 0.10759568059766969 0.08496150496239885 0.08110572402541769
0 0.22977058168370962 0.973180175729701 0.07456766046291667 0.053639648540598016
0 0.4403959059148027 0.18048375567874758 0.0817637303552928 0.07948867694751698
0 0.46414138937497673 0.7618388956946336 0.07863873035529281 0.07943412986961622
0 0.5743662216733497 0.5440531521874554 0.08674232878371627 0.08582049756436802
0 0.09349063337912071 0.9305114346581547 0.06897263192686945 0.0730204886359143
0 0.9256182367699429 0.8590289103018349 0.07438787799792798 0.08872730925276535
0 0.14929775517179572 0.4709552025150622 0.07209763192686944 0.07307503571381488
0 0.03295481813504782 0.13112331493480817 0.06590963627009563 0.0730204886359143
0 0.6507639017809735 0.5657156923654971 0.09321065260503385 0.09061709172016955
0 0.7663374361079891 0.8038623490204747 0.09321065260503403 0.09061709172016955
0 0.22583667638807942 0.5567347897710048 0.076494033498446 0.06690685633066593
0 0.026020824857029473 0.780737531249588 0.052041649714058946 0.07123980032431163
0 0.20037656575854693 0.3647285219140972 0.08034677956950453 0.08258640340856668
0 0.1889252196064351 0.7281052293004235 0.0786387303552929 0.0794341298696164
0 0.14219803867024172 0.405152924511885 0.07209763192686944 0.07307503571381506
0 0.2606717870176119 0.7489046988616143 0.07522263192686944 0.07312958279171564
0 0.5342162948754947 0.7849548417168741 0.08154540653397539 0.07480117694751698
0 0.1021357332552862 0.9783255974022123 0.07242296360606985 0.04334880519557558
0 0.8248841443373754 0.6883833993447863 0.0961901033908223 0.08754663879807012
0 0.09260895347638462 0.5129693786518004 0.0752954065339753 0.07469208279171564
0 0.47561200620525296 0.3812610515388323 0.08347177956950454 0.08264095048646744
0 0.24639527130184619 0.6861046899331604 0.07202485731976367 0.07151253571381488
0 0.43836875558608046 0.6269047881461517 0.08147263192686953 0.07323867694751698
0 0.5253830279168747 0.2695383473989169 0.08674232878371627 0.08582049756436802
0 0.35022455438600747 0.4713348522701809 0.08808650496239867 0.0811602711033185
0 0.8010378835840084 0.5456640653352547 0.09909677956950454 0.0829136858759707
0 0.12297488792723468 0.7003699671255589 0.07209763192686944 0.07307503571381488
0 0.00964778897982799 0.5926238766232055 0.01929557795965598 0.06789661201270877
0 0.7777971668775667 0.8767776976405031 0.09313787799792798 0.08905459172016919
0 0.10164377502139062 0.15111426095704864 0.07722177956950457 0.08253185633066598
0 0.9567484203922234 0.7446351736945156 0.022752603390821947 0.08626478246740402
0 0.0824570115819365 0.4455500535707224 0.06904540653397531 0.07458298863591431
0 0.2179557098865254 0.49091887499835235 0.07536818114108117 0.07625458279171564
0 0.3799719046764577 0.6720166907439393 0.07551373035529281 0.07937958279171546
0 0.35995911931598484 0.5309280405817837 0.07961903349844598 0.06696140340856668
0 0.19809685835773008 0.782997280842551 0.07464043507002258 0.06062958279171564
0 0.5504107990093239 0.4036775681779237 0.09121150496239885 0.08121481818121908
0 0.074321333955512 0.3852028887980701 0.07231595574818701 0.07776253571381497
0 0.3100425483901514 0.645775744721699 0.0784204065339753 0.0747466298696164
0 0.11033364681857483 0.6360347317360555 0.07209763192686944 0.07307503571381488
0 0.16884839164677912 0.16870690990138842 0.0755137303552929 0.07937958279171564
0 0.1346893298216828 0.7678165657455871 0.07714900496239871 0.08096935633066593
0 0.4539530601769757 0.6952008206135558 0.07863873035529281 0.0794341298696164
0 0.8850661271738677 0.5713692232080482 0.09306510339082194 0.08749209172016936
0 0.09769240570991497 0.571699496346552 0.07663958271265772 0.07003185633066593
0 0.3054558256833444 0.20705811809849353 0.0755137303552929 0.07937958279171564
0 0.3203316548813454 0.2737780137964224 0.07863873035529281 0.0794341298696164
0 0.08617259305624915 0.8693966566549776 0.07024403349844602 0.06679776217486477
0 0.4840195115819365 0.4525593530809598 0.08361732878371626 0.08576595048646744
0 0.9376175465281247 0.4503124293765584 0.0886687018192454 0.09366027110331832
0 0.6392677837078431 0.49358159374546895 0.09099318114108108 0.07652731818121908
0 0.8585912485567672 0.9047720584353958 0.09321065260503403 0.09061709172016919
0 0.04558194210384511 0.6161392431001411 0.07209763192686944 0.07307503571381488
0 0.073676901161801 0.8019364212654742 0.07351458271265772 0.06997730925276535
0 0.23460805480029218 0.6202205913131322 0.08020123035529289 0.0794614034085667
0 0.9420096399941492 0.5238862970713101 0.07275260339082194 0.08713753571381488
0 0.12639541025802895 0.34154439204448095 0.0784204065339753 0.0747466298696163
0 0.014460490489487308 0.6553147913958578 0.028920980978974616 0.06951365909060954
0 0.003308974773721602 0.5283840986200282 0.006617949547443204 0.06614319724005639
0 0.87673139640429 0.4985084216659207 0.09938787799792799 0.0891636858759707
0 0.6305691799027361 0.42853329220334146 0.08979455417661057 0.0843125446422686
0 0.18542796195344002 0.2995711262161683 0.07536818114108117 0.07625458279171564
0 0.8502929050907424 0.8311300068932683 0.09953342721213972 0.0922886858759707
0 0.17683852005899187 0.2321790746740408 0.07849318114108117 0.07630912986961631
0 0.2965472826743857 0.5829893725627204 0.07536818114108117 0.07625458279171564
0 0.2755349234925953 0.4465745856310894 0.07536818114108117 0.07625458279171564
0 0.837979149714059 0.7597635215037648 0.09924232878371626 0.0860386858759707
0 0.36836662469266834 0.6022263421239111 0.07863873035529281 0.0794341298696164
0 0.8817208808934123 0.03884704950694209 0.09905823821317554 0.048565959414921075
0 0.39047933498896936 0.2953314598186629 0.0786387303552929 0.07943412986961632
0 0.7065193263070262 0.9130640251572129 0.08786818114108108 0.07647277110331814
0 0.45240144623767425 0.24168035429877577 0.07976458271265763 0.07008640340856669
0 0.3677953138965201 0.16123314934808158 0.07849318114108117 0.07630912986961631
0 0.06386956162471773 0.7439057329538714 0.06904540653397531 0.07458298863591431
0 0.8903295934660248 0.08903796427959447 0.09953342721213972 0.09228868587597075
0 0.058186795908952024 0.6812557284896446 0.07024403349844602 0.06679776217486477
0 0.02569101137704872 0.8417568518664392 0.04488016046291673 0.05854888555165942
0 0.28866631617283167 0.517173457790068 0.08325345574818703 0.07795345048646726
0 0.18093509119422233 0.6646330645277712 0.08147263192686945 0.07323867694751698
0 0.33044720947224065 0.3419785888775003 0.08637845574818695 0.07800799756436802
0 0.4659866031859344 0.31932411322722953 0.0929195541766104 0.08436709172016936
0 0.1713460754784566 0.6019148762161683 0.08005568114108116 0.07633640340856669
0 0.7931205297789015 0.48062940056260234 0.10578342721213971 0.09239778003177221
0 0.33978151406313584 0.410165527189103 0.08496150496239877 0.08110572402541756
0 0.2681077212590649 0.3878035576279122 0.08161818114108117 0.07636367694751697
0 0.11190487882649754 0.21618983603812653 0.08154540653397531 0.07480117694751698
0 0.2485123128630628 0.2545410442352316 0.0848887303552929 0.07954322402541765
0 0.22877135525284897 0.124403530842551 0.08801373035529289 0.07959777110331837
0 0.5206998360224266 0.20221447970416526 0.09767982878371625 0.08601141233702041
0 0.4948071542621729 0.5231173149315129 0.08481595574818712 0.07798072402541756
0 0.23903245905795592 0.18947910592362888 0.08794095574818694 0.07803527110331832
0 0.209002394956548 0.43133932345622483 0.08161818114108117 0.07636367694751697
0 0.1459136201445544 0.82899952759614 0.08325345574818703 0.07795345048646744
0 0.7214788161728316 0.5247282280793122 0.10251287799792799 0.08921823295387128
0 0.6985655851983663 0.8488106103845606 0.10251287799792799 0.08921823295387128
0 0.5963526534336034 0.2230821331127319 0.10095037799792798 0.08919095941492108
0 0.6989767315981472 0.3867236676087309 0.10251287799792799 0.08921823295387146
0 0.043991786808214896 0.19702105032431155 0.07991013192686944 0.07321140340856669
0 0.7082382615819365 0.4564731059203336 0.09938787799792799 0.0891636858759707
0 0.2989918099675787 0.14439447686479148 0.08808650496239867 0.08116027110331832
0 0.8626004299027361 0.4325834127374669 0.10414815260503403 0.09080800649282175
0 0.8979428087292336 0.6474368453670267 0.10578342721213971 0.09239778003177204
0 0.0662948182397463 0.32251197402541765 0.0799829065339753 0.07477390340856668
0 0.6889703389179107 0.316179342527653 0.10251287799792799 0.08921823295387146
0 0.12302000723871032 0.27971654788867956 0.08154540653397531 0.07480117694751698
0 0.3606228227878603 0.09699337134490439 0.09113873035529281 0.07965231818121905
0 0.9289553300265705 0.38448287783443086 0.09321065260503403 0.09061709172016937
0 0.6086664088102869 0.29444861850223536 0.09938787799792799 0.0891636858759707
0 0.616474600704735 0.36182703327488774 0.08808650496239885 0.08116027110331832
0 0.6766565835412273 0.2448128571381496 0.10407537799792799 0.08924550649282174
0 0.4989426141441891 0.06500480600305913 0.09753427956950453 0.0828864123370204
0 0.8518855618296055 0.3604629508869139 0.10578342721213971 0.09239778003177204
0 0.055106915220427675 0.2605477621748646 0.08005568114108116 0.07633640340856669
0 0.7793170490093239 0.40767314163414864 0.10563787799792798 0.08927278003177222
0 0.029129843156438434 0.4296153620127089 0.05825968631287687 0.07312958279171564
0 0.5617977551717958 0.478155416797952 0.09619010339082212 0.08754663879807012
0 0.03904515178097355 0.5550381018664391 0.07522263192686944 0.07312958279171564
0 0.023572278950332044 0.3677329707790068 0.04714455790066409 0.07609094155801363
0 0.03433316966609774 0.4915386635548364 0.06866633933219549 0.0731841298696164
0 0.5097302568244256 0.13556276785361218 0.09924232878371626 0.08603868587597074
0 0.7684930190255346 0.33789642978359546 0.10571065260503384 0.09083528003177203
0 0.9177008829648358 0.7939942455291826 0.0964812018192454 0.09379663879807013
0 0.15851451323456633 0.10519383482031053 0.08808650496239871 0.08116027110331836
0 0.9190944865605459 0.310813552753353 0.09640842721213971 0.09223413879807003
0 0.01881415839600212 0.30199887662320546 0.03762831679200424 0.07274775324641088
0 0.663452416253885 0.17577648497917103 0.10407537799792799 0.08924550649282174
0 0.7553252390417452 0.2680788076246169 0.10563787799792798 0.08927278003177204
0 0.5869091869320494 0.15723894480112918 0.10265842721213972 0.09234323295387145
0 0.9001176623249435 0.16426978936067232 0.10109592721213971 0.09231595941492107
0 0.61769872891206 0.8223787495896676 0.09938787799792799 0.0891636858759707
0 0.8280756883797913 0.21696236687738227 0.1105437018192454 0.09404210064862309
0 0.838790556452922 0.28908282872793534 0.1074187018192454 0.0939875535707225
0 0.9091972557909683 0.23792547767227507 0.09953342721213972 0.0922886858759707
0 0.6573522735736486 0.10530034374546897 0.10898120181924557 0.0940148271096728
0 0.28969389268023643 0.07542628855318875 0.0911387303552929 0.07965231818121905
0 0.7453552336650617 0.19675323254353905 0.10898120181924557 0.0940148271096728
0 0.7354216155919312 0.12464640746246114 0.10578342721213971 0.09239778003177213
0 0.01401965053811927 0.2409522824674041 0.02803930107623854 0.0756545649348082
0 0.5754130688589189 0.08510484618110097 0.10236732878371627 0.08609323295387142
0 0.6462007578578829 0.04255488189491592 0.09509848428423417 0.06410913879807005
0 0.817288045699555 0.14640440502682917 0.1074187018192454 0.09398755357072246
0 0.7230350856081419 0.05484242207295775 0.09767982878371625 0.08601141233702041
0 0.4247795221259064 0.04572692613344282 0.0909204065339754 0.07496481818121904
0 0.5392592832935582 0.3409321063273707 0.09611732878371626 0.08598413879807003
0 0.7932405777502589 0.02479245778677271 0.09789384449948209 0.023565959414921078
0 0.010006392680236417 0.1783568250810779 0.020012785360472834 0.07546365016215577
0 0.8082084522335304 0.07274871671522645 0.10578342721213971 0.09239778003177213
0 0.7921100698968854 0.9387964565689568 0.10491013192686935 0.07364778003177222
0 0.0887842100914132 0.09146652556754523 0.08467040653397531 0.0748557240254177
0 0.5584289301076238 0.03007642694422171 0.08626713978475227 0.04209777110331836
0 0.2563568920610638 0.321138209007884 0.07493153349844608 0.06687958279171564
0 0.212536039913096 0.8590921765404799 0.07180653349844598 0.06682503571381489
0 0.9500896596388564 0.6022158486134377 0.048878455748187125 0.07735343262955982
0 0.952919253104881 0.675762442769239 0.03637845574818712 0.07713524431795715
0 0.9077672648917054 0.7218874204481047 0.09106595574818713 0.07808981818121907
0 0.0456139055050272 0.9679881152591197 0.05596320967712844 0.06186480032431163
0 0.037587389789261495 0.9052972004864674 0.05639985731976358 0.07123980032431163