0 0.7196373152464896 0.32583133500920197 0.08118101581733086 0.07681837955902786
0 0.9512042861204669 0.5880085991612508 0.0732411818249421 0.07351154160312508
0 0.6665971813678315 0.4799181165443408 0.07805601581733086 0.07674564437666671
0 0.6224214170333754 0.41098562537805605 0.07805601581733086 0.07674564437666671
0 0.8844306215957305 0.5966010427404868 0.07949118182494211 0.0736570119678472
0 0.9702328814443811 0.5145535685760425 0.05953423711123769 0.07369337955902786
0 0.7638130795809456 0.3947638261754868 0.08287084980971962 0.07997974715020843
0 0.6892905820524036 0.40473693179882 0.07343218281352507 0.07819904160312507
0 0.7911939802655175 0.3196917442035076 0.07818334980971961 0.07987064437666672
0 0.7461096319386727 0.24761606924163254 0.07512201680591399 0.08136040919430557
0 0.9827832902847643 0.44218825930548694 0.03443341943047144 0.07609102773541672
0 0.8450378577555661 0.5301214043477438 0.07799234882113666 0.0751831443766667
0 0.9219743839530201 0.6560130635420494 0.07949118182494211 0.0736570119678472
0 0.9657416996194392 0.37380128200691054 0.06851660076112154 0.07983427678548623
0 0.6488619002274614 0.33198910961048667 0.07499468281352506 0.07823540919430565
0 0.9431889258934429 0.06566147368628551 0.052002851786885886 0.08862739532659727
0 0.8731363414439436 0.4535050061713549 0.08436968281352505 0.07845361474138901
0 0.9938388192008223 0.7142269134657995 0.012322361598355513 0.07122168977951393
0 0.9979798325466952 0.83926328105698 0.004040334906609644 0.06802395459715278
0 0.734933345892568 0.47136204055628533 0.07805601581733086 0.07674564437666671
0 0.9887255548663662 0.5805786120790286 0.02254889026726765 0.07601829255305574
0 0.8944343157779621 0.7271788955140285 0.07623884783255334 0.07045927678548622
0 0.9653901670333754 0.8467660033215634 0.06921966593324917 0.06420927678548623
0 0.4416701186299809 0.5722465144363892 0.0811173488211363 0.07525587955902786
0 0.7899577214054501 0.672453068291702 0.07636618182494193 0.07358427678548622
0 0.5972887658545118 0.483768508736806 0.0748036818249421 0.07354790919430557
0 0.6754615509120334 0.2568988438429172 0.07524935079830275 0.08448540919430556
0 0.6077474688968111 0.261566853626563 0.08781301779449713 0.08633884992375007
0 0.854483136424478 0.6661498233256952 0.06849001482874754 0.07183993882958344
0 0.9094359387822053 0.5206931593817369 0.0748036818249421 0.07354790919430557
0 0.8127466225843136 0.5996156335461812 0.0732411818249421 0.07351154160312508
0 0.9430986729648744 0.44654779777447995 0.08118101581733086 0.07681837955902786
0 0.9611761468046014 0.7178052019347925 0.07623884783255334 0.07045927678548622
0 0.9776262287826427 0.6474751713495841 0.04474754243471466 0.07347517401194459
0 0.903546741634224 0.3761619093817369 0.08118101581733086 0.07681837955902786
0 0.6294049515966055 0.18011748508545192 0.07700285178688589 0.08920927678548618
0 0.976512056349241 0.2896626713495841 0.042564184790691684 0.08684668977951393
0 0.74906612456148 0.6074995623077785 0.07636618182494193 0.07358427678548622
0 0.7224028068807137 0.6810273280753478 0.0779923488211363 0.0751831443766667
0 0.3749282876033417 0.5816202080156253 0.0779923488211364 0.0751831443766667
0 0.9328866621276406 0.7897341001111813 0.07311384783255334 0.07038654160312507
0 0.24131729155767437 0.5972425951740974 0.07636618182494201 0.07358427678548622
0 0.5723471156642314 0.561238892095556 0.0811173488211363 0.07525587955902786
0 0.8321571502646424 0.7311929418668062 0.06667284684397004 0.06555357123840277
0 0.5425773385153752 0.8266995847248616 0.0729865138401646 0.06726154160312489
0 0.11952586319277347 0.5389917244487848 0.07818334980971957 0.07987064437666672
0 0.9795826596190016 0.7794700537584036 0.04083468076199672 0.06878767401194441
0 0.1942075282118015 0.5329248688254515 0.07811968281352515 0.07830814437666671
0 0.8417882519771662 0.02895894785072987 0.08357650395433254 0.020677482332569507
0 0.775043692736538 0.5362973627446187 0.0763661818249421 0.07358427678548622
0 0.557832335018153 0.41572637034406296 0.08287084980971962 0.07997974715020835
0 0.9402601048269975 0.9132261514979522 0.07123301285158128 0.06253767401194459
0 0.878504343383929 0.0680584686522924 0.08650518577927464 0.09255248233256952
0 0.48052300748873594 0.8361823810776393 0.07136034684397004 0.06566267401194459
0 0.1389177807204405 0.9382832096311459 0.07123301285158128 0.06253767401194459
0 0.5805575692008222 0.34132643559854214 0.08781301779449713 0.08633884992375007
0 0.8213815459691176 0.23687989741388957 0.08781301779449713 0.08633884992375007
0 0.5673425751695023 0.7640547675705213 0.06536501482874754 0.07176720364722229
0 0.7890278686671619 0.9751341452781427 0.06916117688202625 0.049731709443714675
0 0.37601457961812657 0.7806753038553128 0.07949118182494201 0.07365701196784738
0 0.7393104170705564 0.808643835009202 0.0763661818249421 0.07358427678548622
0 0.41512084197541627 0.8401236922480558 0.07136034684397004 0.06566267401194459
0 0.7598510687437117 0.7380955988769103 0.06992518083635879 0.06875130642076392
0 0.8003036779077904 0.46663947938586875 0.0733048488211363 0.07507404160312489
0 0.9837555064629717 0.9068683551451745 0.032488987074056654 0.06718880642076393
0 0.7063666996194391 0.17254268084888946 0.08325285178688588 0.08935474715020844
0 0.5226906028498312 0.8941410046527434 0.07148768083635879 0.06878767401194423
0 0.3952779382879137 0.5063844718833337 0.08118101581733086 0.07681837955902786
0 0.6970791547132669 0.7491227114340978 0.06979784684397003 0.06562630642076392
0 0.6399975306832595 0.5550083823119103 0.07174234882113631 0.07503767401194458
0 0.28380192741349874 0.4522762405006947 0.08287084980971962 0.07997974715020853
0 0.4832792984777566 0.6356557042159031 0.07831068380210837 0.0829956443766667
0 0.5626631205699663 0.18949117866468795 0.08031885277546902 0.09396951196784728
0 0.7107025974126238 0.8727602331855909 0.07136034684397004 0.06566267401194423
0 0.6001072901119807 0.9873870310117191 0.06708934091247087 0.025225937976561853
0 0.8936557939919514 0.22919599040378547 0.08468801779449713 0.08626611474138893
0 0.16030334938979007 0.8693156572944446 0.07936384783255326 0.0705320119678472
0 0.7647310034600412 0.0341900020872923 0.0857120069200823 0.034776349923750074
0 0.4535095213289003 0.9011163968452086 0.07442167984777566 0.06417290919430556
0 0.5019722431542799 0.7687773287409378 0.07311384783255317 0.07038654160312507
0 0.6838549600367435 0.616128373478195 0.07623884783255316 0.07045927678548622
0 0.5431172134967847 0.6292433564763547 0.0654923488211363 0.0748922036472223
0 0.7936795820895846 0.8021042007005216 0.05911501482874755 0.07162173328249999
0 0.4180668394667773 0.43354703713781284 0.07843801779449713 0.08612064437666671
0 0.39363977281177515 0.9067474945847571 0.07611151384016442 0.06733427678548623
0 0.6577500578692967 0.6842055730413547 0.07317751482874754 0.07194904160312507
0 0.6455550998840817 0.8829515443560074 0.07136034684397004 0.06566267401194459
0 0.17944066855343124 0.8026373035709724 0.07780134783255326 0.07049564437666689
0 0.7782893454354574 0.8649672234019452 0.07780134783255335 0.07049564437666689
0 0.7081745277175099 0.5425460563238548 0.0763661818249421 0.07358427678548622
0 0.5897575197716635 0.10738784669270882 0.08625051779449713 0.0863024823325695
0 0.5819382688574424 0.8923979731176047 0.06849001482874754 0.07183993882958362
0 0.2184328898845192 0.6677362799196181 0.07623884783255326 0.07045927678548622
0 0.28511105391496405 0.6568000863403821 0.07636618182494201 0.07358427678548622
0 0.8780147728117751 0.9180214478507299 0.06354784684397004 0.06548083605604163
0 0.46611702030313606 0.501789197282049 0.08430601581733085 0.07689111474138884
0 0.46874734140676255 0.0491551597629865 0.09061968281352506 0.07859908510611117
0 0.5090645711779886 0.34902852640423654 0.07368685079830276 0.08444904160312508
0 0.92397069368794 0.14950914361416742 0.08781301779449713 0.08633884992375007
0 0.6254773632299545 0.9457054642838895 0.07136034684397004 0.06566267401194423
0 0.8104598582870386 0.9265957076343756 0.06680018083635879 0.06867857123840296
0 0.6310867401885304 0.7577333388089241 0.0779923488211363 0.0751831443766667
0 0.5419938404181794 0.04617693654847268 0.08711268083635879 0.06915134992375008
0 0.3508500949411658 0.8526769372140628 0.07317751482874764 0.0719490416031249
0 0.6631020386291059 0.9838175078353302 0.06877917490485981 0.03236498432933956
0 0.5362994580967582 0.9921193372903125 0.06514483893530461 0.015761325419374826
0 0.5158252712545381 0.11269163611163238 0.08806768577927464 0.09258884992375008
0 0.4437260726608633 0.35453233757465313 0.08143568380210837 0.08306837955902786
0 0.3101176655876817 0.7916296812301391 0.07311384783255317 0.0703865416031249
0 0.8492253616727176 0.1540134992375007 0.08963018577927499 0.09262521751493065
0 0.24246725056865367 0.7978601910137849 0.07480368182494201 0.07354790919430557
0 0.5941968938388518 0.6952145018029519 0.07311384783255334 0.0703865416031249
0 0.45817848079699014 0.7092198375746531 0.07311384783255334 0.07038654160312507
0 0.7777960306460784 0.1632780900431951 0.08338018577927464 0.09247974715020839
0 0.6154869620139098 0.6239031994662505 0.0763661818249421 0.07358427678548622
0 0.04084251730020556 0.08290407218833337 0.0787563527754691 0.09393314437666674
0 0.3072778725843136 0.5878507177992711 0.07636618182494201 0.07358427678548622
0 0.929365142318796 0.3010534598185772 0.07355951680591417 0.08132404160312508
0 0.2546993592384408 0.5234057048814933 0.06861734882113639 0.07496493882958344
0 0.17291746003674352 0.6042361711621529 0.07480368182494201 0.07354790919430557
0 0.7529975267661078 0.933843856760695 0.07285917984777583 0.0641365416031249
0 0.10705776631162238 0.07976219481350702 0.08963018577927469 0.09262521751493062
0 0.689907277754691 0.9370584693178825 0.06511034684397003 0.06551720364722229
0 0.8522772851690646 0.9759605812094799 0.05784167490485999 0.04037173328249999
0 0.5280134783255322 0.6991376291777781 0.07493101581733086 0.07667290919430556
0 0.6747531685534313 0.8141658299752088 0.07174234882113631 0.07503767401194424
0 0.35351088543589493 0.6498065103523267 0.07505834980971962 0.07979790919430556
0 0.33312810676698285 0.5135235182361113 0.08156301779449712 0.08619337955902787
0 0.6117902535344031 0.8205054425323963 0.0748036818249421 0.07354790919430557
0 0.49810587205284096 0.19501317363069487 0.08988485376405216 0.09887521751493064
0 0.42112946695682574 0.642794750568681 0.07818334980971961 0.07987064437666688
0 0.39827689878176775 0.7140696853142018 0.07649351581733085 0.07670927678548622
0 0.2247650974126237 0.8614499123284375 0.07330484882113639 0.07507404160312489
0 0.2653516522418089 0.727366506268264 0.07662084980971962 0.07983427678548623
0 0.13477015570184997 0.7407178786090973 0.07674818380210838 0.08295927678548623
0 0.21670992790779034 0.4530561840799307 0.08175401878308027 0.09088087955902786
0 0.5368287683259698 0.49406892268076436 0.07499468281352506 0.07823540919430556
0 0.19926373722278082 0.7336333836430905 0.07512201680591395 0.08136040919430557
0 0.44132124463715455 0.7743902426848962 0.0748673488211363 0.07511040919430556
0 0.8388130099601938 0.8562293094579868 0.07493101581733086 0.07667290919430556
0 0.540878303877783 0.26781554720579903 0.08663251977166339 0.0956774823325695
0 0.8655573103035736 0.30581238858017434 0.08663251977166339 0.0956774823325695
0 0.23787266209045957 0.3786198817432294 0.08656885277546911 0.0941149823325695
0 0.4026116413302129 0.2841100815907295 0.0881950197716634 0.09571384992375007
0 0.20484652824898256 0.9281100822563196 0.07167868182494201 0.07347517401194423
0 0.472605806349241 0.2779341231938545 0.08650518577927464 0.09255248233256949
0 0.15537447437119956 0.6717321424768057 0.07837435079830275 0.08455814437666671
0 0.4514590237259961 0.12290113107763927 0.08825868676785795 0.09727634992375007
0 0.6650931007983027 0.09821417486496584 0.08988485376405234 0.09887521751493063
0 0.33064502429464987 0.9123058571419446 0.07324118182494202 0.0735115416031249
0 0.3318680598092821 0.29104910619201413 0.08663251977166349 0.0956774823325695
0 0.2892268454354574 0.8535841673624308 0.07330484882113648 0.07507404160312489
0 0.1082965445234239 0.6081956661281598 0.07687551779449713 0.08608427678548622
0 0.4026594263877346 0.05542203713781284 0.08781301779449713 0.08633884992375007
0 0.30933382661519604 0.37013654093753495 0.08650518577927473 0.09255248233256949
0 0.3762666586304184 0.3654503473582989 0.07831068380210837 0.0829956443766667
0 0.2604068952845456 0.29953244699770853 0.08669618676785795 0.0972399823325695
0 0.07841143186212306 0.46856946846486114 0.08025518577927471 0.0924070119678472
0 0.3784035257031625 0.1305668542921531 0.08988485376405224 0.09887521751493064
0 0.2693082762718162 0.9202443372903126 0.07480368182494193 0.07354790919430557
0 0.42436462452429896 0.2050044630496184 0.08675985376405233 0.0988024823325695
0 0.437306201176676 0.9631799857510419 0.06992518083635879 0.06875130642076428
0 0.4918717539915137 0.4251182477188893 0.08325285178688588 0.08935474715020834
0 0.5632001977166349 0.9497195106366672 0.06992518083635879 0.06875130642076392
0 0.37590578615764797 0.9671813475489237 0.07311384783255317 0.0656373049021525
0 0.5002372826976069 0.9560591231938546 0.07317751482874754 0.0719490416031249
0 0.1483419298849567 0.4608310100679862 0.08494268577927473 0.09251611474138902
0 0.35443412650146533 0.21274292144649337 0.08832235376405233 0.09883884992375007
0 0.8142017628515813 0.07983046361829929 0.0899485207602467 0.10043771751493062
0 0.11494708703250041 0.8097217985369791 0.07824701680591395 0.08143314437666689
0 0.3295402613687065 0.06152526035232667 0.08637785178688588 0.08942748233256952
0 0.3105672876405227 0.9715139369297223 0.06973417984777566 0.05697212614055545
0 0.19213439775600355 0.309651022985764 0.08825868676785786 0.09727634992375007
0 0.2845991289729232 0.22282512984336827 0.08675985376405233 0.0988024823325695
0 0.17103533056952874 0.3856498253224654 0.08975751977166349 0.09575021751493065
0 0.1817394313306504 0.07369533919017376 0.08969385277546911 0.09418771751493063
0 0.8375861606075847 0.38555378675656315 0.08656885277546919 0.0941149823325695
0 0.23395053015178685 0.1482784183123613 0.09007585475263546 0.1035627175149306
0 0.3069741946765233 0.13983144509784745 0.0899485207602467 0.10043771751493065
0 0.25642109634967847 0.06762848356684048 0.08806768577927473 0.09258884992375008
0 0.12123164874458672 0.3126837975870487 0.09157468775644104 0.10203658510611113
0 0.08694280935217151 0.6779444684648611 0.07687551779449713 0.08608427678548622
0 0.2130742974519924 0.2297459706490627 0.09001218775644108 0.10200021751493064
0 0.14073638243296432 0.2358673776591668 0.08994852076024666 0.10043771751493065
0 0.24897587163291152 0.9738934013105208 0.07416701186299815 0.052213197378958395
0 0.10032358254669507 0.39337009992375005 0.08350751977166349 0.09560474715020835
0 0.04889373372555867 0.3188052045971528 0.07550401878308032 0.09073540919430556
0 0.16320694863085597 0.15521744291364598 0.0899485207602467 0.10043771751493065
0 0.06852580140632507 0.2451137846692709 0.08487901878308031 0.09095361474138892
0 0.05796628068325945 0.5414614545971528 0.07212435079830275 0.08441267401194459
0 0.35516759144394366 0.44144914969500026 0.08169035178688588 0.08931837955902786
0 0.029595952585188674 0.17083983007211806 0.049132519771663496 0.09480466014423614
0 0.18507253912339747 0.9770541156913195 0.07384867688202616 0.045891768617360995
0 0.09005595011373073 0.16053941612815978 0.08994852076024666 0.10043771751493065
0 0.9548970415204934 0.21891376025541748 0.0679461867678576 0.09680357123840286
0 0.09899843486505362 0.8780353874428126 0.07343218281352519 0.0781990416031249
0 0.039177835512444595 0.405996080072118 0.04868685079830275 0.08386716014423605
0 0.12120104011198066 0.9810142638677084 0.0703416749048598 0.037971472264583285
0 0.3315032342570313 0.7226621288934378 0.06373884783255326 0.07016833605604163
0 0.8705139961200296 0.7914043964639591 0.06361151384016424 0.06704333605604162
0 0.6221124219391102 0.03945611749427135 0.07547484387822045 0.05170927678548617
0 0.6954225879467215 0.03804039427975752 0.07522017589344294 0.04545927678548617
0 0.7413054323192336 0.09140243683281313 0.07524935079830275 0.08448540919430561
0 0.9737325548849567 0.9624819222995147 0.05253489023008662 0.051345600873680654
0 0.9151446996938013 0.9672772186522923 0.0691611768820259 0.050001306420763926