0 0.9610807159310616 0.4900552642725328 0.07783856813787686 0.13888702564056316
0 0.0810562707974277 0.4909117903228715 0.12735036167271765 0.14005141935425697
0 0.24311196593106152 0.22271394623767432 0.12872186068413455 0.13543669396136265
0 0.24347004056909122 0.577275167701627 0.12559686068413445 0.13529114474715093
0 0.7943070514063251 0.20721714723285958 0.1509788626613009 0.14583053846084476
0 0.801774630492979 0.5825810202683889 0.1494163626613009 0.1457577638537389
0 0.7980408409496521 0.3948990837506242 0.1510425296574951 0.14739303846084476
0 0.24525932813525184 0.7556548788264976 0.12578786167271766 0.13997864474715094
0 0.6026460638007958 0.6709115818885973 0.14460152866891213 0.1424144400324213
0 0.6053851087441492 0.48840729694240925 0.1382241946765234 0.13899834160399785
0 0.8000078365382087 0.769736417911024 0.14629136266130088 0.14561221463952734
0 0.24655925399151374 0.403364632755439 0.12559686068413445 0.13529114474715093
0 0.6018104866913082 0.3046316104246447 0.14310269566510653 0.14390416542531542
0 0.60641168684222 0.8593747684063621 0.15116986364988386 0.15051803846084474
0 0.4213138562726913 0.4852395632773476 0.13002969269935694 0.12925946856846854
0 0.4193242278312407 0.6669262109199827 0.13340936068413445 0.13565501778268044
0 0.4173399861970166 0.31087526406313587 0.1335366946765232 0.13878001778268026
0 0.602269448630856 0.1237989873891154 0.14766286167271758 0.14099748924663302
0 0.41936144813656445 0.12996986642050073 0.1301570266917457 0.1323844685684686
0 0.42544818832509473 0.8748478728306415 0.13401153855474385 0.18870724317557439