0 0.3733080412953654 0.2621488196874884 0.14707608935390812 0.15833053846084474
0 0.46090058999045497 0.06125206141532076 0.14694882001909004 0.12250412283064152
0 0.22595594788355083 0.8468235343270155 0.13588405068427195 0.1359461162111039
0 0.2912842399347757 0.46664157464988715 0.14542268268618094 0.15044526385373888
0 0.11858998524032247 0.6792615068244255 0.14220677601845372 0.14248721463952715
0 0.18332793129377456 0.28270968445085004 0.14547722668681723 0.1551327638537389
0 0.10516492659932128 0.49092675289548415 0.14078972668681727 0.1549144400324213
0 0.6665660506047301 0.4249569189444813 0.14382382001909005 0.14724748924663303
0 0.4781666219366848 0.4438825091007371 0.1422067760184536 0.14248721463952715
0 0.3039189579090042 0.6557939658823815 0.13753745735199913 0.14383139081820956
0 0.5625523546308198 0.23771809222767964 0.14703972668681722 0.15520553846084476
0 0.4868678179105951 0.6355605868509961 0.1375192760184536 0.14226889081820956
0 0.40428094255255065 0.8213397291169479 0.1375192760184536 0.14226889081820956
0 0.7596091679662742 0.21292349173234157 0.1470033640197263 0.15208053846084474
0 0.8558103639401846 0.40052619148467256 0.14393290802036277 0.15662248924663302
0 0.6713791779121859 0.615254433212505 0.1390817760184536 0.14234166542531543
0 0.586403099220278 0.8050489873891153 0.1453317760184536 0.14263276385373908
0 0.8590337192473221 0.5932402303598021 0.1437692760184536 0.14255998924663302
0 0.767035481222187 0.7825810202683889 0.1422067760184536 0.14248721463952715
0 0.5004281418682788 0.9464788161728317 0.13350339067472686 0.06556084160399785