0 0.4671875 0.06328125 0.1265625 0.1265625
0 0.39296875 0.253125 0.1296875 0.1203125
0 0.56796875 0.2421875 0.1171875 0.1203125
0 0.74609375 0.234375 0.1125 0.1171875
0 0.8359375 0.41328125 0.115625 0.115625
0 0.6671875 0.421875 0.115625 0.1109375
0 0.49296875 0.43046875 0.1109375 0.109375
0 0.3203125 0.440625 0.1234375 0.115625
0 0.21015625 0.2609375 0.1125 0.1125
0 0.14140625 0.44921875 0.11875 0.115625
0 0.15859375 0.62421875 0.1140625 0.10625
0 0.33046875 0.6171875 0.1171875 0.10625
0 0.50078125 0.60703125 0.1078125 0.1015625
0 0.67109375 0.5984375 0.115625 0.109375
0 0.84375 0.5890625 0.1140625 0.1046875
0 0.76328125 0.76015625 0.1046875 0.096875
0 0.59609375 0.7703125 0.109375 0.1015625
0 0.43125 0.7796875 0.1109375 0.10625
0 0.259375 0.78828125 0.1109375 0.1046875
0 0.521875 0.93125 0.1171875 0.1015625