0 0.8617891679104155 0.7583695310118264 0.16298806722365597 0.3231145542357773
0 0.8584731669218323 0.7631479592250717 0.1770797421285156 0.3625407670887588
0 0.728753833423735 0.7677027300747543 0.21008324311709892 0.368183013327835
0 0.5796624174161239 0.7689195522572204 0.21496174410568206 0.3730069056477031
0 0.906679787034688 0.19288928351910886 0.18320240813612684 0.3595976235152496
0 0.1300762528913874 0.7718569649645526 0.21757740813612686 0.36059783386094857
0 0.7700883710270767 0.19374239284859346 0.20683090912471017 0.36496708511458975
0 0.4319743339180267 0.7739971603330638 0.21333557710948767 0.37139894154108044
0 0.6225594550194655 0.19491375092443683 0.20839340912471016 0.36501254922121246
0 0.16994379098902068 0.19559834184501435 0.21008324311709883 0.3681830133278351
0 0.040646268745899265 0.7695479703748289 0.08129253749179853 0.3202790592503423
0 0.47349987250995157 0.19534932310690287 0.20858441011329312 0.36970004922121247
0 0.06187924678710468 0.20583481136191337 0.12375849357420936 0.35800637978345573
0 0.3220647065023403 0.19663434144930295 0.20683090912470997 0.3649670851145898
0 0.27969425091422107 0.7768674107287751 0.21021057710948768 0.37130801332783536