0 0.46484375 0.0625 0.1265625 0.125
0 0.51796875 0.93046875 0.1265625 0.11796875
0 0.7625 0.76015625 0.12109375 0.115625
0 0.4265625 0.7796875 0.12109375 0.1125
0 0.74375 0.234375 0.12890625 0.1359375
0 0.3875 0.2484375 0.12890625 0.13359375
0 0.565625 0.2421875 0.13125 0.1359375
0 0.2578125 0.7875 0.1265625 0.1125
0 0.315625 0.4421875 0.1265625 0.13046875
0 0.48828125 0.4296875 0.1234375 0.12578125
0 0.2109375 0.26015625 0.12890625 0.13046875
0 0.590625 0.76640625 0.12109375 0.1125
0 0.6625 0.4234375 0.12890625 0.128125
0 0.1375 0.45 0.13359375 0.1359375
0 0.50234375 0.60546875 0.11640625 0.11796875
0 0.33046875 0.61640625 0.12109375 0.1203125
0 0.66796875 0.5984375 0.1234375 0.1203125
0 0.834375 0.4125 0.1234375 0.13359375
0 0.83984375 0.5875 0.11875 0.11796875
0 0.13359375 0.6234375 0.171875 0.11796875