0 0.2318261086605561 0.6650181146960441 0.3371025693385417 0.12107830537872513
0 0.7910913526766326 0.633254872772086 0.3371389369297223 0.12264080537872513
0 0.7694650469214587 0.3416759001034043 0.3323787017473613 0.11946126137808885
0 0.8046479724520145 0.7794668014401316 0.3466230397032639 0.12743739337999785
0 0.7552362799196182 0.2001423807685862 0.3526912017473613 0.11969761871417965
0 0.7480933143045487 0.06103442743472261 0.33681162860909736 0.10857830537872518
0 0.2244831212939935 0.5173164113621805 0.3325241721120834 0.12571126137808886
0 0.8159517612053481 0.9295577081078588 0.34651393692972227 0.12274989337999784
0 0.23915091223152846 0.8119385680299077 0.3468048776591668 0.13524989337999785
0 0.19337009992375007 0.08660221335931699 0.3403003045209029 0.12423966804581607
0 0.20445568313000018 0.2273181200270442 0.337248039703264 0.12732830537872522
0 0.2470569440510077 0.9479653326702724 0.34618662860909727 0.10406933465945514
0 0.21176230290538225 0.3734573233609078 0.329435539703264 0.12723739871099796
0 0.7876727991056601 0.48637987277208605 0.33397756933854195 0.12104194271163422