0 0.0859375 0.11640625 0.07265625 0.06953125
0 0.1734375 0.06640625 0.075 0.05546875
0 0.16953125 0.16875 0.06640625 0.0546875
0 0.08203125 0.2125 0.06953125 0.0625
0 0.0921875 0.315625 0.0671875 0.0578125
0 0.17578125 0.36328125 0.06640625 0.0609375
0 0.08828125 0.41171875 0.0640625 0.05859375
0 0.0875 0.5015625 0.06796875 0.0640625
0 0.096875 0.60078125 0.0640625 0.06640625
0 0.178125 0.55 0.0765625 0.065625
0 0.26796875 0.49609375 0.075 0.07109375
0 0.17421875 0.45546875 0.0765625 0.0625
0 0.26484375 0.4078125 0.08203125 0.078125
0 0.16640625 0.26328125 0.0609375 0.065625
0 0.2609375 0.11328125 0.07109375 0.06875
0 0.09296875 0.69765625 0.07734375 0.0703125
0 0.1765625 0.6421875 0.0703125 0.06015625
0 0.27265625 0.68984375 0.08359375 0.07265625
0 0.18515625 0.7390625 0.08046875 0.071875
0 0.27734375 0.7828125 0.07890625 0.05546875
0 0.18515625 0.83046875 0.06640625 0.05859375
0 0.09140625 0.778125 0.0671875 0.0609375
0 0.1125 0.88515625 0.07421875 0.0703125
0 0.19453125 0.925 0.084375 0.07109375
0 0.275 0.8796875 0.06640625 0.07734375
0 0.36640625 0.83828125 0.0671875 0.065625
0 0.3625 0.92578125 0.08125 0.05546875
0 0.3578125 0.64375 0.075 0.06640625
0 0.36171875 0.740625 0.06640625 0.05625
0 0.35859375 0.5484375 0.0734375 0.0734375
0 0.353125 0.45546875 0.08359375 0.06796875
0 0.26796875 0.3109375 0.06796875 0.0671875
0 0.26171875 0.21640625 0.06328125 0.06171875
0 0.35 0.16796875 0.07734375 0.05859375
0 0.35078125 0.26015625 0.07109375 0.06484375
0 0.35546875 0.3578125 0.07890625 0.075
0 0.446875 0.59765625 0.06796875 0.06484375
0 0.44609375 0.5046875 0.06640625 0.05390625
0 0.44609375 0.41328125 0.06171875 0.06640625
0 0.4421875 0.3078125 0.06328125 0.0578125
0 0.4421875 0.21953125 0.06328125 0.059375
0 0.34765625 0.06328125 0.06328125 0.06796875
0 0.253125 0.025 0.06953125 0.04921875
0 0.43203125 0.025 0.0734375 0.04921875
0 0.4328125 0.11640625 0.06796875 0.06640625
0 0.52578125 0.06875 0.07890625 0.06015625
0 0.52578125 0.16328125 0.07890625 0.0671875
0 0.525 0.25703125 0.07421875 0.0625
0 0.528125 0.35 0.0734375 0.07265625
0 0.52734375 0.4546875 0.07109375 0.078125
0 0.52890625 0.55234375 0.07578125 0.06171875
0 0.53203125 0.64140625 0.07421875 0.06171875
0 0.44296875 0.69296875 0.078125 0.0546875
0 0.4453125 0.78828125 0.06484375 0.05859375
0 0.4484375 0.884375 0.07109375 0.05859375
0 0.53984375 0.9359375 0.0859375 0.071875
0 0.53203125 0.8375 0.06640625 0.06171875
0 0.62109375 0.78671875 0.0734375 0.06015625
0 0.53203125 0.7421875 0.07421875 0.06640625
0 0.71328125 0.74296875 0.06953125 0.06875
0 0.61953125 0.69296875 0.0640625 0.065625
0 0.61171875 0.1140625 0.0671875 0.0625
0 0.6171875 0.2109375 0.06953125 0.05546875
0 0.61640625 0.3078125 0.06796875 0.06171875
0 0.61796875 0.40703125 0.07578125 0.07109375
0 0.61171875 0.496875 0.0671875 0.059375
0 0.61328125 0.59921875 0.06640625 0.05859375
0 0.62421875 0.88359375 0.06640625 0.06484375
0 0.70859375 0.9296875 0.0734375 0.06875
0 0.71171875 0.64140625 0.0625 0.0671875
0 0.70234375 0.065625 0.0703125 0.071875
0 0.603125 0.021875 0.08671875 0.04375
0 0.70390625 0.1625 0.07265625 0.07421875
0 0.70703125 0.25703125 0.06953125 0.0625
0 0.70390625 0.35625 0.078125 0.06484375
0 0.70625 0.45390625 0.0640625 0.06328125
0 0.7046875 0.55078125 0.06640625 0.065625
0 0.78984375 0.01953125 0.05703125 0.03828125
0 0.78984375 0.11171875 0.075 0.05703125
0 0.79453125 0.2140625 0.06640625 0.0609375
0 0.78984375 0.3109375 0.0671875 0.0625
0 0.796875 0.40703125 0.07109375 0.059375
0 0.7984375 0.5046875 0.06484375 0.0578125
0 0.79375 0.59765625 0.06015625 0.06484375
0 0.7953125 0.690625 0.06015625 0.05
0 0.8015625 0.7796875 0.05859375 0.05859375
0 0.71015625 0.8296875 0.0671875 0.0609375
0 0.79765625 0.88125 0.0734375 0.065625
0 0.878125 0.0609375 0.0734375 0.06640625
0 0.88515625 0.159375 0.08359375 0.0625
0 0.88515625 0.24921875 0.06953125 0.06875
0 0.87421875 0.35 0.06640625 0.05625
0 0.88359375 0.4515625 0.06171875 0.05390625
0 0.8796875 0.5421875 0.0671875 0.0609375
0 0.8828125 0.6359375 0.0640625 0.05625
0 0.88359375 0.734375 0.06171875 0.05625
0 0.884375 0.840625 0.06796875 0.0546875
0 0.8875 0.925 0.06953125 0.06796875
0 0.96875 0.0234375 0.059375 0.046875
0 0.96640625 0.20703125 0.0671875 0.05234375
0 0.96484375 0.303125 0.0703125 0.065625
0 0.96484375 0.40078125 0.0703125 0.0609375
0 0.9671875 0.4921875 0.065625 0.065625
0 0.9671875 0.59375 0.065625 0.0625
0 0.96640625 0.6953125 0.0671875 0.06328125
0 0.96953125 0.778125 0.06015625 0.05078125
0 0.97109375 0.8796875 0.0578125 0.0578125