0 0.0800789063212707 0.20385843738444542 0.15952148750696812 0.29834187476889085
0 0.08558856293712896 0.21104881175762474 0.17055898145684395 0.31584762351524953
0 0.2027351563212707 0.20742736975432585 0.22384760792027708 0.3455184031404207
0 0.3472391352440319 0.20694529961692387 0.22870782474278978 0.3753422954602888
0 0.08158440251064167 0.7311567232778227 0.1473214693565955 0.3495406619159095
0 0.7942414002711464 0.24182303411101067 0.23656577653818794 0.3833821159934022
0 0.1871213302037388 0.7459443004748537 0.22555555366555097 0.3705638672470434
0 0.4949408370394299 0.21905415769276723 0.22870782474278978 0.3753422954602888
0 0.3348366675377563 0.7603969085506971 0.22868055366555087 0.3706547954602888
0 0.7834605198988884 0.8054763571514065 0.22868055366555087 0.3706547954602886
0 0.9068004876051641 0.2552526997878437 0.1505010115110732 0.3590065901291547
0 0.481766209692234 0.7740455345732291 0.22556464402463056 0.37212636724704334
0 0.9103663700205255 0.805343628001089 0.17926725995894904 0.3443818004748536
0 0.6318298422057913 0.7893475888090065 0.22397487294739166 0.3673934031404208
0 0.644986288834828 0.23123121192854462 0.2255737343837101 0.3736888672470434