0 0.05431368797741013 0.4098801141441891 0.10862737595482026 0.1646147717116218
0 0.2187819839274579 0.5238954565767566 0.16293744668999893 0.1793707845319034
0 0.239005219287093 0.32930854859503916 0.1612294960216354 0.1667980099247975
0 0.2647335673138191 0.1313419294884513 0.1564510893539081 0.1587671861034799
0 0.47474491398790963 0.07468741894222672 0.15496131468808994 0.14937483788445344
0 0.453040994629229 0.25453106472508963 0.14871131468808993 0.1646533130679506
0 0.4304740092695939 0.4492271346174658 0.14707608935390812 0.15833053846084474
0 0.40794338657704954 0.6407982045098419 0.15503404002227156 0.17119441149637388
0 0.19376216056655007 0.7280756883797915 0.15020108935390816 0.15847608767505647
0 0.3853218572167781 0.8401817744022182 0.15499767735518083 0.16806941149637425
0 0.5780087965468237 0.8554128604246447 0.1424067706874535 0.15967471463952698
0 0.6028740785725952 0.6645138786216098 0.14400563335454458 0.16287248924663303
0 0.6238240199315941 0.4745780833363395 0.13761018268618094 0.15008139081820956
0 0.6455643019573656 0.2838246507475163 0.14871131468808993 0.1646533130679506
0 0.668085833983137 0.09303483085514011 0.14080790802036275 0.1564769400324213
0 0.8392421239656379 0.21389948676994286 0.13128745735199915 0.14354029238978622
0 0.8175563859405027 0.3999654193587661 0.13761018268618094 0.15008139081820956
0 0.7974422385821403 0.5851773273404834 0.14237040802036277 0.15654971463952716
0 0.7757019565563686 0.7759307599293066 0.14080790802036275 0.1564769400324213
0 0.9513490359245944 0.5108579158441093 0.0860295013526354 0.14611732878371625