0 0.64296875 0.21015625 0.0921875 0.3234375
0 0.64375 0.76328125 0.09375 0.3234375
0 0.35703125 0.76875 0.0921875 0.31875
0 0.78828125 0.76328125 0.0984375 0.3328125
0 0.2171875 0.76796875 0.090625 0.3390625
0 0.07265625 0.77421875 0.0984375 0.3234375
0 0.49765625 0.2171875 0.0984375 0.31875
0 0.9359375 0.7609375 0.09375 0.33125
0 0.7875 0.20390625 0.10625 0.3328125
0 0.07421875 0.22578125 0.0953125 0.3265625
0 0.2125 0.2234375 0.1 0.321875
0 0.93515625 0.1984375 0.1015625 0.33125
0 0.35625 0.2171875 0.1 0.315625
0 0.5 0.77265625 0.09375 0.3203125