0 0.21875 0.76171875 0.09296875 0.31015625
0 0.49921875 0.7609375 0.09765625 0.321875
0 0.359375 0.76015625 0.0953125 0.30703125
0 0.7875 0.753125 0.096875 0.31875
0 0.6421875 0.75625 0.09609375 0.3125
0 0.07421875 0.76953125 0.09296875 0.3125
0 0.93828125 0.7578125 0.09921875 0.31640625
0 0.21328125 0.221875 0.09453125 0.31796875
0 0.93515625 0.18515625 0.10546875 0.31875
0 0.35703125 0.21640625 0.10703125 0.31640625
0 0.7890625 0.19609375 0.109375 0.3140625
0 0.646875 0.2125 0.1015625 0.32421875
0 0.50234375 0.225 0.10625 0.3234375
0 0.07578125 0.23984375 0.10078125 0.33515625