0 0.9651334681382086 0.8728677642725329 0.06973306372358294 0.07060790653397539
0 0.8878669764544591 0.9203656565384846 0.0744193474022122 0.059670406533975394
0 0.7997805953670267 0.8908472845364125 0.07461026217486477 0.07060790653397539
0 0.6390476469091543 0.9100618190683157 0.07461026217486459 0.07060790653397504
0 0.7184584573797356 0.9352929514094701 0.07436480032431163 0.0565454065339754
0 0.5568351647660619 0.9482938732449263 0.07436480032431163 0.0565454065339754
0 0.470434014603906 0.9257339766357484 0.07461026217486459 0.07060790653397539
0 0.38971584861343767 0.9599870062052531 0.07422843262955983 0.04873290653397504
0 0.1386697715037649 0.8669070560386374 0.07461026217486459 0.07060790653397504
0 0.3088868141174387 0.8535058738640988 0.07461026217486459 0.07060790653397539
0 0.307152764603906 0.9333389230783105 0.07461026217486459 0.07060790653397539
0 0.221856192769239 0.9740602764691328 0.07244774431795716 0.03616013192686936
0 0.14633799552918253 0.9478659576102139 0.07461026217486459 0.07060790653397504
0 0.06487948984713969 0.9844991244832713 0.06452615016215577 0.029546258891340216
0 0.714696483354318 0.854152113320129 0.07461026217486477 0.07060790653397504
0 0.7944015742637084 0.8066542210541771 0.07461026217486459 0.07060790653397539
0 0.9551072491826303 0.7858771865222739 0.07461026217486477 0.07060790653397539
0 0.8825697759679919 0.8408600930562493 0.07461026217486477 0.07060790653397504
0 0.1196245275961401 0.17895329177061364 0.07461026217486459 0.0706079065339753
0 0.059903843338431885 0.8338270363939302 0.06989548863591429 0.06882708271265763
0 0.05977320413332473 0.915931061001036 0.062082988635914285 0.06846320967712849
0 0.1234274119299833 0.2624378798599548 0.07461026217486463 0.0706079065339753
0 0.12267916395857821 0.35395329177061363 0.07461026217486459 0.0706079065339753
0 0.12575534537032204 0.4405992671635078 0.07461026217486459 0.07060790653397522
0 0.12236333847046321 0.5150363409848253 0.07461026217486463 0.07060790653397539
0 0.1325935008074836 0.6083860806457432 0.07461026217486459 0.07060790653397539
0 0.1332713851413268 0.692016217949296 0.07461026217486459 0.07060790653397539
0 0.13797825040044653 0.7824956687350844 0.07461026217486459 0.07060790653397539
0 0.0398706180984935 0.31324270864367115 0.06992276217486462 0.07038958271265772
0 0.042878615662861524 0.3959824340365653 0.07304776217486462 0.07053513192686944
0 0.04674968384408056 0.4833732721259064 0.07461026217486463 0.07060790653397539
0 0.04602870941162579 0.5764511840365654 0.06989548863591429 0.06882708271265763
0 0.04984523051494415 0.6607170221259064 0.06833298863591428 0.06875430810555194
0 0.055306072235113524 0.7495975856081418 0.06989548863591426 0.06882708271265763
0 0.03998762053412549 0.23035743403656528 0.07304776217486461 0.07053513192686944
0 0.38613115259119724 0.8890024181159119 0.07461026217486459 0.07060790653397539
0 0.22290444966909786 0.8997323645584739 0.07461026217486459 0.07060790653397539
0 0.1976637528393738 0.21519469871887367 0.07461026217486459 0.0706079065339753
0 0.20152118425111767 0.30180428680821486 0.07461026217486459 0.07060790653397522
0 0.2022672524323367 0.38934067411176787 0.07461026217486459 0.0706079065339753
0 0.2084684338440806 0.47584110029045024 0.07461026217486459 0.07060790653397539
0 0.21306620494739895 0.5600705510762385 0.07461026217486459 0.07060790653397539
0 0.21680090543386626 0.6396488891655798 0.07461026217486459 0.07060790653397539
0 0.216039020692986 0.7303830510762385 0.07461026217486459 0.07060790653397539
0 0.21984190502682915 0.8138676391655798 0.07461026217486459 0.07060790653397539
0 0.28581831777418193 0.24861932072094567 0.07461026217486459 0.0706079065339753
0 0.28958029179959965 0.32976015881028686 0.07461026217486459 0.0706079065339753
0 0.2942326099808187 0.41711460959607516 0.07461026217486459 0.07060790653397539
0 0.2965957252399384 0.5077032222925222 0.07461026217486459 0.07060790653397539
0 0.2981230434211574 0.5952032222925222 0.07461026217486459 0.07060790653397539
0 0.29796513067709995 0.675744746899628 0.07461026217486459 0.07060790653397539
0 0.3002191517804183 0.7600833595960752 0.07461026217486459 0.07060790653397539
0 0.27575970495069424 0.07550930645292202 0.07461026217486459 0.0706079065339753
0 0.28042565990138846 0.1636450072387103 0.07461026217486459 0.0706079065339753
0 0.19839836404130373 0.1228980368082149 0.07461026217486463 0.0706079065339753
0 0.35695120373287825 0.11316766418697037 0.07461026217486459 0.0706079065339753
0 0.3631660219140973 0.2004493403656528 0.07461026217486459 0.0706079065339753
0 0.36927174593951495 0.2814810165443352 0.07461026217486459 0.0706079065339753
0 0.3707445170428333 0.36585601654433525 0.07461026217486459 0.0706079065339753
0 0.3754241087630027 0.45477296733012357 0.07461026217486459 0.07060790653397539
0 0.37447130924947 0.5345696292407822 0.07461026217486459 0.07060790653397539
0 0.3768616980475401 0.6267207419372294 0.07461026217486459 0.07060790653397539
0 0.3799242426898088 0.7125854673301235 0.07461026217486459 0.07060790653397539
0 0.38457656087102776 0.7999399181159118 0.07461026217486459 0.07060790653397539
0 0.3506545649348082 0.028251220637637797 0.07461026217486459 0.056502441275275594
0 0.4350256107948929 0.06183629652812457 0.07461026217486459 0.0706079065339753
0 0.4365256554371616 0.14777379652812456 0.07461026217486459 0.0706079065339753
0 0.4443166103878557 0.23576394809970114 0.07461026217486477 0.0706079065339753
0 0.44732460795222373 0.3185036734925953 0.07461026217486477 0.0706079065339753
0 0.44883828936396764 0.4052224234925953 0.07461026217486459 0.07060790653397539
0 0.4542309472367611 0.49019673697483057 0.07461026217486477 0.07060790653397539
0 0.45880144480112917 0.5728636877606188 0.07461026217486477 0.07060790653397539
0 0.4634264894433979 0.6586556385464072 0.07461026217486477 0.07060790653397522
0 0.46500835470251756 0.7492806385464073 0.07461026217486459 0.07060790653397522
0 0.4641782861142615 0.836108550457066 0.07461026217486459 0.07060790653397539
0 0.42913807508107793 0.003739218156438433 0.07231137662320535 0.007478436312876866
0 0.5107289943179572 0.021787147023462607 0.07458298863591431 0.04357429404692521
0 0.5185063124991762 0.09626049235151413 0.07461026217486477 0.0706079065339753
0 0.5261336262161683 0.17487564392309068 0.07461026217486459 0.0706079065339753
0 0.5253171943973873 0.2624848058337495 0.07461026217486477 0.0706079065339753
0 0.5268990596565071 0.3531098058337495 0.07461026217486459 0.0706079065339753
0 0.5307701278377261 0.4405006439230907 0.07461026217486459 0.07060790653397522
0 0.5400474906612139 0.6136470454946673 0.07461026217486477 0.07060790653397539
0 0.547742988225582 0.6961684470662439 0.07461026217486477 0.07060790653397539
0 0.5476259857899499 0.7790537216733496 0.07461026217486477 0.07060790653397522
0 0.5507703510490696 0.8696059470662438 0.07461026217486459 0.07060790653397539
0 0.7077492337613551 0.6801152998378935 0.07461026217486477 0.07060790653397539
0 0.7131282548646733 0.7643083633201287 0.07461026217486459 0.07060790653397539
0 0.5965943563306659 0.04571037469266833 0.07461026217486477 0.07060790653397528
0 0.605852353895034 0.12815900165713906 0.07461026217486477 0.0706079065339753
0 0.6073523985373027 0.21409650165713906 0.07461026217486477 0.0706079065339753
0 0.6111610113607904 0.3874976143535861 0.07461026217486459 0.0706079065339753
0 0.6203565535674271 0.5559565159251626 0.07461026217486459 0.07060790653397539
0 0.6234736452875965 0.6449462413180568 0.07461026217486459 0.07060790653397539
0 0.6296339163909149 0.7291029174967393 0.07461026217486459 0.07060790653397522
0 0.6327782816500346 0.8196551428896335 0.07461026217486477 0.07060790653397504
0 0.8755464342478223 0.7520523041811197 0.06825116801906325 0.06406680810555195
0 0.9575543648487873 0.7021015000045091 0.06825116801906325 0.06406680810555195
0 0.7951361854656384 0.7143575591435184 0.07145798863591431 0.06889985731976367
0 0.8732651396055537 0.6661511914846725 0.06496252678536152 0.05454625889134022
0 0.7874270511317951 0.6310549075719418 0.06811480032431164 0.056254308105551945
0 0.7047003258885616 0.5950318244449994 0.06819662094116268 0.06094180810555194
0 0.9520662495896677 0.6116584365222739 0.07145798863591431 0.06889985731976367
0 0.8677906611159092 0.5764893780024373 0.06496252678536116 0.05454625889134022
0 0.7827474594116259 0.5421379567861535 0.07129434740221222 0.05952485731976367
0 0.703913347398917 0.5051516871414463 0.06496252678536116 0.05454625889134022
0 0.7773002544609315 0.45403864330391813 0.06507162094116267 0.060796258891340216
0 0.8646599326262645 0.4867184026095431 0.0666613944801128 0.06243153349844608
0 0.9529508652558245 0.527955524611615 0.06814207386326174 0.05781680810555194
0 0.9420621838440806 0.44167342225425016 0.06816934740221221 0.05937930810555194
0 0.8608025012145207 0.40010881452020186 0.06674321509696383 0.06711903349844608
0 0.7024133027566483 0.41921418714144637 0.07134889448011297 0.06264985731976366
0 0.7774581672049891 0.3734971186968123 0.06348184740221222 0.05916098428423426
0 0.6923740551922802 0.3368019474805286 0.07450116801906326 0.0643579065339753
0 0.683883670858437 0.25353568321250497 0.06814207386326192 0.057816808105551856
0 0.6822881688298421 0.16212943321250495 0.0666068474022122 0.05930653349844599
0 0.6800886948044245 0.08091582051605789 0.06498980032431163 0.05610875889134015
0 0.6777937633926806 0.010753293632640448 0.06496252678536116 0.021506587265280895
0 0.7634466655834313 0.10830876633944744 0.058712526785361166 0.054255160462916764
0 0.7727376651763942 0.28223641791102405 0.07140344155801373 0.06577485731976358
0 0.7689075073036007 0.19718932982168283 0.06816934740221221 0.05937930810555185
0 0.8500365507280534 0.320857962162837 0.06652502678536151 0.05461903349844599
0 0.9334490685849609 0.35137590798622653 0.06353639448011279 0.062285984284234354
0 0.8500308222384089 0.23094143755573113 0.06816934740221221 0.05937930810555185
0 0.9358280004037418 0.2636939714684619 0.06816934740221221 0.05937930810555194
0 0.8461870275961403 0.14511309946638992 0.07296594155801372 0.06584763192686945
0 0.9311347719140972 0.17399577068267363 0.06512616801906326 0.06392125889134018
0 0.9258102978886796 0.09292770720043828 0.07123980032431163 0.05639985731976358
0 0.8445915255675451 0.05370684946638993 0.06819662094116268 0.06094180810555185
0 0.7596165077106377 0.026048653847888154 0.06501707386326191 0.05209730769577631
0 0.8355380795453048 0.0032447005809005058 0.07107615909060953 0.0064894011618010115
0 0.9249960458600845 0.01835812427838357 0.07148526217486477 0.03671624855676714
0 0.5369849460189451 0.5277823201017732 0.07461026217486477 0.07060790653397539