0 0.6209278609123302 0.7251685701561168 0.1352508413827959 0.14208335099579195
0 0.5296449460269199 0.9207390197006298 0.13640416442319178 0.12807541469812306
0 0.7791887094877692 0.17064721734622637 0.1284098079967011 0.12155259618646848
0 0.7052931860642971 0.5337499072720926 0.13506898495630537 0.13583335099579194
0 0.8779852253228867 0.340810895206375 0.1317621285298145 0.12947422359113023
0 0.8045443429656416 0.7195385851322411 0.1352508413827959 0.14208335099579195
0 0.8864522578510516 0.5242955178017134 0.1289553772761735 0.1403025961864685
0 0.3419664719576745 0.5448734680640166 0.13497805674305977 0.13270835099579195
0 0.5248471681176085 0.5408332648913065 0.1317621285298145 0.12947422359113023
0 0.6991244394295094 0.34862093912325803 0.12863712852981452 0.12936509618646852
0 0.4374023070722643 0.7339235551799923 0.1352508413827959 0.14208335099579195
0 0.5217579573761981 0.35403266933781014 0.12863712852981452 0.12936509618646844
0 0.6058876018076372 0.18139128830495138 0.12863712852981452 0.12936509618646844
0 0.24604152117888695 0.7421701087155222 0.13672241316955064 0.1390129146981227
0 0.15841818606429717 0.5528472030878921 0.13212584138279598 0.14197422359113004
0 0.3428289753228867 0.3594989632546931 0.1301996285298145 0.12941965988879928
0 0.4307512094877691 0.1828149229660072 0.13635870031656908 0.1265129146981227
0 0.16079772532288678 0.3658556345762378 0.1348871285298145 0.12958335099579185
0 0.2549926915410805 0.1897345894782285 0.1317621285298145 0.1294742235911302
0 0.5161849411453691 0.038209295013191334 0.12924488229073816 0.07641859002638267