0 0.5147025088913402 0.0878961838271683 0.13878001778268043 0.13431084160399787
0 0.5482794896564085 0.9469253886465964 0.1386344685684687 0.10614922270680723
0 0.286205367035164 0.7889876871369371 0.1338014193542568 0.12784251778268024
0 0.624595778945823 0.8070871395753553 0.13365587014004526 0.12471751778268043
0 0.25301379983338423 0.260462426797855 0.14263276385373888 0.15008139081820956
0 0.6113892260120667 0.27247669912864925 0.14248721463952715 0.14695639081820958
0 0.4326285252262784 0.26726900661502856 0.14419526385373888 0.15015416542531543
0 0.794835504338717 0.8134570717498939 0.13834337014004508 0.12493584160399784
0 0.7022989780789813 0.4669223660017067 0.13921666542531544 0.14368584160399783
0 0.5278982915612167 0.4549017473094037 0.13743584160399785 0.13892556699689199
0 0.7896233879227255 0.28311675433871697 0.14234166542531543 0.14383139081820956
0 0.45875245512450535 0.7946855312221344 0.13365587014004526 0.12471751778268025
0 0.35222620347187544 0.4490583540099947 0.1421961162111037 0.14070639081820957
0 0.8811324534718754 0.47369255851532743 0.1473202638537387 0.15029971463952715
0 0.5314707094677316 0.632027173488086 0.1276969685684687 0.13067641935425697
0 0.7049809840748373 0.6416676548768363 0.13409251778268044 0.13409251778268044
0 0.36513723407483734 0.6258391778313123 0.13721751778268035 0.13423806699689197
0 0.1803148161683225 0.44027189722835036 0.13779971463952717 0.14673806699689199
0 0.19237182216417853 0.6154538337461151 0.13082196856846856 0.13082196856846853
0 0.9024916848606257 0.6477486426757272 0.18409251778268043 0.1364213052100677