0 0.92890625 0.08671875 0.06796875 0.0609375
0 0.85234375 0.04375 0.06796875 0.0609375
0 0.7703125 0.0828125 0.06796875 0.0609375
0 0.6171875 0.07734375 0.06796875 0.0609375
0 0.69140625 0.040625 0.06796875 0.0609375
0 0.53828125 0.04140625 0.06796875 0.0609375
0 0.45703125 0.075 0.06796875 0.0609375
0 0.38125 0.0390625 0.06796875 0.0609375
0 0.146875 0.15625 0.06796875 0.0609375
0 0.30859375 0.15625 0.06796875 0.0609375
0 0.30234375 0.08125 0.06796875 0.0609375
0 0.221875 0.03515625 0.06796875 0.0609375
0 0.15078125 0.0796875 0.06796875 0.0609375
0 0.06796875 0.03515625 0.06796875 0.0609375
0 0.69140625 0.12421875 0.06796875 0.0609375
0 0.76796875 0.16328125 0.06796875 0.0609375
0 0.921875 0.1703125 0.06796875 0.0609375
0 0.85078125 0.12421875 0.06796875 0.0609375
0 0.1625 0.80859375 0.06796875 0.0609375
0 0.0734375 0.19609375 0.06796875 0.0609375
0 0.06484375 0.1171875 0.06796875 0.0609375
0 0.16328125 0.72890625 0.06796875 0.0609375
0 0.1578125 0.6421875 0.06796875 0.0609375
0 0.15546875 0.56015625 0.06796875 0.0609375
0 0.1484375 0.490625 0.06796875 0.0609375
0 0.15390625 0.4015625 0.06796875 0.0609375
0 0.15078125 0.32265625 0.06796875 0.0609375
0 0.15078125 0.23671875 0.06796875 0.0609375
0 0.07890625 0.68671875 0.06796875 0.0609375
0 0.07890625 0.60859375 0.06796875 0.0609375
0 0.07890625 0.5265625 0.06796875 0.0609375
0 0.0734375 0.4390625 0.06796875 0.0609375
0 0.071875 0.36015625 0.06796875 0.0609375
0 0.0734375 0.27421875 0.06796875 0.0609375
0 0.084375 0.765625 0.06796875 0.0609375
0 0.3796875 0.11640625 0.06796875 0.0609375
0 0.225 0.11875 0.06796875 0.0609375
0 0.23515625 0.7671875 0.06796875 0.0609375
0 0.234375 0.68515625 0.06796875 0.0609375
0 0.23046875 0.603125 0.06796875 0.0609375
0 0.2328125 0.52109375 0.06796875 0.0609375
0 0.2328125 0.440625 0.06796875 0.0609375
0 0.2328125 0.365625 0.06796875 0.0609375
0 0.22734375 0.2796875 0.06796875 0.0609375
0 0.2265625 0.2 0.06796875 0.0609375
0 0.3171875 0.73046875 0.06796875 0.0609375
0 0.315625 0.653125 0.06796875 0.0609375
0 0.315625 0.56953125 0.06796875 0.0609375
0 0.3140625 0.484375 0.06796875 0.0609375
0 0.31015625 0.4015625 0.06796875 0.0609375
0 0.30703125 0.32578125 0.06796875 0.0609375
0 0.30546875 0.2453125 0.06796875 0.0609375
0 0.315625 0.89453125 0.06796875 0.0609375
0 0.315625 0.8109375 0.06796875 0.0609375
0 0.240625 0.8546875 0.06796875 0.0609375
0 0.390625 0.85234375 0.06796875 0.0609375
0 0.3921875 0.76953125 0.06796875 0.0609375
0 0.39375 0.6921875 0.06796875 0.0609375
0 0.390625 0.6125 0.06796875 0.0609375
0 0.390625 0.528125 0.06796875 0.0609375
0 0.38671875 0.45234375 0.06796875 0.0609375
0 0.38359375 0.36484375 0.06796875 0.0609375
0 0.38203125 0.28359375 0.06796875 0.0609375
0 0.38203125 0.20078125 0.06796875 0.0609375
0 0.3890625 0.9390625 0.06796875 0.0609375
0 0.4671875 0.8953125 0.06796875 0.0609375
0 0.4640625 0.81328125 0.06796875 0.0609375
0 0.4671875 0.7296875 0.06796875 0.0609375
0 0.465625 0.65078125 0.06796875 0.0609375
0 0.4625 0.56953125 0.06796875 0.0609375
0 0.4640625 0.48828125 0.06796875 0.0609375
0 0.4640625 0.409375 0.06796875 0.0609375
0 0.4640625 0.328125 0.06796875 0.0609375
0 0.4609375 0.2421875 0.06796875 0.0609375
0 0.45546875 0.1609375 0.06796875 0.0609375
0 0.46484375 0.975 0.0671875 0.05
0 0.54140625 0.93828125 0.06796875 0.0609375
0 0.54375 0.85546875 0.06796875 0.0609375
0 0.546875 0.78125 0.06796875 0.0609375
0 0.5421875 0.6984375 0.06796875 0.0609375
0 0.53828125 0.6125 0.06796875 0.0609375
0 0.53828125 0.5296875 0.06796875 0.0609375
0 0.53828125 0.365625 0.06796875 0.0609375
0 0.54140625 0.28671875 0.06796875 0.0609375
0 0.53671875 0.20859375 0.06796875 0.0609375
0 0.53515625 0.12265625 0.06796875 0.0609375
0 0.69296875 0.2890625 0.06796875 0.0609375
0 0.69453125 0.20859375 0.06796875 0.0609375
0 0.6203125 0.896875 0.06796875 0.0609375
0 0.62421875 0.81875 0.06796875 0.0609375
0 0.621875 0.7375 0.06796875 0.0609375
0 0.6171875 0.57265625 0.06796875 0.0609375
0 0.6171875 0.41328125 0.06796875 0.0609375
0 0.615625 0.32890625 0.06796875 0.0609375
0 0.6171875 0.2484375 0.06796875 0.0609375
0 0.615625 0.16328125 0.06796875 0.0609375
0 0.8484375 0.2078125 0.06328125 0.05546875
0 0.92890625 0.24921875 0.0625 0.05546875
0 0.775 0.25078125 0.065625 0.05859375
0 0.85078125 0.28984375 0.059375 0.046875
0 0.77109375 0.3296875 0.06171875 0.04921875
0 0.69453125 0.36953125 0.0625 0.053125
0 0.928125 0.33515625 0.06484375 0.05859375
0 0.85 0.375 0.0578125 0.046875
0 0.77109375 0.4140625 0.06484375 0.04921875
0 0.6984375 0.4546875 0.05859375 0.0484375
0 0.7703125 0.49765625 0.06015625 0.053125
0 0.85078125 0.459375 0.0609375 0.0546875
0 0.93203125 0.4140625 0.06171875 0.04921875
0 0.9265625 0.496875 0.06171875 0.0515625
0 0.85078125 0.5421875 0.0609375 0.059375
0 0.70078125 0.5359375 0.0640625 0.05390625
0 0.77421875 0.57421875 0.0578125 0.0515625
0 0.69609375 0.615625 0.06875 0.0546875
0 0.69140625 0.69453125 0.06328125 0.05078125
0 0.69609375 0.78125 0.0609375 0.0515625
0 0.696875 0.8578125 0.05859375 0.04921875
0 0.69921875 0.9421875 0.06015625 0.05234375
0 0.6203125 0.98046875 0.05703125 0.0375
0 0.775 0.82578125 0.05390625 0.0484375
0 0.775 0.66015625 0.065625 0.05625
0 0.775 0.740625 0.06171875 0.0515625
0 0.8453125 0.61875 0.0609375 0.0484375
0 0.92265625 0.5828125 0.0578125 0.0546875
0 0.85 0.70234375 0.0625 0.0515625
0 0.9296875 0.665625 0.06171875 0.0515625
0 0.85078125 0.784375 0.06640625 0.05625
0 0.92890625 0.75078125 0.06015625 0.05546875
0 0.928125 0.82734375 0.06484375 0.0484375
0 0.85390625 0.8703125 0.0625 0.05234375
0 0.775 0.90546875 0.059375 0.05
0 0.84921875 0.94921875 0.0640625 0.0578125
0 0.93203125 0.9140625 0.06484375 0.0609375
0 0.9296875 0.98671875 0.05703125 0.02578125
0 0.53984375 0.446875 0.06796875 0.0609375