0 0.9221395143606369 0.27961809983125363 0.1379248824054315 0.3083773360381265
0 0.9215220386708964 0.2764794630617785 0.14770267412854565 0.34601370373287815
0 0.7730402730670641 0.25981234009202103 0.14770267412854549 0.34601370373287815
0 0.6206932010407968 0.24229578327488768 0.14959272274906432 0.3522909772718285
0 0.8507216220055828 0.8431922613607904 0.14375880257724774 0.31361547727841915
0 0.15982762211712442 0.1881154289761119 0.15444399705932393 0.35549779788867963
0 0.6987463642036666 0.8348246079522237 0.14605828697341572 0.3303507840955525
0 0.4699086290145294 0.2248064999967047 0.1494289484388048 0.34916597727182863
0 0.5486611550222695 0.8259480344927038 0.1476207869734157 0.3444512037328785
0 0.08565986601268895 0.7826779066549776 0.14786644843880492 0.34913870373287814
0 0.040625 0.17032218262955987 0.08125 0.34031708279171563
0 0.39623219584087244 0.8099939776755705 0.14630394843880498 0.34911143019392765
0 0.0015879969477822688 0.7667062589284537 0.0031759938955645377 0.3427875178569074
0 0.24059634950434558 0.7955478737805364 0.14597639981828597 0.34286143019392784
0 0.3151768634106971 0.20803028287114592 0.14630394843880498 0.3491114301939279