0 0.9422166749048598 0.1929224682909763 0.11556665019028038 0.31108869171077375
0 0.9386460059314992 0.1899248022833651 0.12270798813700168 0.3488433596955513
0 0.8039075444862428 0.17853099893705476 0.14838173916276604 0.34922536167271767
0 0.6516765410262018 0.17264435595118338 0.15013524015134933 0.34528871190236676
0 0.925820920036306 0.7698643116749053 0.14506573817418306 0.344410527680329
0 0.19158661661563353 0.1554886546389047 0.1550482332312671 0.3109773092778094
0 0.7743074995800705 0.758039426807664 0.14519307216657165 0.3475355276803288
0 0.5009762040680634 0.16632537176851417 0.1500079061589606 0.33265074353702834
0 0.6237026631162237 0.7493077084423256 0.14831807216657183 0.34766286167271776
0 0.16023307072087803 0.7251525558177683 0.15000790615896048 0.3508515286689121
0 0.0645147806460784 0.14496233152093085 0.09465456129215681 0.2899246630418617
0 0.4715353266523771 0.7406396570731816 0.14694657315515497 0.3522866946765232
0 0.05022140075893411 0.7139842455513757 0.05613057216657173 0.34390650889724855
0 0.31624299018853036 0.7320989396964264 0.1450657381741829 0.3444105276803288
0 0.3450299515966055 0.16008597133108796 0.146309903193211 0.3201719426621759