0 0.14063861882988904 0.8287475041763512 0.23863190564770317 0.20812999164729754
0 0.14845111882988904 0.8284746856646968 0.25471154671393 0.22430062867060627
0 0.16935934923384774 0.6869766664274033 0.3048024749271754 0.2291716671451935
0 0.19178461553118376 0.5438615834877787 0.35810933135366607 0.23727683302444263
0 0.62998592682659 0.9289656927514551 0.35447220282385156 0.11227683302444262
0 0.3230547182632578 0.11649924727885219 0.38802415188677947 0.23299849455770438
0 0.6722439714954561 0.8492856272350255 0.3736434031404208 0.23469747004775102
0 0.22831784593514248 0.4018179272271764 0.37998433135366605 0.23804072485707445
0 0.7204959518994147 0.706832743206942 0.37529683135366587 0.2378770337500818
0 0.8426170605039836 0.27301575999716504 0.3147658789920328 0.23462305897782548
0 0.36221049498543506 0.04058530526481036 0.3619209899708701 0.08117061052962073
0 0.7703104323033735 0.5643252954765275 0.3767684031404208 0.2348065974524129
0 0.8678921936526516 0.12596714520637503 0.26421561269469684 0.22490082939624548
0 0.8177780164619382 0.4186655658949475 0.3644439670761237 0.23458834264308948
0 0.2764788981258558 0.2562400431990928 0.3783309031404207 0.23486116115474368