0 0.18984375 0.021148888954655755 0.0859375 0.03375052586424747
0 0.121875 0.07385870031656913 0.071875 0.08959134890464333
0 0.2296875 0.09105822367353412 0.06875 0.08012542069139797
0 0.290625 0.03033132383181869 0.078125 0.04602320533113406
0 0.3953125 0.04743991897553832 0.071875 0.07396634890464333
0 0.43125 0.13911059342785997 0.0765625 0.08347774122451139
0 0.496875 0.058207585906012604 0.0734375 0.080261813011266
0 0.590625 0.07812293230337346 0.0796875 0.08513116943775674
0 0.6921875 0.10842184923384775 0.0796875 0.08200616943775674
0 0.625 0.18146689264907248 0.08125 0.09455163354437941
0 0.5515625 0.2637050796378064 0.0875 0.09317098997087019
0 0.52734375 0.1575316359851549 0.078125 0.09446070533113407
0 0.4609375 0.24075566145369093 0.0953125 0.1027733105039835
0 0.32890625 0.10800769444407439 0.078125 0.07727320533113406
0 0.15546875 0.17405492860895677 0.084375 0.08839256175762475
0 0.79375 0.125439516164322 0.0875 0.09629598997087015
0 0.72109375 0.19988793520636733 0.075 0.08655727711788871
0 0.75234375 0.309390967338821 0.090625 0.10263691818411554
0 0.8203125 0.2293374059769076 0.0890625 0.09946645407749281
0 0.8484375 0.33406200989611584 0.0734375 0.095886813011266
0 0.915625 0.24929821648089115 0.0734375 0.081824313011266
0 0.878125 0.14117582792194677 0.075 0.08343227711788873
0 0.9703125 0.184483210212685 0.059375 0.09235263605166191
0 0.98359375 0.27705715511897777 0.0328125 0.10095474623907634
0 0.95 0.35264217682659016 0.0921875 0.08549488229073816
0 0.88984375 0.4376105587216169 0.0796875 0.08513116943775678
0 0.97265625 0.452520156372619 0.0546875 0.09690374373179385
0 0.6890625 0.3872371710206024 0.0828125 0.09147209765100203
0 0.7890625 0.41280312384445395 0.0703125 0.08017088479802066
0 0.590625 0.3679666823033735 0.090625 0.09326191818411544
0 0.49375 0.3417104076927672 0.0859375 0.10093802586424747
0 0.359375 0.22373799452321666 0.08125 0.0851766335443794
0 0.2625 0.19670046991261042 0.0765625 0.08035274122451135
0 0.19609375 0.27758074538114647 0.075 0.09280727711788872
0 0.2921875 0.2983455379384414 0.08125 0.08830163354437941
0 0.39296875 0.3239342228156043 0.090625 0.09794941818411544
0 0.625 0.46974814264907244 0.0796875 0.08513116943775678
0 0.528125 0.4489606180384662 0.0671875 0.0800799565847754
0 0.4328125 0.42899980753448264 0.0796875 0.07888116943775678
0 0.325 0.4032065341775176 0.071875 0.07709134890464338
0 0.2328125 0.38411790188677947 0.0734375 0.0771368130112661
0 0.0875 0.25332723997087014 0.0828125 0.08053459765100213
0 0.07265625 0.14742658095795466 0.046875 0.08105142319868044
0 0.0390625 0.332386602665567 0.046875 0.08417642319868043
0 0.12734375 0.3521428246897485 0.08125 0.0851766335443795
0 0.0609375 0.4384918501582845 0.0765625 0.09441524122451135
0 0.159375 0.4585435888755135 0.0859375 0.09625052586424747
0 0.25703125 0.47779134553943103 0.078125 0.09133570533113407
0 0.35234375 0.5008771560434147 0.090625 0.09326191818411544
0 0.4609375 0.5227869114536909 0.0953125 0.0902733105039836
0 0.5625 0.5452733283841652 0.078125 0.09289820533113406
0 0.6546875 0.5674869606749035 0.078125 0.09133570533113407
0 0.725 0.4859390954729241 0.071875 0.09427884890464319
0 0.8234375 0.5091158341901529 0.0734375 0.08026181301126592
0 0.92265625 0.5330965549606932 0.075 0.08655727711788863
0 0.95390625 0.6355683370931468 0.0828125 0.10240959765100222
0 0.85859375 0.6085762765891632 0.0765625 0.08191524122451135
0 0.78984375 0.6909508558977653 0.075 0.08968227711788863
0 0.759375 0.589283055818623 0.0828125 0.09147209765100221
0 0.72734375 0.7766322916328581 0.0828125 0.08678459765100204
0 0.69296875 0.6693820812871591 0.0796875 0.08044366943775678
0 0.0921875 0.5370573822907382 0.0765625 0.08504024122451134
0 0.19140625 0.5641631030612785 0.071875 0.08490384890464338
0 0.2921875 0.5835017879384414 0.0765625 0.08504024122451134
0 0.3953125 0.6068149189755383 0.0875 0.09473348997087001
0 0.48984375 0.6189404974262105 0.0734375 0.08338681301126609
0 0.59609375 0.6431258066765528 0.0734375 0.08182431301126591
0 0.88984375 0.7141730587216168 0.0796875 0.08356866943775679
0 0.92109375 0.8096135908540706 0.084375 0.08995506175762458
0 0.621875 0.7540322144358271 0.0828125 0.07897209765100204
0 0.03359375 0.6212899782923877 0.0671875 0.0894549565847754
0 0.0140625 0.5082216769596041 0.028125 0.09456835391920819
0 0.125 0.6419183785298145 0.090625 0.09169941818411545
0 0.2234375 0.6666576172470433 0.078125 0.08664820533113407
0 0.32734375 0.6845247303374518 0.0828125 0.09615959765100221
0 0.42734375 0.7077469331613033 0.0765625 0.08035274122451135
0 0.5296875 0.7271310821450889 0.0796875 0.08200616943775678
0 0.05703125 0.721190689891728 0.0734375 0.09119931301126591
0 0.16171875 0.7476742850354474 0.075 0.08030727711788863
0 0.2640625 0.7631521840192331 0.0765625 0.08504024122451134
0 0.36328125 0.7910391547897733 0.075 0.08655727711788863
0 0.4640625 0.8135028396669363 0.071875 0.08021634890464355
0 0.56171875 0.8288443463308539 0.078125 0.07571070533113407
0 0.6578125 0.8511716388881488 0.0640625 0.07373902837152997
0 0.74921875 0.8757062891255757 0.071875 0.07396634890464356
0 0.81875 0.791791941870285 0.075 0.08343227711788863
0 0.85546875 0.893641598375918 0.08125 0.0898641335443795
0 0.0140625 0.8011904269596041 0.028125 0.08988085391920819
0 0.08828125 0.8299124720241815 0.0796875 0.09919366943775679
0 0.18203125 0.8490465684215422 0.0828125 0.08678459765100185
0 0.2890625 0.8591921097251959 0.0703125 0.08017088479802084
0 0.39296875 0.8911217228156044 0.0671875 0.0769549565847754
0 0.48828125 0.9056137833195879 0.0765625 0.08504024122451134
0 0.584375 0.9287223258768826 0.0703125 0.08017088479802084
0 0.68671875 0.9512314748606684 0.0703125 0.07704588479802084
0 0.796875 0.9665619920159342 0.06875 0.0668760159681316
0 0.88359375 0.9763150767348125 0.0828125 0.047369846530374814
0 0.12421875 0.9161143964765032 0.065625 0.06753449247815269
0 0.225 0.9354530813536661 0.078125 0.07258570533113406
0 0.3265625 0.9563769982841404 0.0734375 0.07244931301126592
0 0.42109375 0.9723662280612786 0.0765625 0.055267543877442905
0 0.52734375 0.9829191147397609 0.0734375 0.034161770520478286
0 0.63125 0.9930131802583094 0.075 0.013973639483381105