0 0.8485829457452738 0.008446580989458214 0.07216589149054756 0.016893161978916427
0 0.9036067890312196 0.04601297619964172 0.07232042759490157 0.079491181824942
0 0.8759953943192181 0.13544023213114076 0.0723204275949012 0.07949118182494201
0 0.9050067043294809 0.2866379761996417 0.07232042759490157 0.07949118182494201
0 0.9311055960164204 0.2058681372643371 0.0723204275949012 0.07949118182494201
0 0.9515322463857627 0.3589785498119072 0.0723204275949012 0.07949118182494201
0 0.9293805113146816 0.44662047125672577 0.0723204275949012 0.07949118182494211
0 0.9702499092481369 0.5144327123594773 0.05950018150372607 0.07910917984777566
0 0.8937531252850828 0.7700234791653913 0.07232042759490157 0.07949118182494211
0 0.8709327279408026 0.6084148171121126 0.07232042759490157 0.07949118182494211
0 0.9466912520431034 0.6014207177966847 0.0723204275949012 0.07949118182494211
0 0.9839947675611974 0.673266542891825 0.03201046487760521 0.07802684091247088
0 0.9670345265381879 0.7520918798499633 0.06593094692362414 0.07942751482874755
0 0.8467987737095175 0.2210249050588342 0.0723204275949012 0.07949118182494201
0 0.7956039123713949 0.15200033243515193 0.0723204275949012 0.07949118182494201
0 0.7658249878997516 0.019508756388609588 0.07227497579950323 0.039017512777219175
0 0.8232153070833965 0.06257307650365287 0.0723204275949012 0.079491181824942
0 0.23872525770044417 0.8725130340689384 0.0723204275949012 0.07949118182494211
0 0.8653104835981432 0.8508888185949874 0.0723204275949012 0.07949118182494211
0 0.945761052879984 0.8444849682909762 0.0723204275949012 0.07949118182494175
0 0.3183491251868869 0.8583285172630244 0.0723204275949012 0.07949118182494175
0 0.4058082185710286 0.8477319154761386 0.0723204275949012 0.07949118182494211
0 0.4885616312370111 0.8342013146778358 0.0723204275949012 0.07949118182494211
0 0.5588604956983916 0.8289925498490882 0.0723204275949012 0.07949118182494211
0 0.6478184565689761 0.807394781066008 0.0723204275949012 0.07949118182494175
0 0.7274605047735779 0.7963352642600939 0.0723204275949012 0.07949118182494193
0 0.8133298270804807 0.7811148294694024 0.0723204275949012 0.07949118182494193
0 0.3719286431408678 0.9342888393924152 0.0723204275949012 0.07949118182494211
0 0.45077126062731043 0.9201361560845985 0.0723204275949012 0.07949118182494175
0 0.5335155829342133 0.9050430552862956 0.0723204275949012 0.07949118182494175
0 0.6217559263183551 0.8944146200013126 0.0723204275949012 0.07949118182494175
0 0.7013888841638772 0.8817926031953986 0.0723204275949012 0.07949118182494211
0 0.7864678661117006 0.8650415019028042 0.0723204275949012 0.07949118182494175
0 0.2930542093976464 0.9429727727002319 0.07232042759490129 0.07949118182494211
0 0.9001748003459011 0.5306426441844193 0.0723204275949012 0.07949118182494211
0 0.9206105410743233 0.6853155567319893 0.0723204275949012 0.07949118182494211
0 0.26873948974646333 0.7931465276431477 0.07232042759490129 0.07949118182494211
0 0.351488357232906 0.7788346768448451 0.07232042759490129 0.07949118182494211
0 0.43425540543750796 0.7676478260465422 0.0723204275949012 0.07949118182494211
0 0.5169906373853312 0.7509922252482395 0.0723204275949012 0.07949118182494211
0 0.5973957548717739 0.7367758749442285 0.0723204275949012 0.07949118182494211
0 0.6723321223582165 0.7227823591268976 0.0723204275949012 0.07949118182494211
0 0.759014510921898 0.7129988408381089 0.0723204275949012 0.07949118182494211
0 0.8394150832288009 0.6980012405340977 0.0723204275949012 0.07949118182494211
0 0.2947929296380047 0.7045641887078432 0.0723204275949012 0.07949118182494211
0 0.37208213748352703 0.6920376723962208 0.0723204275949012 0.07949118182494211
0 0.4556077097904298 0.6769127380998208 0.0723204275949012 0.07949118182494211
0 0.5414906676359521 0.6640360533091293 0.0723204275949012 0.07949118182494211
0 0.6242531706610143 0.6520679525108266 0.0723204275949012 0.07949118182494211
0 0.7015514688656161 0.6411039361992042 0.0723204275949012 0.07949118182494211
0 0.7819656767111385 0.6284500858951929 0.0723204275949012 0.07949118182494211
0 0.1300946253832786 0.7362810568063514 0.07232042759490129 0.07949118182494211
0 0.21362019769018148 0.7211561225099515 0.07232042759490129 0.07949118182494211
0 0.18049914636232162 0.803774962928131 0.07232042759490129 0.07949118182494211
0 0.16087192671113848 0.6537577168824636 0.07232042759490129 0.07949118182494211
0 0.24438840865896175 0.6370702825860637 0.07232042759490129 0.07949118182494211
0 0.32165943578632483 0.6214187662744413 0.0723204275949012 0.07949118182494211
0 0.40130148399092674 0.6103592494685273 0.0723204275949012 0.07949118182494211
0 0.4863850111182897 0.5943893981759331 0.0723204275949012 0.07949118182494211
0 0.5629111496819712 0.5850197153624078 0.0723204275949012 0.07949118182494211
0 0.6503566075274936 0.5720793635755219 0.0723204275949012 0.07949118182494211
0 0.7323287701934761 0.5585805962753163 0.0723204275949012 0.07949118182494211
0 0.815854342500379 0.5434556619789165 0.0723204275949012 0.07949118182494211
0 0.07423044476331524 0.6705724851712525 0.07232042759490125 0.07949118182494211
0 0.1073378605525557 0.585609894753073 0.07232042759490125 0.07949118182494193
0 0.1893191135776178 0.5736736274528674 0.07232042759490125 0.07949118182494211
0 0.27360775516636143 0.5553918596583702 0.07232042759490129 0.07949118182494211
0 0.35167821301188373 0.5428335098486506 0.07232042759490129 0.07949118182494211
0 0.434436170857406 0.5300841590503479 0.0723204275949012 0.07949118182494211
0 0.514832197984769 0.5143053087463368 0.0723204275949012 0.07949118182494211
0 0.5936748154712117 0.50015262543852 0.0723204275949012 0.07949118182494193
0 0.6756378877781146 0.48509135813831444 0.0723204275949012 0.07949118182494211
0 0.7623020956236368 0.4721828398495257 0.0723204275949012 0.07949118182494211
0 0.8443015293668583 0.4633715725493202 0.07232042759490157 0.07949118182494211
0 0.03397762860473245 0.6018834935742093 0.05041815651766242 0.07391234387822046
0 0.05303163475305252 0.5190564061217795 0.07232042759490127 0.07949118182494211
0 0.13576232152133594 0.5016195553234768 0.07232042759490129 0.07949118182494211
0 0.2098992582896194 0.48453287300424314 0.07232042759490129 0.07949118182494193
0 0.2934521016737611 0.4740954387078432 0.0723204275949012 0.07949118182494211
0 0.380125399878363 0.4627494204190544 0.07232042759490129 0.07949118182494211
0 0.46208847218526594 0.4476881531188489 0.0723204275949012 0.07949118182494211
0 0.6267958667990716 0.4175337850203406 0.0723204275949012 0.07949118182494193
0 0.7056248487468949 0.4010373517125238 0.0723204275949012 0.07949118182494211
0 0.7852714421310367 0.3907590849066099 0.0723204275949012 0.07949118182494201
0 0.8711453096174793 0.3763199001159183 0.0723204275949012 0.07949118182494211
0 0.6820822887366321 0.24961677315734251 0.0723204275949012 0.07949118182494201
0 0.7609158158639951 0.23390158984952572 0.0723204275949012 0.07949118182494201
0 0.08222371018321334 0.432690483194086 0.07232042759490127 0.07949118182494211
0 0.16104360177195698 0.41463154988626927 0.07232042759490129 0.07949118182494211
0 0.24223905961747927 0.40194586608416094 0.07232042759490129 0.07949118182494193
0 0.40775952048806374 0.3772284144875554 0.0723204275949012 0.07949118182494193
0 0.5685652102814093 0.3480144638795331 0.0723204275949012 0.07949118182494201
0 0.6528765777678519 0.3336389460850359 0.0723204275949012 0.07949118182494193
0 0.733272604895215 0.3178600957810248 0.0723204275949012 0.07949118182494201
0 0.8191464723816576 0.30342091099033325 0.0723204275949012 0.07949118182494201
0 0.7389221203151131 0.08007359429815003 0.06448065651766247 0.07448534684397005
0 0.6869232830792914 0.021818014297274983 0.06447156615858277 0.043636028594549965
0 0.7073544786281735 0.16106626772013505 0.06761474687674215 0.07617518083635884
0 0.6577266624695908 0.09275927810025839 0.05506929508134384 0.0678533448668037
0 0.6285391322189697 0.17990645102795183 0.05821247579950324 0.07110567885919243
0 0.6001055808911099 0.262334290457548 0.06133747579950324 0.07123301285158128
0 0.6010585059519283 0.030631940190717945 0.06761474687674199 0.06126388038143589
0 0.5718664305217676 0.10954221289094992 0.05506929508134384 0.06785334486680368
0 0.5450135599120669 0.19503138532435177 0.05979315651766228 0.0742943458553869
0 0.5149993278660479 0.27439789175014234 0.05819429508134384 0.06798067885919253
0 0.4607112827847038 0.21096940311884887 0.06132838544042354 0.06967051285158128
0 0.486769267855785 0.12316831418354424 0.06447156615858277 0.07292284684397003
0 0.5214164577473264 0.03489432309938334 0.05821247579950324 0.06978864619876668
0 0.4387039516972022 0.05479765756747319 0.06133747579950324 0.07123301285158128
0 0.4048061955488822 0.1382295814837498 0.06759656615858275 0.07305018083635884
0 0.4330180748409857 0.286334159050348 0.06448065651766229 0.07448534684397004
0 0.38340389422102233 0.22037091943047127 0.06131020472226432 0.06654551285158128
0 0.35342602361132164 0.30598742585626193 0.0660704275949013 0.07923651384016442
0 0.2753919272021178 0.3247957756659815 0.05822156615858276 0.07266817885919252
0 0.1879373789975159 0.3361736274528674 0.061337475799503195 0.07123301285158128
0 0.11065271633153342 0.3494813937644898 0.058194295081343925 0.06798067885919253
0 0.029457258486011117 0.3621670775665981 0.05507838544042356 0.06941584486680377
0 0.01197484269677067 0.44649299802283365 0.019095433645025476 0.06013900395433271
0 0.13204592730031367 0.2657775558177683 0.058167024004105096 0.06329317885919253
0 0.2975345719141195 0.2355913542211628 0.06448974687674199 0.07604784684397004
0 0.21634820442767672 0.24983953802327113 0.06133747579950315 0.07123301285158128
0 0.3283391443192182 0.157755514297275 0.05821247579950324 0.07110567885919253
0 0.3536386052879984 0.07389250886006753 0.06445338544042353 0.06979784684397003
0 0.24400505093507646 0.1682247820917721 0.06133747579950324 0.07123301285158128
0 0.27007212636523725 0.08198619315646746 0.06133747579950315 0.07123301285158128
0 0.16126072862817356 0.18331788289007486 0.06606133723582164 0.07767401384016441
0 0.1842073492378742 0.097987877947159 0.06446247579950319 0.07136034684397005
0 0.10771302693097133 0.1128263107606842 0.05823065651766242 0.07423067885919248
0 0.07536868042357164 0.1946320676807664 0.061337475799503174 0.07123301285158128
0 0.050859559813871004 0.28002573961987665 0.058194295081343925 0.06798067885919253
0 0.01608458401436782 0.21267641353615327 0.03011474687674203 0.07464717292769345
0 0.027294273905909227 0.12469891106469536 0.053552246876742024 0.0756021778706093
0 0.5456049541330892 0.4310007188224489 0.0723204275949012 0.07949118182494211