0 0.4746429552052021 0.056200621248732464 0.1352234104104042 0.11240124249746493
0 0.41065459186749587 0.2407808156357288 0.1383484104104042 0.12492987765916679
0 0.5873613050357929 0.22571559403673563 0.1258484104104042 0.12463893692972228
0 0.7673750287274337 0.21370263725538133 0.12097889988706054 0.12140483415618064
0 0.8693378890813681 0.39282513317131873 0.12401289462538863 0.11991506933854179
0 0.6987446680205632 0.40540113440558967 0.12373987884037305 0.1152275693385418
0 0.5226826969597586 0.4181044222089927 0.11896137357870132 0.11355596656499997
0 0.34827423116062556 0.432333842421215 0.13182539462538861 0.12009690729444458
0 0.22595336817585512 0.2529028751906248 0.12070588410204497 0.11671733415618064
0 0.16752476009982067 0.4451462329981596 0.12713789462538866 0.11998780452090294
0 0.19582260729957554 0.6220717556995832 0.12190436305535757 0.11050370174736131
0 0.36885058362205225 0.6110037030785413 0.12502936305535767 0.11057643692972227
0 0.5409152994211852 0.5968288342530899 0.11538134727034208 0.10567073138263901
0 0.71307102048199 0.5842164654276383 0.12364887357870132 0.11366506933854162
0 0.887479486281123 0.569987045215416 0.12181335779368574 0.1089412017473613
0 0.8155498203266983 0.7453338437523952 0.11198333148532669 0.10091049620027785
0 0.6473913545275654 0.7594177935998954 0.1169438472703419 0.10570709897381966
0 0.48079538872843236 0.773465375856215 0.11877936305535748 0.11043096656499998
0 0.3070771676676275 0.786114112272847 0.11868835779368574 0.10886846656500015
0 0.5811201543722735 0.9244628717721524 0.1247563472703419 0.10588893692972227