0 0.56796875 0.24765625 0.1203125 0.1265625
0 0.46640625 0.0625 0.1203125 0.125
0 0.7625 0.7625 0.1125 0.10625
0 0.6640625 0.42265625 0.11875 0.1203125
0 0.84296875 0.5921875 0.1171875 0.1125
0 0.74375 0.2375 0.11875 0.125
0 0.83671875 0.41640625 0.1140625 0.1234375
0 0.3171875 0.44296875 0.11875 0.1171875
0 0.49140625 0.43125 0.1171875 0.1125
0 0.671875 0.59921875 0.1125 0.1140625
0 0.39296875 0.2546875 0.1203125 0.125
0 0.503125 0.609375 0.1125 0.1125
0 0.596875 0.7671875 0.1125 0.1125
0 0.21015625 0.2625 0.1203125 0.121875
0 0.14140625 0.45 0.1171875 0.125
0 0.33203125 0.61875 0.1140625 0.1125
0 0.42890625 0.78046875 0.1203125 0.1109375
0 0.1578125 0.628125 0.11875 0.1125
0 0.26171875 0.7875 0.1171875 0.1125
0 0.52265625 0.9328125 0.1171875 0.109375