0 0.5066670113640857 0.06857936670087575 0.1397909772718286 0.13204995159900637
0 0.5900583896121443 0.25970888162979455 0.1444784772718286 0.13207722267624522
0 0.40649191315109456 0.25707826443793946 0.1304159772718286 0.13199540944452864
0 0.21974588961214425 0.25755446652792513 0.12723643019392786 0.12885222872636942
0 0.1328111310907276 0.44847438231716563 0.1303614301939279 0.12887040944452863
0 0.3093736310907276 0.44950159289316244 0.13025233603812653 0.12262040944452864
0 0.49141851786020274 0.4497793697259379 0.12397506249917604 0.12102154800821019
0 0.6726412443212524 0.45239635137917356 0.13661143019392785 0.12890677088084707
0 0.7815055499205699 0.2584787006170477 0.1271818831160271 0.1257272287263694
0 0.8601685178602028 0.4519246944687277 0.13348643019392803 0.12888859016268786
0 0.8483701270335379 0.6354684474937897 0.12704551542127546 0.1179147287263694
0 0.6686417167251124 0.6367668061996337 0.13017051542127547 0.11793290944452864
0 0.49054399026406265 0.6341680052645573 0.11915119480442442 0.11318177693097127
0 0.31240535349458753 0.6339129543294809 0.13022506249917623 0.12105790944452863
0 0.13116899026406265 0.6320772226762452 0.1270182418823252 0.11635222872636941
0 0.22109674067109975 0.8068368490414825 0.11594437418757346 0.10847609621281222
0 0.3960558303626742 0.8101987192583998 0.12071369480442443 0.11319086729005079
0 0.5694933303626742 0.8112077491162373 0.12392051542127547 0.11789654800821019
0 0.7491808303626742 0.8122531404103933 0.12389324188232535 0.11633404800821019
0 0.4809648441623919 0.9575135599120669 0.12808981818121906 0.0849728801758662