0 0.946875 0.5234375 0.10625 0.1453125
0 0.75859375 0.4265625 0.1390625 0.1515625
0 0.7671875 0.61875 0.1375 0.1390625
0 0.771875 0.8140625 0.134375 0.1328125
0 0.575 0.89609375 0.13125 0.1375
0 0.56875 0.7109375 0.1265625 0.1375
0 0.5625 0.51953125 0.1265625 0.13125
0 0.55546875 0.33046875 0.1328125 0.1453125
0 0.753125 0.2265625 0.128125 0.1328125
0 0.5484375 0.134375 0.1328125 0.140625
0 0.35703125 0.13671875 0.121875 0.1359375
0 0.3609375 0.32578125 0.121875 0.1390625
0 0.36875 0.5125 0.1171875 0.125
0 0.375 0.7 0.125 0.1375
0 0.38125 0.88828125 0.1203125 0.1328125
0 0.1953125 0.7859375 0.1125 0.121875
0 0.1890625 0.603125 0.1171875 0.1265625
0 0.18125 0.42109375 0.121875 0.1328125
0 0.175 0.2328125 0.1203125 0.1328125
0 0.040625 0.50703125 0.065625 0.1328125