0 0.9441708401401044 0.43835856738811063 0.11165831971979116 0.1749734237898611
0 0.7545485617390975 0.3688295601520214 0.18419708130638918 0.20316702283992144
0 0.8137820106366671 0.5670081105815628 0.17914590539458358 0.18729636137453215
0 0.8684188785121881 0.7688472495457147 0.1727504350298613 0.18071881275401314
0 0.6971822709889939 0.8878418317487474 0.17282317021222227 0.18384381275401332
0 0.6427817924561464 0.6961589427845954 0.16650043502986128 0.1803912641334943
0 0.5874909611497573 0.49974761024287845 0.164792464665139 0.17405937697836435
0 0.5298745636389585 0.3039946969684669 0.17456750816812522 0.1917381999091429
0 0.6966775910900348 0.16213914687760983 0.16958906743868063 0.1789925384437537
0 0.4730394161281598 0.10828272727162018 0.17420383225631966 0.17611319990914293
0 0.285685539703264 0.13825907507848506 0.1617765674386807 0.17858310266810493
0 0.3401405696228822 0.3322857140426371 0.1618129350298613 0.18014560266810492
0 0.39612173195131983 0.5248317401619189 0.15530836189159736 0.168880554047586
0 0.4505767618709381 0.718858379126071 0.1649379350298613 0.18030937697836436
0 0.5065942917905563 0.912659870533215 0.15857883225631966 0.1746802589335701
0 0.29885322055215346 0.8380953007682257 0.14891289152687515 0.1623030054270668
0 0.24372604340607693 0.6487152182265087 0.15534472948277794 0.1704430540475858
0 0.1886716014423615 0.46246013568479166 0.16170383225631957 0.17545810266810485
0 0.13343532152274326 0.26839255314307475 0.15854246466513905 0.17373182835784542
0 0.06887020735003521 0.5786882440071063 0.1148288322563196 0.1730014880142125