0 0.873433191894448 0.04168213618467589 0.08332623035529281 0.08044366943775674
0 0.7814661697685417 0.018108524677113234 0.08394266046291676 0.03621704935422647
0 0.7916887322173197 0.10491557356912129 0.07634848428423417 0.064636813011266
0 0.8830564408609909 0.13658545922507176 0.07976458271265799 0.07097774122451135
0 0.8789254048813454 0.24203147717176038 0.0780565334984459 0.06780727711788863
0 0.7965816317219817 0.3013813966095172 0.07663958271265763 0.07088681301126601
0 0.8885122665443351 0.3377160502121563 0.0749315334984459 0.06771634890464337
0 0.8936663393321954 0.4280682655724203 0.07834763192686936 0.07405727711788863
0 0.8905348771738677 0.5288040514657976 0.0752954065339754 0.0755288489046432
0 0.8049997915657258 0.48916254143666765 0.0877954065339754 0.07589256175762475
0 0.7101988678682428 0.4474500660472739 0.08652400496239884 0.08209709765100222
0 0.8031890425991831 0.3940318978631584 0.08764985731976367 0.07276756175762475
0 0.7088782704732767 0.3585466904204533 0.09462760339082213 0.08857441818411545
0 0.7997494811838625 0.19986436071613983 0.07209763192686935 0.07387542069139794
0 0.6954344704304954 0.060904812286350196 0.08169095574818712 0.07883570533113404
0 0.9000853515333045 0.6252698745061933 0.0896490049623985 0.08218802586424748
0 0.8124248397464804 0.5810090606369975 0.08132708271265798 0.07102320533113407
0 0.7182895419800106 0.6422624608744244 0.09597177956950453 0.08393238229073816
0 0.8093661521952583 0.6801823465303748 0.09277400496239885 0.08227895407749272
0 0.7177929282501062 0.7366800506078677 0.08735875889134022 0.06651756175762476
0 0.8144474503760127 0.7720970618906388 0.0764940334984459 0.06776181301126609
0 0.9064209346602471 0.7070056078131459 0.07820208271265798 0.07093227711788863
0 0.891170462162837 0.8166761245061934 0.0865240049623985 0.08209709765100186
0 0.8107894493425555 0.8673868298373275 0.09589900496239849 0.08236988229073816
0 0.726562152609543 0.833168605701575 0.07892982878371627 0.08655727711788863
0 0.6319966693587661 0.8031521482588697 0.07834763192686936 0.07405727711788863
0 0.6403849040572851 0.8910696854058884 0.08892125889134021 0.0665630258642473
0 0.6294111325505511 0.6073993790585399 0.08474318114108108 0.0773641335443795
0 0.6303314696064352 0.7048965046853605 0.07634848428423417 0.06463681301126592
0 0.6221316335840085 0.5124278598582099 0.08666955417661057 0.08522209765100222
0 0.6226646346174658 0.41722902012476676 0.09419095574818712 0.07919941818411544
0 0.6993641834173927 0.26129961738005736 0.07849318114108109 0.07718227711788864
0 0.7014596844508499 0.16605531353999142 0.07351458271265762 0.07079588479802065
0 0.6088205742356024 0.12818089199066365 0.08750430810555195 0.06964256175762476
0 0.6138654851128038 0.22087685735092757 0.08154540653397539 0.07571070533113407
0 0.6139317975615819 0.3199592150310595 0.09135705417661058 0.08535848997087019
0 0.5358452231210917 0.5726726895625235 0.07834763192686936 0.07405727711788863
0 0.5315815622438903 0.4799539921489481 0.07464043507002263 0.0614663489046432
0 0.5257554013666887 0.38728075884199564 0.07217040653397522 0.07543792069139794
0 0.5236364373463342 0.2820165973217977 0.0733690334984459 0.06767088479802066
0 0.5184095899513681 0.1932268819615338 0.0733690334984459 0.06767088479802066
0 0.6051391102152477 0.030742568488049356 0.07380568114108108 0.06148513697609871
0 0.5178767047147297 0.011771259633418447 0.07987159057054054 0.023542519266836894
0 0.5217229886274606 0.08858484606815646 0.07849318114108109 0.07718227711788868
0 0.42506846650155394 0.05316783478538537 0.08913958271265762 0.07125052586424747
0 0.43082185277164964 0.14740356809233796 0.08950345574818694 0.07906302586424747
0 0.43657523904174517 0.24163930139929052 0.08452485731976367 0.07267663354437941
0 0.4399848753118409 0.33594323086617706 0.08659677956950454 0.08365959765100203
0 0.44682772663574843 0.44028975006650695 0.08369010339082213 0.08825616943775678
0 0.4500554263880794 0.5384999295333935 0.08608735731976366 0.07272209765100221
0 0.45212088647949267 0.6281618231069028 0.08452485731976367 0.0726766335443795
0 0.5454320847840816 0.6683572626029193 0.08579625889134021 0.06647209765100222
0 0.5487689464470713 0.7642236920698059 0.07493153349844608 0.0677163489046432
0 0.5512881708065082 0.8608941035900038 0.08125430810555194 0.06946070533113406
0 0.4616948238258267 0.9251361115075627 0.09909677956950454 0.0840233105039836
0 0.4647535113770488 0.8259628256141853 0.07663958271265763 0.07088681301126591
0 0.37062467576890684 0.7865713681714801 0.08445208271265772 0.0711141335443795
0 0.45832803701761193 0.729406074360544 0.08474318114108108 0.0773641335443795
0 0.2745694671252357 0.7550378748353979 0.08005568114108108 0.07722774122451134
0 0.36721503949881124 0.6922674387045936 0.07522263192686944 0.07396634890464338
0 0.34049010525284895 0.11024220038307612 0.07820208271265772 0.07093227711788871
0 0.3406291923087329 0.20776205806320808 0.07954625889134022 0.06629024122451135
0 0.3470182793646168 0.3051000593168493 0.07820208271265772 0.07093227711788871
0 0.35173570450984193 0.40482727467711327 0.08808650496239875 0.08214256175762476
0 0.3631761646012551 0.4942163836108865 0.07805653349844607 0.06780727711788863
0 0.3677480405322685 0.5970685989711504 0.076494033498446 0.06776181301126591
0 0.3731075128247908 0.8840230296916782 0.07678513192686935 0.07401181301126628
0 0.2908365142725328 0.9418104491294349 0.08481595574818694 0.0789266335443795
0 0.2699612038906694 0.6529669094751339 0.07224318114108116 0.07700042069139812
0 0.2454708577340483 0.07321722499368236 0.08339900496239867 0.08200616943775674
0 0.34545589516143577 0.02178458871091127 0.09266268899896399 0.04356917742182254
0 0.2502974447899323 0.17060069035394626 0.0851070541766104 0.0851766335443794
0 0.252853056452922 0.2664898518741442 0.07976458271265771 0.07097774122451135
0 0.26147673159814716 0.36610340696785143 0.08779540653397522 0.07589256175762475
0 0.26552206865403105 0.4635096043814267 0.07514985731976358 0.07240384890464338
0 0.271911155709915 0.5608476056350679 0.07678513192686945 0.07401181301126591
0 0.15559287448327136 0.04306437523110921 0.06097604135632886 0.036102636051661884
0 0.1600384718782375 0.13187682264468445 0.084306533498446 0.06798913354437941
0 0.16226659780925087 0.23479723416488238 0.07663958271265772 0.07088681301126601
0 0.17178068486513481 0.3320443072052782 0.07820208271265772 0.07093227711788863
0 0.17035727192101874 0.4296096289920329 0.08125430810555186 0.06946070533113406
0 0.17440260897690263 0.5270158264056082 0.07493153349844599 0.06771634890464337
0 0.18569751985410413 0.6195299353393814 0.07053513192686944 0.0738299565847754
0 0.18832590612419972 0.7138565968595794 0.06824488585581086 0.058159492478152684
0 0.18804761621561294 0.8035866865930226 0.06868153349844604 0.06753449247815269
0 0.28377533912730774 0.8421514299291051 0.07820208271265772 0.07093227711788899
0 0.19734337945017927 0.9055212596334185 0.08467040653397531 0.0758016335443795
0 0.06828977357364854 0.09163591904204534 0.08474318114108115 0.0773641335443794
0 0.06593956141532076 0.1923489728821113 0.09389985731976358 0.07294941818411549
0 0.07187488420318103 0.2826784561890639 0.08005568114108116 0.07722774122451134
0 0.08909230934840615 0.38204195869634633 0.07634848428423431 0.064636813011266
0 0.08585168527941955 0.48512149458972365 0.06995293507002258 0.061329956584775226
0 0.09487562076372691 0.576141299683431 0.07820208271265772 0.07093227711788863
0 0.09750400703382253 0.6704679612036288 0.0747859842842343 0.06459134890464338
0 0.1022942067861535 0.7686326765638927 0.07166098428423431 0.06450042069139794
0 0.10742900889584935 0.8761496598708453 0.07791098428423426 0.06468227711788863
0 0.10900431741568599 0.959584285497666 0.07991013192686944 0.07410274122451135
0 0.012874527502589984 0.24791466277383917 0.025749055005179967 0.06042067445232169
0 0.01775892659296719 0.3461475742940371 0.03551785318593438 0.07332985141192579
0 0.02011763916557975 0.4444486819741691 0.0402352783311595 0.07047763605166182
0 0.021168562863062818 0.5357640037609237 0.042337125726125635 0.07534699247815269
0 0.023808738525016592 0.6378349691211875 0.047617477050033184 0.07070495658477541
0 0.02771175744585269 0.7382752383215175 0.05542351489170538 0.07075042069139795
0 0.026418931143335756 0.8224911139483382 0.05283786228667151 0.061148100158284535
0 0.029150075064171853 0.9253205972552907 0.058300150128343706 0.06583560015828453