0 0.8640625 0.88359375 0.271875 0.159375
0 0.85703125 0.88125 0.2859375 0.171875
0 0.8421875 0.7421875 0.315625 0.171875
0 0.82265625 0.6 0.340625 0.1734375
0 0.34609375 0.94921875 0.33125 0.1015625
0 0.73203125 0.1671875 0.3484375 0.1796875
0 0.3171875 0.84296875 0.3359375 0.1703125
0 0.7921875 0.4578125 0.340625 0.1734375
0 0.28515625 0.7015625 0.3359375 0.171875
0 0.184375 0.26875 0.3375 0.171875
0 0.70546875 0.059375 0.3390625 0.09375
0 0.253125 0.559375 0.3390625 0.16875
0 0.1609375 0.1234375 0.3203125 0.16875
0 0.21953125 0.4140625 0.3328125 0.16875
0 0.76171875 0.3125 0.340625 0.1703125