0 0.6359375 0.071875 0.1578125 0.109375
0 0.68359375 0.26484375 0.178125 0.165625
0 0.496875 0.2015625 0.165625 0.1609375
0 0.30625 0.14296875 0.159375 0.15625
0 0.17265625 0.30546875 0.1625 0.15625
0 0.3546875 0.36328125 0.159375 0.15
0 0.53984375 0.42265625 0.153125 0.1484375
0 0.72421875 0.48359375 0.1703125 0.15625
0 0.87890625 0.32578125 0.1578125 0.153125
0 0.91484375 0.54453125 0.165625 0.1578125
0 0.8609375 0.725 0.1578125 0.1453125
0 0.67734375 0.6671875 0.159375 0.146875
0 0.4953125 0.60703125 0.1484375 0.1390625
0 0.3125 0.54921875 0.159375 0.1484375
0 0.1296875 0.4890625 0.1546875 0.14375
0 0.18125 0.69296875 0.14375 0.134375
0 0.359375 0.7515625 0.15 0.1390625
0 0.53515625 0.81015625 0.1546875 0.1453125
0 0.71875 0.86875 0.153125 0.14375
0 0.41015625 0.9359375 0.15625 0.128125