0 0.3103310608996949 0.258241608252186 0.16362720862983943 0.3662847428284238
0 0.42021245856333234 0.8344717476377472 0.16464413935036717 0.33105650472450565
0 0.7262889623242561 0.8203150223173367 0.16344535220334855 0.3593699553653266
0 0.26579774320306837 0.8410912806700391 0.17034857007089493 0.3178174386599217
0 0.8746893584050477 0.797733249621482 0.16238295737619807 0.377167679126093
0 0.9724278956185733 0.7852283043381381 0.05514420876285335 0.3556349303072194
0 0.46688493778015683 0.24731901033643705 0.16974081630997126 0.3618154976377473
0 0.11848247400273852 0.8504637914698122 0.14310410847155475 0.2990724170603755
0 0.15618913017916713 0.27158980172143127 0.1811784214828208 0.37938494355406327
0 0.9121232299417403 0.2066742292030618 0.15549645988348076 0.35507442431676955
0 0.7711488889546556 0.21657996414211939 0.1713942445232167 0.3649950613400782
0 0.04414377124539394 0.2832862151536097 0.08255906505633007 0.3696974303072194
0 0.6169614941275052 0.22836565761136463 0.16964988809672582 0.35869049763774735
0 0.5746953700835302 0.8301414009031246 0.16505331630997128 0.33971719819375074