0 0.2594910087754886 0.07503986485416404 0.1830973079967011 0.11823289129415604
0 0.22940738902116276 0.27674326541989813 0.22153533386094856 0.2043794695529872
0 0.42122046747183495 0.18111208197126435 0.20568301332783517 0.19647606596219105
0 0.6175846536026391 0.09222736485416402 0.19920569279472175 0.18445472970832805
0 0.779580885260239 0.24073550420341244 0.20246708511458972 0.19333288524403186
0 0.5926144311827463 0.33087066657480735 0.1975068004748536 0.18393061416679296
0 0.4009377450519421 0.42181435002344114 0.18964883636823107 0.182322662371395
0 0.21229513070789255 0.5158648527539157 0.21027958511458983 0.19337833703942983
0 0.06314119451058138 0.36914036455957644 0.12628238902116276 0.18359427088084707
0 0.058927404460568954 0.6050824097391162 0.11785480892113791 0.18358518052176756
0 0.09723946588898932 0.7922687923508696 0.19268290815498562 0.17921584308955402
0 0.2833792058598595 0.7037006751590144 0.19741587226160834 0.18080561416679294
0 0.4711951060972863 0.6112172176080797 0.18308058762187224 0.17134880093507654
0 0.6597240601747791 0.5210729648776051 0.19746133636823107 0.18236811416679294
0 0.8475172283588946 0.42937075732667046 0.1910749440483631 0.17764425273047452
0 0.8159931290585399 0.6537349530719443 0.17825669530200408 0.16663402985783762
0 0.632932924981047 0.7438473895456402 0.18464308762187223 0.17135789129415607
0 0.4530204529568656 0.8331603953011768 0.19268290815498562 0.17921584308955402
0 0.2638921053058635 0.9170591932111911 0.18910326708875883 0.16357266237139498
0 0.6001562142396366 0.9307252208295335 0.1848871285298145 0.12605448165323557