0 0.4630223004295413 0.04794888276213931 0.15416960085908257 0.09589776552427862
0 0.576591234734852 0.21936500345856108 0.16378361827193721 0.14920637023308564
0 0.38432184757972226 0.22451383884525633 0.15120173111680738 0.1472073606144387
0 0.18909123473485204 0.2328968016366133 0.14478795680654793 0.14386410580511527
0 0.12457279059146027 0.4355158593484944 0.1493116824962884 0.14090279691210786
0 0.30968809701389544 0.42826881062228794 0.14906602103089917 0.13621529691210785
0 0.5010943470138953 0.4215847570867581 0.14281602103089916 0.1359970421027846
0 0.6901568470138953 0.41498254910472454 0.1572060696514182 0.14273811542376222
0 0.7765093475797223 0.21081834956021153 0.14446040818602893 0.13761410580511538
0 0.8870727905914603 0.40888877261103673 0.1525185696514182 0.14257442431676956
0 0.901010217094855 0.6001586133552095 0.14725785956551007 0.1314732332097769
0 0.7120705478275495 0.609104571337243 0.1503828595655099 0.1315823606144388
0 0.5252699106724197 0.6140624337657805 0.13607469810012063 0.1264037872934612
0 0.3378108542499846 0.621391328045483 0.14898413387576942 0.13465279691210802
0 0.14952960424998465 0.6279662541763512 0.14405097241038015 0.12980160580511538
0 0.2677041514001656 0.8069865768643567 0.13114153663473135 0.12155259618646852
0 0.45047570782260077 0.7998213736916465 0.13763719810012062 0.12645835099579195
0 0.6325888449777305 0.7950272023701019 0.1441328595655099 0.13136410580511537
0 0.8208700949777304 0.7884522762392339 0.14405097241038015 0.12980160580511538
0 0.5596537132496676 0.9415872330401409 0.13805992198083886 0.07500497840045384