0 0.0765625 0.728125 0.1125 0.303125
0 0.0796875 0.7328125 0.1203125 0.340625
0 0.20625 0.74921875 0.153125 0.3421875
0 0.35234375 0.76484375 0.1546875 0.3453125
0 0.11171875 0.16875 0.1484375 0.3375
0 0.7953125 0.80859375 0.159375 0.334375
0 0.2578125 0.18515625 0.15 0.3390625
0 0.49765625 0.7828125 0.1546875 0.34375
0 0.403125 0.2 0.1515625 0.3390625
0 0.8484375 0.2421875 0.153125 0.3421875
0 0.93359375 0.81953125 0.1328125 0.3015625
0 0.54921875 0.21484375 0.1515625 0.34375
0 0.96015625 0.26328125 0.0796875 0.34375
0 0.6984375 0.22890625 0.15 0.3390625
0 0.64765625 0.8 0.1515625 0.3453125