0 0.0794692919755014 0.2808550902608838 0.1318879706353832 0.31630677693097126
0 0.08237596815418383 0.276185770979043 0.1414470612059238 0.3538522287263694
0 0.2136066974760194 0.2597664063212707 0.17596761042013548 0.357177216626121
0 0.36444145140496087 0.24502317115199362 0.17767565963434712 0.36031130698520064
0 0.14238690053361008 0.8434366430521767 0.1676799214211715 0.3131267138956467
0 0.8224508504953381 0.20160653190094102 0.18178096277750022 0.34783857806243945
0 0.2935491401945279 0.8348886052879984 0.17167821670644176 0.33022278942400335
0 0.5143494061196906 0.22715039080317673 0.1775301104201354 0.35718630698520054
0 0.4424404044625515 0.8282891473442803 0.17389568817039452 0.3434217053114395
0 0.9053556273742462 0.7909917396482674 0.1759676104201354 0.35717721662612123
0 0.9444413587675056 0.19142807688408908 0.11111728246498878 0.3131545058537325
0 0.5957280703021517 0.8173077581914235 0.1744051104201354 0.3571681262670413
0 0.9847753761359013 0.7712746581679824 0.03044924772819755 0.35658634328594585
0 0.7497242115346461 0.8033639537403057 0.17269706120592368 0.3540340359079618
0 0.6697624981379733 0.21009067671113849 0.17455065963434713 0.3602931262670414