0 0.243625220177291 0.7987113660062161 0.33281511284152787 0.1497304420993359
0 0.2158873055677426 0.5151561573625448 0.34386171561506956 0.15492736434907678
0 0.23134603856590222 0.6556891120772745 0.3296901128415278 0.14958489288512417
0 0.19465396409645813 0.22037235029045027 0.3422992156150696 0.15485458974197108
0 0.20524335913871497 0.3689361288264975 0.334450348023889 0.15292821670644177
0 0.25065385733576306 0.9326133310600279 0.335358231382639 0.12487599131354762
0 0.17465320146302077 0.0738077193970381 0.33899237765916673 0.14689654052775933
0 0.7997674238245132 0.7103763804836365 0.3406639804327085 0.15165681513486504
0 0.7654425088337152 0.02746991273922831 0.3378649823325695 0.05493982547845662
0 0.790704161191076 0.5633023273404835 0.3409912887533334 0.1657193151348652
0 0.7674024394951735 0.12267948139325938 0.3394651563445141 0.16720904052775937
0 0.7647469521286109 0.27029934408970646 0.3486946859797918 0.16139568817039446
0 0.7659977147620483 0.4177372702683888 0.3488037887533334 0.16608318817039452
0 0.7948954730270825 0.8526366550907424 0.3596321859797918 0.1619051104201354