0 0.0765625 0.23046875 0.09375 0.278125
0 0.078125 0.22734375 0.0984375 0.3125
0 0.2171875 0.2234375 0.0984375 0.3125
0 0.35859375 0.2203125 0.1 0.3171875
0 0.078125 0.76796875 0.0953125 0.309375
0 0.7890625 0.20703125 0.1046875 0.321875
0 0.21875 0.7640625 0.096875 0.3109375
0 0.49921875 0.21640625 0.1 0.3140625
0 0.359375 0.76171875 0.0984375 0.3109375
0 0.790625 0.759375 0.0984375 0.3140625
0 0.9328125 0.2 0.0984375 0.3171875
0 0.5015625 0.76015625 0.096875 0.315625
0 0.9359375 0.75546875 0.096875 0.315625
0 0.64609375 0.759375 0.096875 0.309375
0 0.64375 0.2125 0.096875 0.315625