0 0.7469657739715752 0.18211878618450547 0.13134068973237767 0.3356652623244719
0 0.4554809588427128 0.21375604703863932 0.13668328697341572 0.3484109237898612
0 0.6003397574632319 0.19993148518913725 0.13430191542211817 0.33270403663473136
0 0.1549929579382017 0.25365618724598676 0.13495701266315616 0.34520403663473137
0 0.30716961160167483 0.23399438319840088 0.13454757688750743 0.33739153663473137
0 0.8970033955228727 0.16403434701592506 0.1315044640426372 0.3280686940318501
0 0.03339899819097769 0.2621790954320157 0.06679799638195538 0.3381418091359686
0 0.75251981739217 0.745120075194086 0.13331262550802628 0.3435596494796016
0 0.03798916440606533 0.8452439009499397 0.07597832881213067 0.30852955223856354
0 0.6026050265735671 0.7662215485089774 0.1472932383528967 0.3427341338757694
0 0.15446409769532324 0.8286628312985215 0.14811875395672888 0.32875352103089917
0 0.3015404935568803 0.8022563822938897 0.1414526741285454 0.3502190852552502
0 0.4519056637286968 0.7725611589789985 0.14614017412854546 0.35046474672063965
0 0.8953181490293758 0.7111467876548435 0.14202588421445342 0.3611565852552506